0
1
2
0
0
2
3
4
0
5
6
7
0
8
9
0
2
3
10
11
12
0
5
6
7
13
14
0
5
6
7
15
16
17
18
19
20
0
5
6
7
21
22
0
5
6
7
23
24
25
26
27
28
29
30
31
32
33
34
35
36
37
38
39
40
0
1
2
41
42
43
44
0
5
6
7
27
33
34
35
0
5
6
7
41
42
43
44
0
5
6
7
27
33
34
35
45
46
47
48
49
0
5
6
7
50
51
52
53
2
3
4
11
54
55
56
57
58
59
60
61
62
2
63
64
65
2
3
4
11
54
55
58
59
60
66
67
68
69
70
71
2
3
4
11
55
58
59
60
66
67
68
69
70
71
2
3
11
72
73
74
75
76
2
77
78
2
11
61
72
73
2
11
61
79
80
81
82
2
83
84
2
3
4
85
86
2
4
55
59
2
3
4
54
56
58
60
66
87
88
89
90
91
92
2
61
93
94
2
3
95
96
2
3
4
54
55
56
58
59
60
2
3
4
54
56
58
60
2
97
98
2
99
100
2
3
58
101
102
3
54
56
58
103
3
4
104
105
3
11
106
107
3
4
11
80
108
3
4
11
109
110
3
72
73
3
4
72
85
111
112
113
3
114
115
3
4
11
80
108
116
117
3
11
118
119
120
3
121
122
123
124
3
11
119
120
3
11
118
125
126
127
128
3
72
73
85
3
11
85
119
120
3
10
72
73
3
129
130
3
129
130
131
132
3
4
11
12
133
134
3
4
11
12
61
66
67
69
70
133
134
135
3
3
11
54
56
136
137
3
58
90
103
138
139
3
54
56
58
90
103
138
139
140
3
11
58
101
102
141
142
3
58
125
143
3
11
144
145
4
11
55
57
59
61
62
4
55
59
4
58
103
136
137
4
72
146
4
12
72
147
4
58
68
72
146
148
4
149
150
5
13
14
5
6
7
15
16
17
18
19
20
5
6
7
5
151
5
13
14
27
33
34
35
5
6
7
152
153
5
151
154
155
5
13
14
156
157
158
159
5
6
7
50
51
52
53
9
160
9
160
161
162
9
15
16
160
9
160
163
164
165
9
160
163
166
9
123
160
167
9
160
168
169
10
61
148
170
171
11
72
73
11
66
101
102
148
11
55
59
11
12
81
119
120
11
12
69
70
81
172
173
174
11
118
136
137
11
175
11
55
59
148
176
11
12
69
70
81
89
90
91
92
172
173
174
11
33
34
35
175
177
178
179
180
181
12
61
85
124
182
183
184
12
185
186
12
72
73
12
81
148
187
188
189
15
16
15
16
123
167
15
16
190
191
15
16
17
18
19
20
15
16
152
192
15
16
152
190
191
192
15
16
41
42
43
44
15
16
17
18
193
194
15
16
17
18
19
20
195
196
197
198
199
200
201
15
16
17
18
19
20
33
34
35
202
203
204
15
16
152
153
15
16
17
18
19
20
27
33
34
35
177
179
202
205
206
207
208
15
16
17
18
19
20
23
24
25
26
33
34
35
40
180
181
202
203
204
209
15
16
17
18
19
20
33
34
35
177
178
179
180
181
202
207
15
16
17
18
19
20
28
29
30
31
33
34
35
177
179
202
207
15
16
17
18
19
20
33
34
35
177
179
202
207
15
16
17
18
19
20
33
34
35
202
210
211
212
15
16
17
18
19
20
213
214
15
16
17
18
19
20
21
22
197
198
15
16
17
18
19
20
33
34
35
177
178
179
180
181
15
16
17
18
19
20
33
34
35
202
215
216
15
16
51
52
53
15
16
17
18
19
20
28
29
30
31
33
34
35
177
179
180
181
202
205
206
207
208
17
18
19
20
19
20
27
33
34
35
217
20
218
21
22
21
22
219
220
21
22
124
221
21
22
190
191
21
22
219
220
222
223
21
22
224
225
21
22
119
120
21
22
226
227
21
22
168
169
226
227
21
22
90
228
229
230
231
21
22
232
233
234
235
236
21
22
27
33
34
35
21
22
219
220
222
223
237
21
22
238
239
21
22
224
225
240
21
22
241
242
21
22
243
244
21
22
245
246
247
248
249
250
251
21
22
23
24
25
26
40
21
22
33
34
35
177
179
202
207
210
211
245
246
247
248
249
250
251
252
21
22
235
236
23
24
25
26
40
47
48
49
238
253
254
255
256
257
258
259
23
24
25
26
40
23
24
25
26
28
29
30
31
40
196
260
261
262
263
264
23
24
25
26
40
47
48
49
238
259
23
24
25
26
28
29
30
31
33
34
35
40
196
202
260
261
262
263
264
265
266
267
268
23
24
25
26
28
29
30
31
40
263
264
23
24
25
26
28
29
30
31
40
196
260
261
262
267
268
23
269
270
271
23
24
25
26
28
29
30
31
40
47
48
49
196
238
253
254
255
256
257
258
259
260
261
262
23
24
25
26
40
47
48
49
238
253
258
259
272
273
23
24
25
26
28
29
30
31
40
196
260
261
262
23
24
25
26
32
36
37
38
39
40
47
48
49
238
253
258
259
272
273
274
275
276
277
23
24
25
26
40
47
48
49
238
253
258
259
274
275
23
24
25
26
28
29
30
31
40
195
196
199
200
201
260
261
262
263
264
23
24
25
26
32
36
37
38
39
40
47
48
49
238
253
258
259
272
273
276
277
23
24
25
26
28
29
30
31
40
47
48
49
196
238
253
258
259
260
261
262
272
273
23
24
25
26
40
47
48
49
238
253
258
259
23
24
25
26
33
34
35
40
202
215
216
278
279
23
24
25
26
40
47
48
49
238
253
258
259
272
273
274
275
23
24
25
26
28
29
30
31
40
280
281
23
24
25
26
27
28
29
30
31
33
34
35
40
177
179
180
181
202
207
209
263
264
23
24
25
26
33
34
35
40
202
203
204
23
24
25
26
32
36
37
38
39
40
47
48
49
238
253
258
259
272
273
23
24
25
26
28
29
30
31
40
196
260
261
262
263
264
267
268
282
283
23
269
271
23
24
25
26
33
34
35
40
177
179
180
181
284
23
24
25
26
28
29
30
31
40
47
48
49
196
238
253
258
259
260
261
262
23
24
25
26
40
47
48
49
253
258
23
24
25
26
28
29
30
31
40
47
48
49
196
238
253
258
259
260
261
262
274
275
23
24
25
26
28
29
30
31
40
47
48
49
196
238
259
260
261
262
285
286
287
23
24
25
26
33
34
35
40
47
48
49
177
178
179
180
181
24
47
48
49
256
257
288
24
47
48
49
238
256
257
259
288
24
33
34
35
47
48
49
177
178
179
180
181
256
257
288
24
256
257
288
24
47
48
49
238
253
256
257
258
259
272
273
276
277
288
24
32
36
37
38
39
47
48
49
238
253
256
257
258
259
272
273
276
277
288
24
47
48
49
238
253
256
257
258
259
288
24
28
29
30
31
47
48
49
238
253
256
257
258
259
263
264
288
24
33
34
35
177
179
202
207
256
257
288
24
32
36
37
38
39
47
48
49
238
253
256
257
258
259
272
273
288
24
28
29
30
31
32
36
37
38
39
47
48
49
238
253
256
257
258
259
263
264
272
273
288
24
28
29
30
31
32
36
37
38
39
47
48
49
238
256
257
259
263
264
288
24
28
29
30
31
47
48
49
238
256
257
259
263
264
288
27
33
34
35
27
32
33
34
35
36
37
38
39
47
48
49
238
253
258
259
272
273
276
277
27
28
29
30
31
33
34
35
47
48
49
196
238
253
258
259
260
261
262
272
273
27
32
33
34
35
36
37
38
39
195
196
199
200
201
289
290
27
33
34
35
217
27
33
34
35
177
179
202
207
27
28
29
30
31
33
34
35
177
179
202
205
206
207
208
263
264
289
290
27
33
34
35
177
179
202
205
206
207
208
289
290
27
33
34
35
177
179
180
181
202
207
209
27
33
34
35
202
203
204
215
216
27
33
34
35
177
179
202
207
289
290
27
32
33
34
35
36
37
38
39
177
179
180
181
27
33
34
35
177
178
179
180
181
284
289
290
291
292
293
294
295
296
297
298
299
27
33
34
35
177
178
179
180
181
284
289
290
291
292
293
294
295
296
297
27
32
33
34
35
36
37
38
39
177
179
180
181
202
207
217
300
301
27
28
29
30
31
33
34
35
177
179
180
181
196
260
261
262
284
28
29
30
31
28
29
30
31
262
263
264
28
31
201
262
28
29
30
31
263
264
28
29
30
31
302
303
28
29
30
31
304
305
306
28
29
30
31
196
260
261
262
263
264
28
29
30
31
196
260
261
262
28
29
30
31
196
260
261
262
263
264
267
268
28
31
262
28
29
30
31
47
48
49
196
238
253
258
259
260
261
262
28
29
30
31
47
48
49
196
238
259
260
261
262
272
273
28
29
30
31
47
48
49
196
253
258
260
261
262
272
273
301
307
28
29
30
31
195
196
199
200
201
28
29
30
31
47
48
49
196
238
253
258
259
260
261
262
272
273
28
29
30
31
47
48
49
196
238
253
258
259
260
261
262
276
277
28
29
30
31
32
36
37
38
39
47
48
49
253
258
28
29
30
31
47
48
49
238
253
258
259
285
286
287
28
29
30
31
47
48
49
196
238
253
254
255
256
257
258
259
260
261
262
285
286
287
28
29
30
31
33
34
35
177
179
180
181
196
202
207
260
261
262
263
264
274
275
28
29
30
31
197
198
28
29
30
31
33
34
35
177
179
202
207
263
264
28
29
30
31
168
169
196
260
261
262
308
309
28
29
30
31
33
34
35
177
179
202
28
29
30
31
196
238
253
258
259
260
261
262
272
273
28
29
30
31
195
196
199
200
201
260
261
262
28
29
30
31
33
34
35
177
178
179
180
181
202
207
263
264
28
29
30
31
33
34
35
177
179
180
181
202
215
216
284
28
29
30
31
33
34
35
177
179
196
202
207
260
261
262
28
29
30
31
33
34
35
202
215
216
263
264
289
290
28
29
30
31
33
34
35
177
178
179
180
181
196
202
207
260
261
262
28
29
30
31
33
34
35
177
179
180
181
196
260
261
262
284
28
29
30
31
33
34
35
177
179
180
181
202
205
206
208
252
263
264
284
28
29
30
31
33
34
35
177
179
202
207
28
29
30
31
47
48
49
196
238
259
260
261
262
276
277
310
28
29
30
31
33
34
35
177
179
180
181
196
202
207
215
216
260
261
262
28
29
30
31
49
195
196
199
200
201
311
312
313
314
28
29
30
31
47
48
49
238
253
258
259
263
264
28
29
30
31
81
315
316
31
306
317
318
319
31
163
320
31
304
305
306
31
304
306
32
321
322
323
32
36
37
38
39
47
48
49
238
253
258
259
272
273
276
277
32
36
37
38
39
47
48
49
253
258
32
36
37
38
39
301
307
324
325
32
36
37
38
39
32
321
322
323
326
327
328
32
321
322
323
327
328
32
36
37
38
39
47
48
49
253
258
276
277
32
36
37
38
39
47
48
49
253
258
274
275
276
277
32
33
34
35
36
37
38
39
177
178
179
180
181
202
207
209
32
33
34
35
36
37
38
39
177
179
202
207
32
33
34
35
36
37
38
39
180
181
202
203
204
215
216
32
36
37
38
39
47
48
49
238
253
258
259
33
34
35
202
211
212
33
34
35
202
210
211
33
34
35
210
211
33
34
35
202
329
330
33
34
35
202
331
332
333
334
33
34
35
202
210
211
212
33
34
35
202
335
336
337
33
34
35
177
202
338
33
34
35
177
179
202
207
33
34
35
177
179
202
33
34
35
180
181
295
33
34
35
202
334
339
33
34
35
202
334
340
341
33
34
35
202
342
343
33
34
35
202
203
204
33
34
35
203
204
33
34
35
180
181
202
203
204
33
34
35
202
344
345
346
33
34
35
202
347
348
33
34
35
180
181
209
33
35
180
181
349
33
34
35
180
181
284
33
34
35
180
181
349
33
34
35
180
181
350
33
34
35
177
179
180
181
284
33
34
35
177
180
181
33
34
35
180
181
351
33
34
35
180
181
296
33
34
35
178
180
181
33
34
35
180
181
297
33
34
35
180
181
298
352
33
34
35
180
181
298
299
33
34
35
178
180
181
202
33
34
35
180
181
353
33
34
35
180
181
204
33
34
35
177
178
179
180
181
202
207
33
34
35
177
180
181
207
33
34
35
177
179
180
181
33
34
35
180
181
202
209
210
211
33
34
35
163
164
165
202
215
216
354
355
356
357
33
34
35
342
343
33
34
35
202
334
339
358
33
34
35
177
178
179
180
181
33
34
35
177
179
180
181
349
33
34
35
180
181
33
34
35
177
179
180
181
207
33
34
35
177
178
179
180
202
33
34
35
177
179
180
181
350
33
34
35
177
178
179
180
181
207
33
34
35
177
179
180
181
209
33
34
35
177
179
180
181
202
207
33
34
35
180
181
295
359
360
33
34
35
179
202
335
336
337
342
343
344
345
346
33
34
35
202
215
216
33
34
35
202
203
204
361
362
33
34
35
202
330
363
33
34
35
202
330
345
363
33
34
35
202
361
362
33
34
35
202
265
266
33
34
35
202
210
211
212
331
332
333
334
33
34
35
202
203
204
330
331
332
333
334
344
345
346
363
33
34
35
202
203
204
210
211
212
330
331
332
333
334
339
344
345
346
363
33
34
35
202
203
204
211
212
330
344
345
346
363
33
34
35
202
331
332
333
334
339
33
34
35
202
210
211
212
344
345
346
33
34
35
202
203
204
210
211
212
33
34
35
202
330
344
345
346
363
33
34
35
202
210
211
212
331
332
333
334
339
33
34
35
202
203
204
210
211
212
330
344
345
346
363
33
34
35
202
203
204
210
211
212
330
331
332
333
334
339
363
33
34
35
202
203
204
210
211
212
330
331
332
333
334
344
345
346
363
33
34
35
202
203
204
210
211
212
331
332
333
334
33
34
35
202
211
212
330
363
33
34
35
202
203
204
210
211
212
331
332
333
334
339
33
34
35
202
203
204
330
331
332
333
334
339
344
345
346
363
33
34
35
202
210
211
212
330
344
345
346
363
33
34
35
202
203
204
330
344
345
346
363
33
34
35
202
203
204
210
211
212
331
332
333
334
344
345
346
33
34
35
202
210
211
212
331
332
333
334
344
345
346
33
34
35
202
210
211
212
331
332
333
334
342
343
344
345
346
33
34
35
202
203
204
210
211
212
330
331
332
333
334
363
33
34
35
202
210
211
212
330
331
332
333
334
339
344
345
346
363
33
34
35
202
203
204
210
211
212
331
332
333
334
342
343
344
345
346
33
34
35
202
203
210
211
212
33
34
35
202
203
204
330
331
332
333
334
339
363
33
34
35
202
203
204
210
211
212
342
343
344
345
346
33
34
35
202
203
204
330
331
332
333
334
339
342
343
363
33
34
35
202
210
211
212
330
331
332
333
334
339
342
343
344
345
346
363
33
34
35
202
203
204
210
211
212
334
339
344
345
346
33
34
35
202
203
204
210
211
212
330
334
339
342
343
363
33
34
35
202
203
204
210
211
33
34
35
202
203
204
210
211
212
330
331
332
333
334
342
343
363
33
34
35
202
203
204
210
211
331
332
333
334
344
345
346
33
34
35
202
203
204
210
211
212
330
331
332
333
334
339
342
343
344
345
346
363
33
34
35
202
203
204
330
331
332
333
334
342
343
363
33
34
35
202
203
204
210
211
331
332
333
334
33
34
35
202
203
204
331
332
333
334
342
343
344
345
346
33
34
35
202
203
204
330
331
332
333
334
339
342
343
344
345
346
363
33
34
35
202
203
204
210
211
212
331
332
333
334
339
342
343
344
345
346
33
34
35
202
203
204
210
211
212
344
345
346
33
34
35
202
203
204
331
332
333
334
339
342
343
33
34
35
202
203
204
210
211
331
332
333
334
339
33
34
35
202
203
204
210
211
212
330
334
339
363
33
34
35
202
203
204
210
211
212
331
332
333
334
339
342
343
33
34
35
202
203
204
210
211
212
330
331
332
333
334
339
342
343
363
33
34
35
202
210
211
331
332
333
334
33
34
35
202
203
204
210
211
212
330
331
332
333
334
342
343
344
345
346
363
33
34
35
202
203
204
210
211
212
334
339
342
343
33
34
35
202
203
204
330
334
339
344
345
346
363
33
34
35
202
210
211
212
330
331
332
333
334
344
345
346
363
33
34
35
202
210
211
212
330
344
345
346
347
348
363
33
34
35
202
210
211
330
363
33
34
35
202
210
211
330
344
345
346
363
33
34
35
202
210
211
344
345
346
33
34
35
202
203
204
331
332
333
334
339
344
345
346
33
34
35
202
203
204
211
212
344
345
346
33
34
35
202
203
204
331
332
333
334
339
33
34
35
202
330
331
332
333
334
363
33
34
35
202
211
212
330
331
332
333
334
344
345
346
363
33
34
35
202
210
211
212
334
339
33
34
35
202
210
211
212
331
332
333
334
339
344
345
346
33
34
35
202
210
211
212
330
331
332
333
334
363
33
34
35
202
203
204
210
211
330
331
332
333
334
344
345
346
363
33
34
35
202
203
204
210
211
330
331
332
333
334
363
33
34
35
202
203
204
210
211
212
330
334
339
344
345
346
363
33
34
35
202
203
204
334
339
33
34
35
202
203
204
210
211
212
334
339
33
34
35
202
203
204
210
211
330
331
332
333
334
339
363
33
34
35
202
210
211
212
363
33
34
35
202
210
211
212
330
334
339
363
33
34
35
202
203
204
331
332
333
334
33
34
35
202
210
211
212
334
339
344
345
346
33
34
35
202
203
204
210
211
212
330
342
343
344
345
346
363
33
34
35
202
216
364
33
34
35
202
330
335
336
337
363
33
34
35
202
330
335
336
337
345
363
33
34
35
177
179
202
207
365
366
367
368
369
370
371
33
34
35
177
179
202
207
289
290
33
34
35
177
178
179
180
181
202
207
289
290
33
34
35
202
215
216
289
290
33
34
35
177
179
180
181
202
205
206
207
208
215
216
33
34
35
177
179
180
181
202
207
284
33
34
35
177
179
180
181
202
207
215
216
33
34
35
177
179
202
205
206
207
208
33
34
35
177
179
202
207
254
255
256
257
33
34
35
177
178
179
180
181
202
215
216
33
34
35
177
179
202
207
215
216
33
34
35
177
179
202
207
217
289
290
33
34
35
177
178
179
180
181
202
205
206
207
208
33
34
35
178
180
181
202
215
216
33
34
35
177
179
202
207
289
290
372
373
33
34
35
177
179
180
181
202
203
204
284
350
353
33
34
35
202
329
330
335
336
337
342
343
344
345
346
363
33
34
35
177
179
202
203
204
207
33
34
35
177
178
179
180
181
202
207
215
216
284
33
34
35
177
179
202
207
252
33
34
35
177
179
202
205
206
208
33
34
35
177
179
180
181
202
215
216
33
34
35
177
178
179
180
181
207
284
33
34
35
47
48
49
177
179
180
181
33
34
35
180
181
203
204
33
34
35
202
330
335
336
344
363
374
34
335
375
376
377
378
34
332
379
380
381
34
332
379
382
41
42
43
44
383
384
41
42
43
44
190
191
385
386
41
42
43
44
45
46
47
48
49
238
253
258
259
47
48
49
238
253
258
259
272
273
47
48
49
238
259
272
273
47
48
49
253
258
47
48
49
238
259
272
273
276
277
47
48
49
238
259
274
275
47
48
49
47
48
49
274
275
47
48
49
238
253
258
259
274
275
285
286
287
47
48
49
253
258
272
273
276
277
47
48
49
276
277
47
48
49
238
253
258
259
272
273
274
275
47
48
49
238
253
258
259
272
273
276
277
47
48
49
238
253
258
259
272
273
387
388
389
390
391
47
48
49
253
258
276
277
47
48
49
392
393
47
48
49
253
258
387
388
389
390
391
394
395
47
48
49
238
253
258
259
285
286
287
47
48
49
238
253
258
259
274
275
47
48
49
238
253
254
255
256
257
258
259
47
48
49
396
397
47
48
49
238
253
254
255
256
257
258
259
274
275
49
311
314
49
311
312
313
314
49
398
399
400
49
401
402
49
183
311
314
403
49
404
405
50
51
52
53
50
51
52
53
385
386
51
52
53
51
52
53
126
152
153
291
292
293
294
406
407
408
409
51
52
53
406
410
411
412
51
52
53
126
406
409
51
52
53
406
51
52
53
126
291
292
293
294
406
407
408
409
51
52
53
413
414
415
51
52
53
126
406
409
416
417
51
52
53
126
152
153
406
409
416
417
51
52
53
152
153
51
52
53
126
152
153
406
409
51
52
53
152
192
51
52
53
81
315
316
51
52
53
126
291
292
293
294
406
409
416
417
51
52
53
126
152
153
291
292
293
294
406
409
51
52
53
81
126
315
316
406
409
51
52
53
99
100
121
122
406
418
419
51
52
53
99
100
152
153
192
51
52
53
420
421
54
58
62
422
423
424
425
426
427
428
429
430
431
54
56
58
66
67
70
72
73
135
148
432
433
55
59
58
434
435
58
436
437
61
85
182
183
222
223
61
85
182
183
61
126
127
128
63
438
63
64
65
63
194
439
440
441
63
194
439
440
441
442
443
65
444
65
444
445
66
67
68
69
70
121
122
135
189
66
67
68
70
122
148
217
66
67
148
446
447
69
70
172
173
174
69
448
449
69
448
449
450
451
69
72
147
72
73
74
75
76
72
113
72
73
72
146
74
452
453
454
77
78
79
80
82
79
80
82
455
456
79
80
82
116
117
457
79
80
82
161
162
79
80
82
161
162
163
164
165
79
80
82
457
79
80
82
116
117
80
108
81
315
316
81
122
148
81
122
148
158
458
459
81
119
120
85
87
88
460
85
87
88
89
90
91
92
460
87
88
89
90
91
89
90
91
92
89
90
91
92
172
173
174
90
91
92
90
231
461
462
90
462
90
228
229
230
231
90
230
231
90
463
464
465
90
466
90
231
461
90
462
464
467
90
228
231
90
138
139
90
462
464
467
468
469
95
96
99
100
99
100
168
169
470
471
472
99
100
473
106
107
109
110
109
110
396
474
109
110
124
184
396
474
110
475
115
476
116
117
116
117
163
164
165
116
117
457
116
117
163
164
165
457
119
120
121
122
121
122
217
121
122
123
167
123
124
167
124
221
126
127
128
126
409
129
130
129
130
131
132
129
130
477
478
131
132
477
478
131
132
131
132
479
480
131
132
481
482
483
484
485
486
487
131
132
481
482
483
484
485
131
132
488
489
141
142
148
152
192
152
153
152
190
191
192
152
153
383
384
152
153
291
292
293
294
407
408
152
153
383
384
385
386
152
153
190
191
152
153
442
443
152
192
490
491
152
153
291
292
293
294
154
155
156
157
158
159
158
291
292
458
492
493
158
458
459
158
292
494
160
495
496
497
498
161
162
163
164
165
161
162
161
162
499
500
162
457
501
162
163
166
457
501
163
164
165
354
355
163
164
165
356
357
163
164
165
502
503
163
164
165
163
166
163
354
355
163
166
504
505
163
164
165
504
505
168
169
308
309
506
168
169
168
169
308
309
168
169
226
227
168
169
392
393
168
169
507
508
168
169
190
191
168
169
308
309
509
510
170
171
172
173
174
183
252
511
183
403
185
186
187
188
190
191
190
507
508
512
513
190
512
513
190
513
191
195
514
515
195
516
517
195
518
519
520
195
196
199
200
201
195
196
199
200
201
521
195
199
200
522
523
197
198
199
515
524
525
205
206
208
205
206
208
526
527
208
528
529
208
530
213
214
214
531
214
531
532
533
534
217
217
289
290
219
220
219
220
222
223
237
219
220
222
223
219
220
535
222
223
237
222
223
224
225
226
227
231
536
537
538
232
233
234
235
236
235
236
396
539
540
237
238
259
541
542
238
239
238
259
272
273
238
259
238
259
276
277
240
543
240
241
242
241
242
544
242
545
243
244
243
244
280
281
245
251
246
247
248
246
246
247
248
327
328
546
547
246
247
248
249
250
249
250
252
548
252
252
511
253
254
255
256
257
258
253
258
254
255
256
257
254
255
254
255
256
257
274
275
301
307
256
257
267
268
269
270
271
269
270
271
549
550
551
552
272
273
274
275
274
275
301
307
276
277
455
456
276
277
278
553
278
279
280
281
282
283
285
286
287
289
290
302
303
289
290
291
292
291
292
293
294
407
408
291
292
293
294
554
555
291
292
293
294
293
294
300
301
301
307
302
303
308
309
310
556
557
558
559
560
310
312
313
315
316
315
316
561
322
323
322
323
327
328
546
547
322
323
327
328
322
323
326
327
328
324
325
326
327
328
327
328
546
547
562
563
327
328
546
547
335
375
564
565
566
567
568
569
335
375
376
570
571
335
567
572
573
356
357
359
360
365
366
367
368
369
370
371
372
373
383
384
383
384
473
383
384
385
386
385
386
387
388
389
390
391
387
574
575
392
393
394
395
394
576
396
539
540
396
397
397
577
578
579
397
580
581
582
583
407
408
410
411
412
413
414
415
416
417
416
418
419
418
504
505
420
421
422
423
424
426
434
435
584
585
436
437
442
443
586
587
442
443
442
443
587
588
589
442
443
590
444
445
446
447
450
451
455
456
455
456
591
592
464
467
464
579
593
464
467
594
595
596
465
473
477
478
477
478
481
482
483
484
485
486
487
479
480
479
480
481
482
483
484
485
486
487
481
482
483
484
485
486
487
481
482
483
484
485
486
487
597
486
488
489
489
598
490
599
490
599
600
490
491
495
498
495
498
601
602
502
503
504
505
506
509
510
509
510
603
604
511
605
606
511
512
607
518
519
520
522
523
525
608
526
527
529
609
532
533
534
532
534
535
535
610
611
536
612
613
541
542
548
554
555
557
614
615
616
562
563
563
617
618
579
619
620
581
582
583
581
582
583
621
622
584
585
586
587
587
589
623
587
588
589
591
592
594
624
594
595
596
599
600
601
602
603
604
610
611
611
625
616
626
627
