312
781
94
748
830
182
648
264
4
588
344
273
21
970
127
140
793
569
384
163
663
946
266
788
603
101
542
358
502
636
768
344
790
981
106
186
853
176
235
688
396
557
610
37
840
620
298
223
251
950
47
338
739
644
593
176
669
954
665
665
994
830
306
345
48
391
386
894
59
79
235
90
697
217
459
718
785
177
996
460
651
652
335
83
550
111
160
686
557
61
463
298
738
94
89
980
602
985
662
213
981
73
34
3
514
371
693
973
400
869
826
353
724
529
731
916
572
328
661
676
204
269
147
396
778
321
323
364
797
843
349
726
266
217
671
756
328
283
744
254
831
104
661
541
316
177
470
997
740
522
647
520
196
746
656
972
160
559
510
84
108
456
537
32
324
564
343
283
324
458
390
457
674
189
347
315
32
517
520
393
655
374
583
380
158
556
780
830
942
781
809
592
522
635
793
73
183
402
192
990
623
975
720
371
342
891
228
827
753
530
8
840
335
558
233
870
387
391
601
799
938
228
108
526
617
188
752
104
752
900
608
61
46
97
783
51
408
583
812
623
701
833
773
229
971
831
793
863
902
966
348
736
357
110
497
870
308
894
467
775
104
254
79
421
487
66
415
444
610
680
309
530
987
432
527
498
311
611
561
926
535
935
992
63
127
640
204
320
617
738
799
988
655
889
324
288
815
846
561
682
44
686
761
964
698
662
178
95
523
272
976
585
13
471
429
352
304
366
269
245
148
72
788
779
62
320
179
406
646
772
509
907
757
800
992
499
214
810
70
687
982
858
298
992
545
629
536
234
286
632
379
149
399
759
333
896
507
518
109
318
724
406
851
670
408
653
130
362
620
466
951
260
384
593
654
425
892
576
767
288
170
750
336
959
478
181
984
203
478
305
837
366
825
181
291
889
609
462
518
685
415
630
948
0
509
509
425
699
938
318
787
752
396
144
11
614
373
456
173
878
467
927
597
891
643
308
527
352
684
625
238
6
862
429
763
287
548
545
966
818
168
35
838
32
313
676
879
277
223
935
453
916
128
478
268
142
373
143
539
630
824
438
786
81
89
94
82
1
88
627
868
656
119
136
221
92
335
226
53
958
395
162
929
425
514
858
398
347
599
81
1
317
303
918
332
216
629
915
291
976
995
615
700
94
654
595
628
918
496
237
159
263
896
484
305
319
986
865
331
981
381
297
849
238
613
130
832
412
742
358
534
672
174
691
457
125
569
248
275
880
914
351
167
250
746
806
960
363
967
819
804
754
128
983
786
560
413
6
996
786
414
765
834
893
876
606
384
618
194
114
536
665
154
810
981
226
518
534
880
989
175
132
433
60
777
141
215
286
238
952
266
734
440
582
668
804
465
896
637
585
761
419
651
494
383
331
400
866
348
729
252
533
320
603
382
471
647
504
441
9
355
829
908
444
863
986
749
5
516
551
965
289
772
118
42
84
742
428
699
325
844
309
600
256
590
157
95
584
177
68
112
439
989
916
651
938
645
197
947
630
948
521
87
525
823
40
397
491
329
802
690
500
459
986
121
360
85
417
304
626
448
751
574
809
464
861
98
453
805
496
644
164
708
915
222
303
621
388
615
748
214
961
362
185
413
411
775
523
505
715
348
240
892
966
426
433
926
210
785
389
542
437
788
275
970
178
38
688
70
573
624
899
332
386
142
147
456
370
407
956
731
363
543
779
291
134
708
688
349
99
344
199
218
971
614
947
872
979
564
848
376
379
200
168
312
423
336
437
480
637
675
65
40
23
561
468
764
921
68
811
170
827
87
677
118
750
802
225
672
412
827
440
738
257
281
818
948
944
115
33
455
535
185
983
691
52
535
205
630
474
957
601
786
159
223
83
434
128
12
518
567
521
356
920
316
801
327
747
402
746
8
161
693
505
854
658
966
138
578
764
436
917
831
676
91
812
330
192
859
152
843
337
487
918
495
178
850
903
332
48
133
504
812
355
481
296
805
240
956
250
407
971
847
345
8
705
327
204
592
208
698
78
364
963
40
619
687
294
124
352
8
12
437
78
211
933
998
318
238
145
249
949
498
663
337
517
365
178
592
54
130
473
740
351
20
745
706
253
573
317
155
526
505
311
83
719
895
543
824
695
446
738
840
347
862
240
971
230
487
217
784
234
777
67
416
21
775
144
633
825
208
377
440
656
388
98
142
866
546
230
332
459
989
226
132
309
381
55
331
69
709
934
468
136
745
547
146
612
713
768
32
410
231
943
812
959
419
589
736
693
127
926
414
987
188
724
552
730
360
56
354
640
933
931
41
995
875
134
928
521
61
802
916
793
163
736
943
834
815
312
952
988
779
611
320
310
904
423
945
769
448
373
230
922
974
873
346
167
174
728
34
416
179
205
990
860
979
504
862
740
979
947
649
366
452
323
995
320
245
395
871
596
550
469
346
527
434
164
648
116
693
432
144
995
194
856
718
998
177
892
438
521
561
181
417
454
216
976
319
244
306
354
25
385
685
467
995
133
588
559
186
44
393
525
966
871
71
835
306
959
922
602
959
641
327
535
339
635
603
717
353
562
403
553
421
742
201
487
273
933
931
263
494
972
64
922
477
631
888
785
43
156
471
833
753
253
838
551
483
316
343
388
111
220
778
369
851
455
160
740
639
423
264
664
264
724
186
421
961
731
282
747
814
259
67
308
555
64
188
960
319
264
792
650
729
166
25
844
9
361
106
79
402
412
198
785
721
353
532
110
861
305
820
831
329
579
47
41
204
606
44
593
634
877
940
774
433
608
339
455
176
276
665
354
467
725
188
684
873
53
601
970
433
80
464
568
434
789
80
587
379
889
581
492
750
763
977
140
57
223
416
941
404
442
68
292
281
182
146
61
536
704
282
951
629
955
342
596
665
964
163
845
760
677
160
758
112
648
512
460
705
823
685
951
125
537
351
863
966
377
252
716
358
180
184
991
850
611
971
228
565
607
275
235
619
49
797
992
965
743
727
887
47
32
214
937
72
684
116
955
250
189
80
263
886
913
635
467
296
638
32
602
196
671
601
883
215
809
351
630
108
275
93
725
180
517
730
191
471
146
894
916
779
137
962
39
814
120
989
854
140
341
661
76
81
368
370
755
941
443
928
495
141
177
331
3
663
335
759
415
604
913
696
568
173
622
702
810
401
550
325
552
370
722
37
982
271
201
248
771
797
404
931
328
847
63
950
711
823
202
714
808
236
149
606
46
710
713
538
502
335
376
668
753
535
135
700
129
139
758
839
655
405
395
758
604
377
497
639
595
502
755
753
443
12
573
292
511
41
586
411
877
5
19
14
489
385
353
511
877
494
345
35
26
665
968
347
980
992
744
299
802
165
293
272
221
315
187
485
143
220
381
131
828
233
583
207
748
874
721
792
238
770
658
159
982
540
418
327
664
479
10
396
127
893
442
174
841
571
712
572
236
682
30
709
247
3
881
903
174
160
686
618
210
455
899
682
257
154
234
624
146
797
974
833
888
914
861
350
950
165
403
134
313
494
370
18
614
637
633
567
74
333
856
105
961
990
705
386
353
107
463
526
307
998
729
349
262
579
755
114
896
508
779
11
72
212
48
486
783
226
751
621
337
901
83
512
652
598
932
282
439
219
675
867
833
975
891
741
894
410
880
354
950
360
172
369
658
509
574
444
761
456
989
266
569
427
36
811
263
210
186
786
813
244
746
456
702
496
517
413
663
221
583
103
585
646
983
849
458
407
16
608
993
985
682
461
202
202
988
689
991
766
653
501
464
35
177
207
762
498
470
681
622
608
676
961
132
2
490
866
198
362
998
699
237
122
216
872
824
569
44
877
139
456
637
835
653
789
189
419
80
217
425
680
434
439
815
324
79
579
191
413
369
240
436
426
824
603
785
486
110
39
794
193
190
466
538
43
944
796
922
597
24
355
985
469
746
388
456
13
985
349
8
323
871
62
277
315
104
796
816
477
383
255
265
836
474
241
603
646
689
709
985
154
947
757
46
113
30
610
565
376
366
12
54
224
469
549
403
874
7
182
610
523
447
42
163
784
860
346
712
124
668
717
611
164
457
923
982
38
463
782
784
935
878
22
732
221
689
919
671
846
112
35
298
299
180
33
103
14
290
603
98
481
273
188
229
293
438
43
822
722
216
571
1
242
835
115
858
610
244
395
485
564
344
690
453
492
593
788
47
980
130
426
859
73
443
328
934
990
604
962
826
242
261
808
361
60
833
669
286
48
364
710
329
154
208
979
146
877
970
333
225
522
499
656
435
806
176
663
83
430
608
610
220
172
999
423
607
133
411
490
759
480
433
716
223
750
790
91
343
138
896
372
631
926
564
24
457
795
741
254
813
185
420
960
177
737
842
211
191
929
650
555
79
937
828
651
292
806
265
852
588
547
645
886
744
162
114
523
170
565
212
793
43
270
156
674
912
760
867
857
533
608
869
84
987
505
34
579
284
731
431
834
586
195
4
91
833
209
893
838
463
520
233
908
933
795
788
500
473
698
330
308
197
296
413
412
746
163
113
947
447
964
505
685
8
599
752
245
465
854
618
486
85
892
506
122
251
216
354
590
144
570
275
345
892
185
101
898
282
10
182
784
627
677
368
433
342
364
303
975
178
462
483
985
705
154
548
91
419
434
304
565
625
940
395
343
589
404
628
699
690
801
725
809
165
399
388
431
712
805
518
44
683
817
868
954
258
736
88
358
939
79
519
640
620
981
463
889
3
790
462
797
733
707
795
335
959
135
26
67
516
578
295
449
849
844
228
948
259
583
151
530
60
984
349
362
594
993
100
985
50
53
131
849
753
555
357
329
648
100
327
518
725
957
954
707
580
280
735
925
879
824
301
880
733
972
226
987
814
45
719
401
610
874
942
0
30
273
932
161
958
47
437
844
79
217
489
157
465
809
810
973
28
702
115
88
168
509
801
879
927
190
174
873
149
871
55
471
165
115
873
93
903
865
693
642
340
762
56
729
377
451
958
285
373
355
292
689
230
483
197
249
534
877
61
693
243
222
444
12
143
987
832
930
139
14
661
923
788
7
935
388
21
148
735
69
349
100
136
903
398
881
121
446
158
193
912
311
282
504
790
771
213
68
951
161
962
980
768
82
516
606
666
767
790
151
884
298
435
719
63
361
221
179
625
400
366
775
310
764
209
275
404
214
684
898
439
653
230
152
84
478
672
831
779
795
396
956
578
232
861
637
396
229
838
137
376
846
796
961
747
879
621
482
389
92
151
141
624
662
527
238
776
670
802
560
132
706
911
593
592
628
52
447
837
346
350
469
983
235
233
460
547
59
62
882
895
983
446
87
107
798
753
76
272
728
163
578
102
973
406
258
847
876
641
876
785
413
153
355
937
752
973
853
303
737
872
666
974
960
387
305
224
828
735
416
247
169
570
837
902
641
437
565
234
624
627
739
476
881
151
747
136
645
193
102
579
808
643
515
98
54
296
325
295
487
161
925
124
189
606
857
20
103
912
508
834
723
991
269
797
967
594
587
235
106
555
683
790
26
229
815
922
211
472
477
799
783
750
293
227
943
577
457
806
872
75
172
973
466
510
641
577
740
667
390
786
194
586
475
261
58
82
39
395
912
406
599
915
361
84
427
94
632
598
981
362
815
896
226
789
488
23
760
293
752
369
201
671
80
938
207
822
645
544
7
226
810
515
28
994
777
87
719
217
69
404
465
562
629
137
310
810
235
159
576
31
381
506
372
401
263
228
362
20
88
733
342
111
457
243
251
148
669
486
724
649
412
588
955
942
406
538
598
332
890
801
578
476
895
334
232
467
185
157
340
371
596
25
146
439
906
772
658
219
304
111
690
979
659
612
450
124
276
257
478
940
406
892
132
57
556
603
431
199
924
605
513
353
944
457
105
562
969
675
291
769
332
119
599
103
720
410
419
637
441
661
641
120
588
815
718
243
943
394
686
960
545
104
390
681
517
424
977
894
207
628
45
62
752
881
748
524
240
75
726
908
271
1
10
451
465
162
777
22
210
982
526
842
260
191
830
411
866
940
773
691
434
758
785
470
108
798
411
264
396
618
171
845
320
546
427
403
714
669
516
714
625
78
312
110
679
311
625
583
798
8
640
681
801
6
901
575
780
733
543
955
358
420
967
955
13
531
656
634
890
124
118
257
861
201
507
76
868
423
92
274
714
396
253
728
408
274
995
165
378
150
466
381
248
647
29
981
216
573
849
971
848
236
443
142
102
178
523
79
164
701
641
788
472
360
550
431
959
55
522
849
741
962
698
293
682
720
435
128
584
227
840
50
294
769
285
869
899
121
946
701
334
594
888
780
108
322
718
342
69
5
854
271
928
495
159
405
719
818
94
415
7
471
13
505
727
903
378
577
651
168
744
781
509
339
614
156
233
754
499
435
787
503
269
167
32
743
769
666
257
704
861
641
297
382
834
146
104
176
851
498
780
551
45
740
629
94
231
201
794
428
695
104
321
677
854
790
480
383
352
945
551
693
340
92
329
816
148
563
63
867
213
1
495
653
76
723
152
490
810
780
947
371
492
300
559
722
589
952
300
321
451
145
407
647
11
59
923
656
460
275
129
557
360
367
229
946
846
507
13
29
940
931
608
721
116
790
975
273
323
178
968
468
464
187
863
866
669
780
877
125
254
810
435
548
290
241
671
961
30
883
902
519
454
115
515
307
620
454
320
755
428
597
324
406
638
578
636
895
887
16
720
633
551
899
978
238
967
772
632
771
797
304
755
75
966
761
772
537
735
895
529
338
692
855
139
157
231
908
459
547
54
436
29
407
325
412
624
463
204
932
606
29
566
145
108
579
36
748
68
305
494
953
628
1
123
629
506
415
115
557
595
638
35
147
645
489
711
695
409
724
322
834
61
776
868
249
840
435
773
310
300
537
365
389
673
60
524
314
794
376
300
948
881
805
554
92
316
971
423
490
250
714
951
341
942
203
954
72
66
311
505
960
960
410
223
559
783
567
881
520
97
208
287
993
849
907
524
337
302
6
397
522
373
967
394
313
584
312
279
657
599
77
942
314
450
822
722
221
99
198
260
255
780
821
500
921
702
588
507
214
909
284
991
46
563
725
383
148
289
155
76
955
851
570
138
888
477
826
631
556
168
310
771
297
729
505
410
766
429
482
60
505
777
142
772
754
955
347
260
392
702
345
447
711
574
60
771
424
55
25
824
373
383
718
981
84
800
219
702
410
966
404
262
607
505
918
955
910
621
264
212
402
565
886
58
560
693
321
175
571
354
610
669
384
128
53
886
87
48
687
656
599
777
936
403
959
545
944
262
38
56
39
291
93
516
188
611
436
240
75
393
235
49
517
423
71
724
49
311
343
519
847
667
484
857
937
777
372
364
382
153
147
433
757
511
709
188
253
869
876
524
734
143
406
994
931
817
872
872
686
411
55
113
125
834
300
950
554
131
272
921
898
266
121
516
162
131
478
235
573
500
953
629
990
912
561
783
358
592
995
813
946
297
505
161
66
284
194
360
475
952
162
771
897
486
661
390
334
695
412
83
773
715
2
567
770
363
146
39
160
584
30
899
924
54
177
724
909
755
719
596
490
525
836
232
463
706
196
986
652
925
755
269
344
959
185
255
798
627
712
110
34
523
120
161
58
282
724
689
156
271
218
891
396
377
226
974
476
94
434
30
575
30
882
732
498
29
61
152
392
98
567
566
128
385
383
329
585
305
816
782
937
205
264
354
567
809
459
581
83
115
172
19
459
927
372
816
139
313
23
185
694
618
678
302
949
143
918
364
611
757
156
941
106
74
227
435
115
13
84
457
411
388
356
262
820
693
265
369
170
595
499
454
822
948
48
302
475
229
810
474
191
13
68
581
133
680
113
363
956
541
195
253
476
582
690
72
140
704
18
824
956
472
521
545
909
392
615
410
910
249
93
121
629
617
534
426
715
287
350
859
549
130
953
350
245
797
200
740
263
19
324
107
28
801
820
521
59
151
866
647
713
666
101
759
176
261
743
617
381
286
834
520
58
986
484
772
648
182
570
291
553
363
496
122
481
299
99
356
637
552
500
18
427
989
672
495
469
385
777
427
46
833
665
329
220
543
106
82
866
445
932
9
434
907
813
201
937
405
198
405
224
51
520
842
590
833
405
927
282
55
987
489
329
413
163
870
115
900
699
783
23
720
780
657
586
192
907
448
604
206
861
293
665
240
337
636
761
202
825
660
733
994
343
458
650
517
625
75
842
415
682
336
339
86
153
700
89
397
892
128
422
938
849
722
201
511
784
139
824
901
583
153
722
576
570
135
497
349
299
85
527
499
914
742
747
501
321
853
455
860
636
773
171
462
610
377
209
183
596
330
24
708
410
235
893
472
682
838
313
953
701
729
671
801
315
680
850
659
271
258
660
860
148
625
212
397
423
373
379
190
131
159
35
988
574
700
468
507
419
408
266
358
335
673
961
277
548
868
208
427
948
990
171
24
161
695
944
420
287
339
534
105
24
340
626
525
156
331
902
625
445
538
829
837
486
528
385
584
375
270
361
751
410
134
84
617
465
532
124
495
517
383
536
65
198
530
452
890
887
561
125
831
793
486
562
892
232
838
174
236
681
729
503
668
425
249
863
95
190
703
806
318
122
653
540
842
813
707
557
435
27
247
428
960
120
155
362
439
572
699
774
588
912
610
19
746
375
413
750
251
373
873
940
119
632
976
945
612
756
867
66
414
379
750
469
260
940
960
742
66
440
452
888
447
365
518
138
56
277
199
503
779
593
351
412
667
101
687
645
188
388
675
555
496
394
862
557
784
568
81
531
526
548
304
71
999
908
632
31
33
683
266
140
807
277
713
269
24
773
824
537
122
883
543
454
71
101
312
822
559
938
736
27
749
334
678
891
892
501
483
309
834
449
961
73
92
431
257
440
699
933
892
832
444
890
588
597
656
662
825
648
540
209
481
789
590
710
666
496
768
436
502
780
631
839
633
437
687
475
99
243
830
328
346
991
440
998
911
957
737
319
229
827
807
276
746
0
260
334
237
846
333
897
828
219
236
73
441
687
943
403
877
71
848
173
477
800
796
298
398
242
329
650
767
758
268
987
494
807
736
124
2
815
44
119
791
647
914
755
721
377
804
991
673
716
261
756
803
345
949
255
700
254
966
406
185
493
164
738
217
0
772
979
457
804
736
620
702
846
872
590
723
797
304
196
958
32
633
172
597
681
968
964
679
879
481
650
212
2
317
766
521
432
424
991
537
119
768
106
319
275
254
122
466
275
628
634
306
724
608
933
922
237
471
560
235
396
683
121
860
275
11
876
347
297
15
662
709
100
341
445
131
487
190
450
0
52
556
545
60
790
710
917
822
379
69
94
939
698
523
601
774
868
653
444
431
799
229
843
574
155
525
893
945
771
362
932
112
211
941
980
281
656
749
600
670
492
422
126
276
1
566
366
182
314
811
485
113
285
389
688
854
548
313
773
356
382
789
634
535
832
915
331
74
531
943
956
978
691
392
32
850
838
651
710
27
69
580
904
909
299
0
220
756
120
844
475
989
331
506
809
437
260
382
109
630
562
770
625
956
649
21
764
123
345
212
49
846
787
87
442
24
97
658
78
558
546
775
985
269
644
223
158
918
346
13
387
254
290
756
620
890
467
736
503
0
593
296
417
166
159
366
447
823
497
148
628
839
678
822
468
695
720
694
260
555
432
726
236
134
318
725
160
460
380
877
767
331
353
723
386
162
246
144
156
956
174
82
293
18
496
385
185
710
920
611
884
90
447
613
812
399
730
730
453
628
974
211
668
95
551
590
378
712
357
211
941
397
236
71
29
493
198
73
264
537
399
353
916
702
570
575
299
357
230
304
621
755
808
241
950
183
612
595
29
747
999
43
183
938
220
528
872
850
72
828
209
257
637
898
115
938
255
636
634
580
991
608
831
500
956
329
468
998
361
791
945
37
343
762
857
859
803
86
129
779
917
779
232
572
856
63
601
230
72
212
908
435
21
969
25
581
712
110
317
641
697
798
530
588
489
804
535
837
458
81
513
134
589
372
704
25
598
645
588
321
548
282
168
414
583
900
273
229
340
644
795
713
82
710
837
338
399
392
203
825
195
107
429
964
111
117
448
872
209
372
83
536
516
525
149
47
861
219
310
506
36
105
196
3
889
1
309
545
368
165
161
456
439
230
154
686
914
271
760
414
465
803
750
253
27
416
735
209
811
276
288
853
262
485
121
743
536
117
227
442
834
398
382
975
504
863
4
38
378
91
310
687
498
407
285
167
196
748
775
965
473
177
5
172
418
338
444
874
232
596
929
54
937
645
878
731
531
236
381
846
383
421
923
24
124
292
769
256
476
91
568
886
279
174
763
548
755
577
733
891
81
170
930
300
277
555
575
659
269
208
847
315
971
951
292
235
600
361
558
578
675
320
484
361
731
181
416
55
65
9
523
309
251
747
992
727
473
744
36
374
130
602
378
106
612
164
432
510
307
158
446
50
750
9
234
523
239
497
645
624
421
816
933
149
711
122
827
964
201
818
362
978
405
497
300
634
819
457
326
738
861
479
108
174
240
217
305
537
980
619
674
553
143
263
972
913
403
783
880
558
556
620
498
818
217
451
516
442
834
849
738
289
242
35
741
376
576
662
679
673
321
463
917
781
453
336
731
858
957
353
608
945
295
262
294
681
917
946
715
352
480
788
522
814
428
428
298
828
325
648
761
2
753
271
239
262
12
841
800
728
776
158
728
1
463
255
404
804
448
498
779
973
803
32
825
957
309
149
690
745
16
489
730
781
140
8
853
64
863
330
626
973
119
418
757
238
739
757
832
171
757
425
838
869
351
219
364
7
530
933
722
14
347
918
158
501
652
662
552
179
872
855
222
307
677
779
189
542
898
574
879
75
179
87
627
426
750
651
997
674
429
810
164
270
691
105
969
419
178
424
486
186
471
58
773
828
297
326
742
626
696
185
995
122
73
833
312
517
473
0
177
94
385
201
657
914
796
783
144
721
378
191
650
610
340
168
155
742
71
130
550
800
366
674
219
388
385
700
64
259
261
156
100
607
688
498
324
173
860
161
415
22
169
60
643
106
910
991
388
172
276
798
966
998
210
845
227
112
53
566
24
56
795
561
832
475
450
937
952
211
108
190
170
854
668
604
693
145
478
960
183
395
254
562
975
748
149
194
358
58
606
221
487
90
899
517
815
444
175
655
249
817
896
28
828
849
587
425
14
660
718
144
774
664
178
676
416
737
347
216
359
506
376
733
895
560
705
809
51
92
794
701
83
922
391
937
207
693
850
540
621
499
581
635
0
279
697
822
484
908
183
385
694
574
357
632
394
22
656
550
277
243
270
772
200
904
324
108
656
726
389
820
710
341
26
628
570
805
266
358
689
367
982
306
303
568
903
111
4
530
530
178
755
900
968
199
809
579
236
905
598
632
30
638
100
653
904
441
185
454
691
358
794
281
563
236
384
644
9
854
132
846
950
734
511
144
740
994
731
862
570
642
492
93
26
581
101
614
377
86
735
513
551
823
318
60
532
389
187
473
365
114
430
284
550
810
307
273
434
928
868
847
283
515
59
989
190
340
126
812
453
175
392
339
294
125
861
357
727
568
587
551
89
803
911
409
476
115
281
37
305
601
74
93
222
61
827
543
543
276
566
669
295
784
208
808
585
660
860
302
82
723
258
101
552
614
0
358
784
462
189
328
595
182
629
967
958
795
952
959
882
69
115
708
42
483
513
482
845
343
593
647
752
919
917
101
140
917
23
117
878
439
777
116
67
221
154
163
379
4
480
595
427
634
244
737
524
942
287
661
903
52
852
24
229
753
923
489
875
792
995
725
453
645
293
283
870
211
277
91
721
391
435
264
501
134
720
226
820
719
96
162
15
24
880
741
488
938
652
143
872
763
486
685
354
150
811
932
665
571
593
255
195
904
603
512
905
272
992
108
885
153
886
845
180
468
42
560
834
332
182
812
831
156
202
672
274
601
72
927
771
832
267
617
96
143
564
26
903
529
203
406
93
900
457
179
902
331
238
812
216
514
890
811
740
166
965
147
160
184
873
416
860
416
802
843
965
893
636
92
302
784
251
109
401
196
828
26
652
427
573
914
737
568
792
998
370
91
209
117
328
422
114
787
725
239
163
173
653
917
944
105
893
934
189
35
269
203
816
782
637
467
967
924
616
347
806
707
466
611
337
176
517
865
172
273
535
508
823
790
791
974
728
829
197
958
138
922
253
298
691
931
238
56
98
814
971
627
991
380
470
735
601
786
851
169
189
492
395
506
408
805
158
629
275
302
603
951
232
138
502
3
384
178
632
909
929
353
419
888
329
359
537
791
752
288
59
249
728
643
706
537
954
877
823
91
798
674
230
98
613
972
346
619
648
987
795
131
52
850
346
604
601
716
505
484
241
884
326
961
593
718
352
936
573
832
232
631
492
941
860
389
875
418
303
996
860
604
680
292
768
603
431
618
248
146
62
611
573
676
781
68
343
983
440
54
67
582
581
786
126
19
97
937
752
865
731
638
425
206
184
2
55
407
24
399
129
913
290
638
703
579
549
248
816
302
82
613
656
138
624
423
157
806
811
830
111
497
566
192
333
107
673
974
859
73
67
400
220
982
644
404
523
115
949
319
307
424
0
408
430
693
186
792
342
104
218
429
334
646
586
737
909
333
737
849
75
814
953
27
822
756
789
683
483
813
786
976
451
155
374
809
244
447
259
619
576
309
57
418
782
946
744
849
402
856
935
315
410
271
365
809
894
572
131
913
525
451
464
538
916
469
593
921
685
988
966
661
907
920
28
865
615
610
977
291
482
645
45
311
37
563
745
102
695
445
544
765
133
969
76
630
314
735
769
200
896
279
92
958
160
341
925
840
343
582
741
419
565
438
736
625
209
18
528
771
226
974
751
14
162
327
142
744
642
807
27
647
96
127
183
381
722
179
419
462
776
360
216
405
310
36
400
570
44
454
769
844
919
989
376
57
307
876
720
252
964
706
243
624
365
513
880
114
706
808
408
89
342
193
877
164
954
171
287
441
549
918
819
60
316
445
293
145
479
915
992
268
959
346
516
906
35
786
998
555
951
724
509
619
941
764
816
937
285
729
730
278
57
491
697
45
130
737
113
485
877
774
156
62
426
725
686
800
890
179
761
868
971
968
450
727
983
896
974
940
71
514
58
686
365
256
145
1
767
258
359
648
701
202
892
68
730
618
51
830
577
514
344
506
757
771
664
930
562
513
552
453
306
871
18
655
770
721
845
611
728
783
730
483
286
186
398
286
294
42
61
603
973
72
822
780
200
388
532
60
321
760
506
192
654
809
580
722
355
125
771
771
68
493
437
974
407
180
689
177
768
96
583
788
959
263
128
164
654
256
740
676
613
397
336
602
215
303
870
448
907
513
165
428
439
934
470
112
486
875
268
704
543
160
616
800
454
785
565
872
191
178
212
652
125
504
559
640
552
474
45
232
373
821
619
840
996
286
713
607
205
103
788
901
248
793
754
652
784
746
106
159
785
478
116
12
907
166
735
39
886
949
776
693
89
79
342
619
994
515
238
228
808
450
708
541
842
849
487
485
596
405
139
854
415
268
228
919
570
154
353
48
687
560
22
210
795
243
262
682
105
917
638
548
933
441
391
80
313
887
117
459
831
389
502
570
91
561
535
211
932
577
812
368
22
979
25
873
876
122
772
247
302
554
23
589
285
915
648
880
910
417
65
439
65
963
728
925
581
870
536
714
978
7
221
509
8
59
579
887
154
576
492
788
577
907
239
493
142
509
10
997
508
713
58
876
821
943
178
573
238
850
953
245
90
803
487
411
210
307
544
849
336
650
187
979
231
52
9
68
108
741
304
862
900
293
537
900
45
129
114
19
695
371
276
493
143
392
760
226
505
587
33
949
799
526
589
641
7
234
538
686
876
316
238
42
50
30
603
145
747
29
273
442
24
402
262
120
359
5
71
711
809
996
186
416
973
205
548
333
890
335
805
34
805
52
50
679
816
426
744
642
182
342
354
610
3
8
518
740
157
296
708
95
933
878
590
822
255
385
471
680
228
908
236
859
879
356
39
398
871
817
635
691
950
460
142
461
281
655
740
901
926
675
900
740
596
558
452
350
752
530
355
496
469
24
419
635
604
106
581
847
813
65
444
53
759
972
889
64
665
733
808
235
141
26
209
871
570
525
126
311
485
680
535
982
84
130
478
446
94
751
307
387
708
576
488
455
67
132
493
569
466
93
438
482
828
875
226
307
612
300
598
300
913
453
123
772
801
210
711
348
559
507
765
930
144
755
238
400
44
422
816
808
598
659
617
913
409
60
299
581
324
42
233
503
127
773
326
594
92
737
158
218
443
776
309
810
197
546
269
774
872
867
426
519
442
338
85
754
24
206
315
367
59
408
564
101
987
177
993
964
680
282
411
782
896
508
874
640
608
298
252
30
261
146
514
521
264
260
649
619
47
471
606
251
445
536
723
210
754
767
193
504
124
608
435
552
550
288
997
481
215
38
60
965
344
978
986
764
107
914
881
602
554
947
783
775
634
0
582
978
197
499
690
901
577
252
790
767
819
779
935
159
992
552
64
640
898
586
58
487
76
846
149
160
100
364
199
586
779
269
799
872
867
939
766
369
898
530
55
167
482
874
886
334
125
537
493
90
901
936
793
933
459
184
36
679
69
356
753
723
715
511
402
46
831
646
395
495
464
335
395
26
573
46
541
745
948
368
459
470
17
349
942
865
745
256
876
698
994
332
396
170
919
577
232
269
938
904
694
42
218
583
933
135
467
913
700
930
14
693
44
874
363
147
294
481
176
735
442
581
504
291
585
506
726
177
21
359
199
408
617
395
150
260
927
604
619
955
329
364
547
419
736
493
357
76
987
214
844
965
690
847
858
894
269
372
526
792
311
942
79
826
614
228
27
731
506
873
408
516
873
917
845
282
783
417
69
643
55
716
644
303
276
869
203
111
308
863
807
365
185
886
841
68
263
431
104
606
543
906
998
514
807
832
678
22
437
544
442
59
387
366
631
664
941
256
848
60
488
18
896
748
468
221
44
886
19
914
779
488
428
622
267
572
264
14
766
77
23
106
684
388
775
631
826
798
104
641
589
515
679
766
857
438
961
984
339
222
430
649
39
478
442
280
34
729
409
222
112
20
296
339
581
457
637
456
798
310
397
286
728
593
640
133
920
514
987
108
708
489
936
288
497
134
671
95
351
21
174
763
593
740
711
630
474
81
324
587
976
131
261
665
294
23
655
310
577
557
540
869
307
101
683
853
395
402
136
184
117
832
202
543
919
875
116
684
179
796
880
88
767
751
601
773
251
319
866
241
643
317
721
685
497
634
62
31
687
202
759
202
682
334
146
71
848
842
726
855
254
315
320
662
740
253
243
477
777
17
734
856
32
65
624
242
201
250
990
473
345
169
98
52
444
701
195
357
609
201
737
691
517
97
80
8
128
4
538
812
81
470
936
881
1
505
336
565
389
877
481
10
650
591
783
877
285
444
732
831
138
448
384
637
952
876
89
810
889
869
378
740
491
755
606
750
740
553
670
929
137
378
343
635
360
852
668
353
204
572
544
812
100
211
423
320
455
247
595
939
329
694
211
590
250
394
30
124
733
258
817
541
118
176
181
578
402
308
670
209
733
408
487
806
625
309
679
99
336
409
906
212
632
105
207
108
91
83
514
115
184
607
21
733
608
227
48
679
2
413
296
342
452
658
286
170
147
41
100
974
714
701
350
570
789
675
620
788
763
800
242
610
446
157
731
571
519
224
835
438
73
35
173
806
267
446
486
565
980
951
476
700
831
474
3
36
411
365
149
801
894
801
884
382
308
483
175
334
639
546
171
653
813
496
194
111
702
763
274
12
672
191
623
696
235
259
580
492
529
943
576
617
596
318
603
990
486
768
988
980
85
849
428
23
810
865
939
603
35
417
946
575
279
969
978
597
360
224
474
221
201
839
626
983
466
141
504
480
579
705
824
216
211
477
279
580
241
10
509
553
957
603
124
226
861
758
92
398
760
913
230
68
108
749
589
818
166
885
754
342
377
181
657
35
857
216
859
586
672
791
966
62
817
677
182
530
303
747
970
816
364
382
826
427
200
947
836
377
152
355
984
743
305
72
234
520
230
195
872
190
500
335
418
942
142
71
856
821
305
207
953
148
330
582
634
292
153
505
795
354
378
679
560
171
176
671
8
864
677
996
106
617
682
153
581
430
841
279
43
80
835
800
624
513
870
365
392
872
702
53
807
444
910
906
288
409
683
859
649
260
423
240
933
444
91
59
849
538
755
11
490
461
27
286
637
50
578
912
50
794
768
500
979
86
210
436
966
809
728
751
712
961
283
294
531
363
290
625
510
551
823
253
563
726
267
757
246
65
712
417
899
939
287
414
880
376
785
634
747
967
606
148
802
490
129
828
199
914
862
495
633
505
578
595
816
867
255
41
655
605
587
945
229
813
101
700
147
10
52
7
571
248
258
658
17
569
540
146
702
472
303
416
41
301
801
408
222
375
239
994
49
655
350
908
895
38
157
105
361
431
993
359
612
254
640
881
117
281
826
211
215
500
24
189
945
580
829
443
687
810
402
797
732
109
520
720
776
289
923
170
514
56
488
131
613
252
255
510
431
94
236
74
273
605
442
890
233
342
387
739
980
923
825
625
221
348
479
910
667
594
679
367
689
750
259
254
576
751
477
94
392
990
767
186
301
26
418
980
405
531
347
881
937
589
277
48
364
996
417
414
594
814
11
45
307
674
188
380
35
805
107
550
439
151
448
778
133
788
796
851
147
356
477
678
422
93
730
552
752
521
83
849
700
428
226
93
191
595
39
744
583
813
871
229
371
784
718
383
670
91
804
718
364
431
144
434
602
274
152
39
989
394
322
815
841
364
242
652
40
654
114
209
761
55
99
491
149
663
585
180
660
440
960
493
454
593
551
736
463
192
791
79
581
284
580
696
352
911
119
507
453
801
688
924
558
180
252
172
319
285
981
852
710
707
359
878
39
261
724
146
451
778
891
971
223
237
977
417
251
962
102
344
460
278
173
181
492
489
746
466
84
873
56
380
473
764
724
308
776
760
559
920
193
733
262
131
999
525
196
83
86
233
196
148
61
363
161
484
246
923
75
747
411
86
473
672
424
363
959
855
961
80
441
23
326
811
322
641
276
993
526
224
376
429
954
525
857
812
342
950
380
462
416
486
516
569
627
9
571
99
679
516
393
62
866
736
562
264
647
9
588
155
325
838
481
367
233
117
896
20
909
437
500
646
647
278
521
746
963
966
463
774
490
125
780
743
340
73
617
507
346
406
223
895
784
633
6
71
422
171
765
618
135
680
154
478
668
65
4
163
384
898
839
256
219
559
688
698
454
558
460
858
508
146
569
5
932
416
20
240
952
694
654
489
612
585
978
83
381
367
273
866
287
636
307
780
370
372
393
551
580
71
898
181
871
458
152
944
579
777
475
527
190
479
815
654
319
711
80
794
283
878
409
255
491
94
823
494
182
518
647
150
492
252
922
699
843
730
999
908
399
910
636
630
383
314
526
853
531
682
912
407
777
678
281
539
883
599
534
851
542
941
192
285
696
175
167
357
883
897
976
328
781
764
540
439
236
294
943
810
281
377
259
13
702
738
292
429
735
7
741
50
848
217
788
93
214
351
128
224
200
604
222
563
164
310
641
762
316
225
553
819
902
574
945
642
615
100
330
329
199
105
411
849
778
331
396
791
172
404
862
598
949
596
972
770
167
872
276
690
456
436
467
80
93
494
344
624
325
101
699
274
27
872
822
360
910
145
428
289
870
419
94
130
914
608
955
567
196
119
834
467
335
578
853
404
311
164
113
72
236
461
446
947
180
889
981
471
238
158
433
154
295
708
619
919
536
760
291
593
975
2
345
499
886
388
16
771
636
930
607
566
493
419
170
162
244
172
104
176
358
969
813
651
583
392
362
125
177
920
198
794
939
362
765
354
613
75
915
925
299
819
803
210
815
803
427
664
835
354
91
631
866
519
525
718
990
380
955
239
268
545
139
951
411
856
6
59
115
253
158
181
296
300
461
220
540
499
63
42
402
600
834
625
20
804
511
286
485
219
350
255
748
525
245
469
974
226
189
68
754
835
498
773
614
421
374
712
386
52
92
901
456
906
699
248
255
468
871
790
191
196
215
644
610
482
851
180
178
879
544
949
668
869
644
233
400
770
709
80
952
649
442
736
921
589
715
103
30
210
261
320
326
631
148
344
130
81
752
885
218
969
739
343
948
49
100
471
272
78
649
683
716
564
435
153
475
346
182
74
301
3
897
648
492
134
358
626
273
698
330
644
877
591
754
761
681
222
29
659
171
907
342
131
54
114
333
717
829
26
280
644
659
906
33
351
696
326
888
443
994
708
533
241
803
621
169
517
170
883
555
597
89
196
948
687
622
449
461
793
25
218
454
781
589
696
847
655
290
266
598
710
708
909
211
774
277
818
441
794
603
211
11
298
277
636
761
29
437
339
850
644
47
356
294
720
350
332
421
530
523
601
172
880
270
563
605
137
991
967
450
709
642
3
617
45
900
227
309
839
268
661
156
237
50
131
554
799
903
363
766
644
902
844
929
404
504
171
637
716
5
538
969
570
451
625
850
722
257
549
178
977
226
709
653
968
138
422
681
813
350
409
240
938
766
985
382
775
62
550
756
606
544
834
833
286
340
974
537
246
847
423
993
987
884
485
706
877
280
192
522
958
475
243
24
369
258
939
626
235
450
176
559
29
657
528
832
519
396
951
814
99
363
353
240
69
206
60
28
432
776
969
248
456
783
813
249
636
113
302
56
748
344
388
501
866
755
458
300
363
827
645
198
999
479
912
72
742
590
146
975
625
520
542
176
529
517
647
316
761
165
638
296
432
763
399
843
827
148
342
973
334
374
773
93
758
182
69
337
120
566
899
712
986
481
689
67
636
126
967
654
645
721
689
462
452
558
340
308
778
166
620
838
146
969
397
674
81
820
910
528
456
660
900
528
198
11
716
847
608
92
22
381
623
182
34
610
996
685
166
712
229
129
908
952
964
539
720
426
904
112
384
954
645
714
372
675
107
350
66
969
198
636
347
389
864
554
822
948
426
356
503
812
912
540
700
636
232
479
337
2
617
125
178
26
383
656
129
152
383
499
777
724
286
886
207
14
818
754
610
116
381
311
861
643
1
101
162
110
64
6
607
46
758
893
342
825
22
414
899
129
544
77
265
316
811
642
850
583
907
863
630
43
762
595
320
388
999
873
468
798
537
618
710
683
438
332
42
423
547
129
994
939
802
274
989
115
477
624
646
263
311
81
514
679
204
238
183
320
376
164
287
344
135
435
44
865
652
740
466
524
683
818
731
456
251
853
741
717
359
427
308
222
524
716
781
448
155
330
332
586
961
148
637
956
980
553
993
878
771
635
750
745
805
628
5
806
888
899
552
999
272
277
331
652
414
459
243
170
970
523
894
382
386
526
707
13
11
237
367
75
411
895
658
554
744
282
723
389
993
816
254
566
38
417
699
96
878
945
22
720
972
507
649
162
460
232
639
784
141
904
429
296
325
269
937
65
298
478
743
827
202
26
253
425
689
652
542
378
579
306
990
496
398
459
487
466
320
150
520
603
14
520
607
636
26
560
956
200
393
727
645
962
468
12
217
872
218
477
2
184
972
969
992
606
635
457
378
789
463
663
358
398
590
593
924
938
587
314
677
406
309
827
111
483
603
656
491
907
27
315
806
631
306
365
868
518
36
92
482
639
754
863
784
939
945
438
443
132
265
232
171
148
385
488
614
586
689
915
915
723
207
703
664
224
167
505
221
44
19
521
451
538
685
269
704
129
710
804
67
222
134
802
898
769
589
205
925
367
931
389
387
188
115
907
47
494
708
655
412
713
481
433
258
329
109
258
542
748
494
131
63
309
760
686
320
748
186
691
341
24
643
427
143
575
358
587
658
3
41
929
423
730
460
492
920
808
407
308
845
331
895
632
516
61
712
817
582
693
409
288
828
913
670
545
287
336
601
18
21
171
21
855
169
488
159
405
787
540
171
871
914
616
140
733
108
399
900
272
804
160
809
452
177
109
921
550
382
502
879
966
238
460
148
939
290
228
778
625
125
589
66
207
147
59
19
365
176
61
368
496
637
235
621
507
414
479
274
347
750
361
907
35
841
328
547
734
113
745
491
275
928
343
419
262
141
85
380
507
693
277
502
360
816
537
65
383
342
833
994
735
80
478
741
909
739
87
281
756
758
409
240
110
185
516
63
748
182
251
412
516
337
521
948
509
858
798
337
151
485
299
941
663
497
952
850
357
541
831
528
333
722
772
158
698
868
633
220
465
347
913
367
81
728
172
199
563
563
93
203
95
106
294
532
501
975
988
906
422
670
287
588
829
800
128
952
722
692
660
533
793
626
587
265
820
374
316
371
245
464
522
100
5
734
159
420
193
94
469
322
419
788
627
623
547
190
473
881
458
190
347
629
156
861
885
501
282
304
855
963
350
211
664
205
901
771
465
89
977
269
640
48
219
99
658
26
588
757
219
671
296
154
829
33
591
768
724
499
50
755
83
350
413
327
317
385
629
561
205
83
451
477
297
632
182
275
464
129
514
691
441
993
826
921
577
618
861
861
175
930
998
885
516
711
706
429
433
501
826
610
14
521
386
242
138
541
512
849
575
839
942
533
922
107
413
941
537
500
345
532
270
909
610
184
955
468
884
154
78
754
241
46
247
932
141
659
706
624
833
24
809
816
858
850
463
357
777
681
501
696
604
777
742
670
394
552
235
898
125
73
54
774
164
81
140
160
625
879
979
399
445
212
536
971
138
778
409
129
672
869
144
42
688
421
507
713
405
475
506
77
350
784
609
149
233
978
403
60
183
720
165
366
429
385
686
519
923
79
927
74
442
372
113
279
112
695
389
55
407
111
103
983
153
440
974
724
930
698
589
841
404
29
864
330
640
39
249
160
746
697
274
543
441
409
40
74
261
591
285
377
415
601
888
521
573
936
519
9
54
757
803
785
275
477
590
48
576
481
105
543
26
959
268
215
640
673
906
882
543
420
996
196
361
988
239
243
557
125
128
293
155
280
514
679
555
671
154
426
277
822
457
93
484
404
546
939
439
814
930
768
752
426
620
627
555
300
860
173
288
256
388
915
263
800
361
273
89
395
306
63
689
20
823
445
628
38
38
836
946
527
480
63
312
974
357
160
768
824
346
675
253
778
458
309
113
412
351
760
969
274
237
103
675
134
130
649
769
760
803
158
908
557
425
102
29
686
653
758
166
240
242
286
695
231
174
359
411
99
677
548
122
552
125
218
104
932
964
256
931
879
370
150
37
508
195
506
833
426
192
216
712
333
217
681
730
215
424
482
469
182
930
840
324
958
910
910
906
753
25
941
596
359
265
292
775
247
361
163
807
221
934
519
164
477
666
56
686
192
658
799
37
168
880
490
557
190
345
485
354
590
833
160
11
610
582
434
302
144
697
265
430
109
395
188
810
949
765
398
589
294
420
780
250
880
678
305
242
467
921
9
53
682
640
88
90
497
431
359
876
131
463
570
786
240
352
27
429
739
949
23
662
883
837
101
291
230
709
919
197
262
102
858
930
893
286
904
436
609
508
571
250
949
488
222
942
438
255
521
635
445
828
27
555
291
328
163
217
190
864
216
336
171
703
322
877
162
443
730
520
377
132
706
545
302
631
17
238
732
35
887
372
483
29
755
80
777
359
497
504
460
663
655
926
759
660
927
3
325
887
333
391
668
12
868
984
115
462
423
513
98
540
511
550
504
880
661
207
140
958
23
832
928
212
966
631
35
701
560
741
350
79
128
368
830
423
830
356
748
379
684
5
27
306
955
430
610
100
699
620
229
478
587
696
973
840
109
177
990
686
176
369
271
485
431
303
654
909
242
849
636
212
771
770
709
487
471
959
646
256
164
934
612
257
687
95
74
914
581
162
510
84
558
385
406
19
551
867
310
536
876
903
828
37
836
601
877
797
467
651
370
268
276
64
356
191
333
477
351
664
756
937
653
936
112
757
408
690
287
918
1
528
69
174
699
508
217
929
80
880
717
796
475
934
449
155
214
581
981
420
516
805
450
905
980
349
32
245
260
966
312
907
56
388
372
49
301
698
327
14
740
854
673
601
548
398
948
503
180
556
577
437
1
880
522
848
642
748
105
397
868
848
194
327
381
572
950
645
551
482
919
879
950
225
960
961
538
438
994
740
524
958
100
319
866
538
867
387
867
617
516
258
192
786
975
682
368
722
516
549
811
854
710
20
550
566
340
54
687
350
596
361
91
974
766
218
381
67
726
129
961
771
865
332
461
404
603
31
375
35
292
376
846
497
334
915
850
873
938
806
376
499
147
600
292
284
471
930
166
502
148
447
625
504
937
598
165
968
923
243
761
81
862
452
906
772
512
676
655
631
842
668
921
575
275
135
562
33
74
248
750
505
72
945
969
698
304
637
434
889
908
893
719
114
779
821
381
640
889
415
323
929
264
323
255
93
822
967
880
675
804
251
397
217
519
437
51
956
679
496
182
774
660
204
726
395
371
574
37
181
333
737
997
897
355
981
266
560
896
37
822
811
695
185
140
739
196
661
181
27
31
545
9
60
57
896
71
309
536
409
770
616
290
609
660
336
216
852
373
61
687
21
650
841
35
945
23
688
424
89
897
881
446
155
572
259
175
688
844
489
712
51
115
934
184
392
472
651
762
487
769
309
619
6
942
632
668
733
844
994
516
909
665
635
108
579
465
730
173
317
787
833
820
903
259
934
299
280
476
859
91
218
280
687
474
812
767
618
979
930
81
196
819
272
795
880
506
927
490
122
940
37
844
376
572
508
604
325
69
14
887
108
423
306
278
691
268
522
14
736
1
718
868
619
895
701
589
916
209
440
432
142
3
691
524
373
944
195
859
743
374
829
72
108
953
556
483
313
810
323
755
774
956
515
915
963
233
301
637
508
85
546
842
871
215
270
968
516
366
212
167
24
29
472
22
218
398
308
662
998
395
555
260
72
472
59
367
932
957
827
713
600
858
482
11
901
189
232
622
535
325
514
458
874
726
515
855
73
819
993
749
73
754
858
140
905
285
54
564
284
351
961
167
560
381
916
768
224
575
2
328
51
720
51
354
615
707
586
183
982
820
733
37
526
535
567
134
444
506
870
63
20
249
466
852
62
982
810
405
478
114
510
572
948
508
709
327
332
301
272
432
927
212
93
244
252
18
635
296
237
976
757
30
527
152
67
591
668
452
575
557
483
759
755
307
571
768
497
937
206
66
909
118
788
898
716
649
899
266
36
778
181
275
383
714
571
534
971
37
269
170
655
233
623
615
486
736
72
291
482
333
647
244
606
191
242
98
386
44
199
778
925
676
273
426
536
29
241
426
208
609
74
114
739
999
87
330
918
411
82
521
200
130
137
931
756
775
92
28
392
162
259
336
895
375
594
634
501
335
890
247
97
395
98
453
325
407
272
409
261
487
443
518
301
877
852
307
743
420
929
967
889
178
674
736
144
345
591
552
613
656
118
253
533
1
369
687
448
309
789
569
332
846
841
889
973
965
840
66
670
969
560
911
159
702
548
541
211
614
505
139
163
826
137
321
525
646
261
840
452
190
42
731
964
897
279
472
895
813
312
7
818
902
828
51
87
30
964
519
968
927
374
116
539
887
263
675
799
98
296
236
770
365
715
210
812
476
982
225
468
770
10
85
385
88
109
12
265
875
138
310
129
419
250
914
239
619
41
67
210
808
855
464
564
982
789
807
94
197
489
991
536
610
12
131
267
981
58
934
150
899
13
89
448
71
68
564
141
702
542
41
549
344
367
226
158
402
393
265
27
866
372
444
321
527
185
67
785
632
654
587
657
316
920
351
383
185
30
47
709
444
405
229
952
355
879
442
873
137
487
35
207
237
969
513
441
150
11
532
600
318
316
853
160
345
773
88
850
297
65
752
462
911
948
782
659
767
891
583
450
516
642
274
244
393
931
586
220
412
651
23
241
838
759
590
844
786
480
511
576
602
115
441
893
565
745
243
280
680
412
249
758
796
920
69
428
39
498
857
434
250
757
644
280
953
694
83
796
688
200
971
625
243
682
345
612
573
377
821
127
819
302
945
609
79
685
970
333
921
985
349
364
792
750
823
510
573
154
155
282
745
889
323
889
827
427
476
268
654
35
537
120
944
618
228
908
738
57
752
785
993
751
125
22
813
521
833
958
650
718
96
107
13
79
337
287
650
852
765
877
156
145
126
657
688
377
228
171
475
193
934
305
161
420
362
631
847
929
268
671
7
796
499
645
155
613
816
671
950
674
1
628
314
577
367
814
314
194
416
957
634
692
566
856
398
854
969
447
400
388
716
573
259
101
771
444
642
71
169
271
220
23
81
867
111
904
910
120
237
659
806
843
542
242
897
843
816
327
959
191
360
119
83
449
20
518
55
116
499
766
69
543
467
688
452
698
899
293
81
208
948
528
154
581
855
310
334
57
397
12
707
554
648
40
477
27
147
382
579
657
488
386
339
845
332
630
264
283
795
373
526
472
272
265
323
74
147
941
656
493
124
803
118
132
916
198
6
762
877
61
624
161
380
932
329
675
985
236
502
401
86
842
603
190
499
744
869
728
923
110
914
258
792
444
697
498
967
546
24
537
297
978
989
295
780
616
189
808
553
145
716
994
794
613
130
307
199
782
564
700
228
297
242
19
928
914
746
688
496
736
908
418
618
76
135
558
662
924
207
102
298
34
252
641
244
432
696
647
541
520
414
32
366
159
449
462
211
644
654
103
923
184
687
176
972
195
818
821
732
384
633
40
396
653
906
323
750
759
247
5
101
178
298
875
206
269
138
150
743
456
337
911
776
445
662
764
231
850
945
111
57
746
621
73
305
741
976
350
602
323
227
509
224
464
531
589
355
897
66
478
455
223
597
722
502
230
975
29
592
562
598
878
794
598
78
119
739
725
344
953
961
229
142
779
397
248
456
598
37
182
805
554
806
73
9
430
962
159
95
994
632
510
274
851
827
792
263
679
101
929
421
355
829
382
680
495
101
630
183
418
179
687
305
15
859
657
619
986
196
82
451
517
739
139
567
666
585
793
944
560
633
363
763
382
19
375
310
266
164
832
512
857
763
380
692
718
856
506
186
272
340
205
924
694
267
864
222
682
795
367
433
101
953
524
512
882
959
97
394
644
241
439
950
276
310
106
690
364
821
716
413
716
318
157
838
95
277
633
276
535
689
87
427
861
185
555
963
561
740
846
927
9
706
893
312
206
388
443
308
687
717
964
123
871
992
28
234
739
519
194
972
746
409
500
760
487
124
861
306
58
426
714
459
151
855
421
636
63
733
549
961
402
972
486
67
623
829
405
775
412
496
742
374
656
909
321
434
820
677
312
170
756
920
256
95
550
151
320
722
324
35
575
738
349
304
389
128
871
590
866
363
234
295
941
196
849
941
200
649
768
359
132
104
721
5
935
4
65
644
564
838
875
444
825
778
548
472
907
674
803
116
534
516
332
789
915
13
526
149
553
326
255
693
947
460
411
742
273
340
621
585
406
651
790
599
588
14
218
291
308
370
337
384
361
452
578
945
690
395
6
43
857
423
637
268
439
659
287
551
489
562
900
380
458
577
197
493
251
865
900
345
873
221
716
517
530
54
385
611
158
308
102
914
599
958
591
918
924
925
808
960
175
12
642
529
326
930
846
629
173
320
903
451
223
541
361
47
258
100
77
283
861
34
507
63
415
725
584
545
735
634
60
865
846
212
868
98
707
206
837
766
266
995
570
593
16
73
162
325
909
52
441
163
664
158
426
986
128
266
219
598
637
9
795
898
517
833
255
181
920
532
320
601
758
310
194
562
563
452
681
747
324
790
473
613
416
370
156
356
11
348
741
610
178
47
936
131
887
133
716
720
676
358
9
193
484
688
791
706
443
490
466
183
0
146
789
677
720
551
256
623
841
127
772
967
651
509
142
754
411
184
130
221
891
293
855
514
550
213
776
990
53
227
756
47
196
20
512
241
594
103
78
74
393
549
194
489
257
361
32
515
975
956
805
368
673
610
163
684
952
949
170
273
375
882
278
726
40
596
116
356
181
400
907
2
684
933
239
854
848
631
34
442
681
683
508
281
502
739
811
250
932
611
798
549
141
455
52
603
545
373
432
276
430
970
110
811
407
545
309
475
652
874
0
511
739
24
129
738
166
234
374
219
340
62
31
852
893
206
689
161
652
918
800
476
213
704
714
601
173
99
355
671
702
940
313
289
355
275
839
170
475
28
661
682
595
769
879
459
77
810
235
38
841
285
46
326
725
444
133
113
866
121
827
740
524
492
341
265
707
778
760
3
45
65
56
336
397
203
682
623
422
470
911
469
688
231
985
506
900
563
347
311
616
254
44
835
334
466
786
464
37
914
204
880
872
120
11
901
195
745
41
291
696
832
873
793
441
712
523
819
982
690
325
490
294
930
680
355
947
224
541
814
448
734
939
254
623
557
387
952
715
19
197
716
79
601
451
377
576
643
306
996
229
312
954
971
494
937
476
938
679
249
816
820
86
456
713
81
828
636
869
492
673
419
68
734
947
75
672
255
554
828
686
48
886
225
661
145
417
565
307
101
283
799
557
596
609
738
421
731
826
689
100
259
46
471
22
881
206
878
308
822
620
475
115
596
55
24
705
844
697
833
802
959
873
329
478
699
690
943
971
158
802
460
558
542
201
65
616
205
575
883
928
642
457
770
768
157
71
888
490
200
315
30
349
238
573
634
747
157
817
812
936
822
564
170
757
603
914
591
814
152
956
215
543
817
765
619
64
854
284
756
460
54
157
820
674
971
205
187
361
30
325
549
817
317
572
749
736
322
754
906
397
22
65
694
425
690
884
248
380
236
46
218
170
425
26
733
910
632
591
187
706
664
608
873
626
779
485
606
725
145
744
388
273
361
291
956
802
778
705
396
379
8
952
645
437
586
18
376
511
833
155
600
960
821
456
5
520
686
22
16
54
138
257
385
983
764
695
989
222
523
921
449
50
609
266
229
822
994
562
588
67
85
528
39
470
288
410
196
377
556
523
668
278
720
94
248
117
419
436
167
916
665
716
464
318
456
248
554
314
699
979
932
299
310
143
533
351
436
579
501
802
646
352
293
264
439
151
832
183
378
113
312
504
536
739
103
839
169
397
815
973
132
310
86
437
666
122
406
370
882
330
188
836
610
416
400
716
891
561
500
492
244
821
50
814
706
333
97
343
614
801
738
268
574
252
579
195
319
16
616
301
428
129
636
915
190
185
952
271
633
750
556
983
799
373
858
547
928
295
15
362
57
54
316
394
569
995
991
162
547
132
976
763
163
12
294
155
292
516
165
515
993
242
261
279
933
633
146
655
559
844
308
589
14
30
369
975
359
121
342
881
110
855
712
700
693
242
768
27
930
807
457
830
481
937
56
220
673
654
188
668
204
77
175
771
780
148
640
221
600
647
740
616
54
984
784
605
386
457
737
563
561
840
253
956
477
333
198
402
317
788
338
76
705
841
657
206
95
18
227
920
983
103
704
366
386
871
465
570
296
628
613
535
437
749
83
366
798
897
417
168
104
267
387
49
147
204
597
831
267
922
458
83
355
66
247
734
463
551
27
821
239
512
457
88
959
904
238
161
401
859
813
402
304
262
968
468
548
589
638
178
815
712
259
475
682
287
52
199
956
148
311
232
276
137
133
575
78
120
62
228
561
612
157
277
805
218
827
684
537
612
462
931
460
552
98
597
714
75
550
465
287
352
938
525
133
594
649
43
815
87
544
692
745
28
10
340
264
493
138
226
322
766
42
285
411
497
691
402
218
219
641
425
388
216
626
254
114
708
928
570
194
636
785
340
436
917
437
6
727
206
761
507
713
19
446
619
259
566
433
624
810
497
479
869
61
432
105
977
683
891
484
44
185
279
206
364
521
942
369
243
274
744
95
996
979
973
540
687
995
244
23
987
143
447
419
347
618
298
256
716
95
419
22
466
605
349
511
864
389
457
562
232
972
218
586
25
146
232
27
942
199
76
295
35
621
483
537
535
648
772
584
451
257
876
72
100
13
993
38
220
937
925
868
249
365
129
603
364
953
983
358
322
580
24
484
411
36
885
106
690
367
71
665
817
292
853
56
482
121
602
361
317
574
612
966
630
555
896
684
557
246
284
956
710
201
270
387
593
87
966
860
809
931
175
807
819
669
657
827
562
75
924
543
22
991
326
617
315
216
93
715
385
792
486
467
766
542
423
725
48
507
764
462
136
249
749
663
669
988
579
271
485
521
660
950
37
492
210
532
241
773
60
630
153
32
662
806
501
165
177
399
137
990
836
75
908
459
994
945
814
24
863
650
828
186
546
995
370
262
415
496
668
230
923
602
240
304
172
735
532
226
50
285
809
662
396
2
521
628
66
650
467
364
827
859
636
962
3
100
995
754
139
515
447
328
959
897
21
525
161
249
680
971
32
832
518
30
612
843
940
257
266
388
50
868
788
56
411
284
309
384
694
508
248
593
438
559
296
358
479
386
666
601
960
804
300
572
930
535
769
370
22
418
108
7
156
782
815
770
262
202
548
103
62
454
877
678
758
992
601
274
190
318
224
157
449
829
945
220
299
348
111
86
901
931
999
434
209
728
756
832
614
874
842
472
215
650
833
794
217
948
595
849
294
497
374
472
471
132
381
94
989
189
354
850
827
779
933
260
350
558
382
162
111
19
68
848
655
186
841
692
677
595
950
749
593
736
804
823
577
62
109
514
106
747
436
505
89
929
643
563
312
921
73
939
920
903
834
721
709
132
417
15
907
682
534
416
38
481
135
406
359
191
123
116
795
874
198
48
673
191
327
402
317
198
748
960
713
621
539
930
65
656
346
55
35
449
596
198
639
309
931
339
296
21
621
138
417
547
221
274
486
13
185
216
814
969
424
618
609
219
229
313
291
898
489
303
660
44
6
895
500
738
383
639
4
643
595
360
551
22
46
328
109
678
47
799
717
319
24
525
124
910
606
473
957
21
587
430
211
450
361
840
583
973
397
462
724
573
217
206
422
992
891
591
77
132
129
316
422
251
582
820
776
606
52
482
648
533
562
724
906
309
469
623
27
879
526
21
914
112
915
253
566
59
697
439
657
537
700
496
152
35
295
602
717
548
174
37
342
562
157
835
894
80
797
718
668
18
937
290
496
452
497
314
706
764
325
421
478
447
631
594
516
615
130
576
915
312
178
931
963
906
194
168
440
623
892
309
585
882
102
784
879
272
420
789
39
604
751
959
717
515
28
106
706
392
345
881
191
147
661
998
308
175
923
320
82
54
11
848
278
4
494
781
40
155
956
732
857
493
642
826
230
244
434
997
230
138
216
143
222
105
544
580
645
750
518
563
974
454
685
769
298
44
264
670
255
562
58
850
654
896
144
466
324
475
243
944
184
247
608
349
536
41
723
70
638
413
153
352
986
182
855
347
591
310
177
735
673
401
376
538
157
420
573
69
308
82
914
757
459
443
217
304
826
919
522
485
613
551
281
243
224
334
196
862
725
196
676
875
639
85
930
174
290
682
254
20
691
94
259
759
716
757
51
404
447
80
908
641
791
903
583
480
955
677
57
185
143
309
336
439
987
570
768
687
506
99
925
783
304
396
333
231
656
126
491
129
569
886
377
760
393
391
561
292
831
252
227
545
145
16
897
945
650
528
370
539
90
566
892
895
157
98
408
780
346
174
372
490
103
635
648
104
637
916
858
616
709
100
547
808
523
465
597
492
363
331
272
738
118
871
368
535
688
939
781
863
540
180
938
676
791
747
491
302
357
629
37
395
46
604
714
662
51
574
869
494
812
732
397
329
415
431
257
296
797
971
924
839
995
552
801
21
1
851
619
496
786
996
510
145
503
670
428
958
246
542
399
784
170
192
269
141
974
507
646
641
216
617
236
148
712
100
659
750
426
54
197
639
477
711
561
168
859
105
875
913
513
374
21
306
778
724
73
105
510
530
470
559
525
701
607
818
70
860
437
358
253
975
268
378
840
438
482
224
148
739
707
111
866
188
273
446
285
550
546
16
965
870
531
294
786
576
499
954
272
893
601
144
699
665
52
718
878
891
288
88
66
12
123
217
241
135
173
458
221
59
974
204
177
442
999
844
713
773
127
433
934
920
868
496
131
759
26
466
965
736
206
537
208
955
144
945
461
932
477
139
914
1
50
988
974
692
13
287
384
775
469
950
505
801
809
235
596
959
435
692
69
714
546
763
6
436
421
932
591
515
405
259
159
505
967
597
390
331
430
562
365
103
789
887
417
646
741
710
481
170
190
643
773
145
501
317
418
306
759
674
384
638
434
310
165
836
565
428
44
497
870
831
820
8
775
307
291
964
603
244
935
762
844
112
994
675
121
112
979
12
980
949
238
377
165
984
353
148
398
384
180
426
116
728
764
752
390
141
114
455
942
153
180
924
896
893
542
848
476
14
937
892
513
650
773
777
711
997
446
4
214
154
39
387
473
602
580
472
612
423
108
208
320
67
62
423
695
78
521
84
50
447
700
666
965
404
705
273
276
830
937
335
938
711
55
852
276
219
161
444
950
650
342
496
340
371
2
841
133
614
782
536
660
832
967
514
637
88
530
293
983
402
65
143
258
884
252
658
966
592
437
157
606
330
370
862
183
482
126
202
801
785
964
21
540
93
939
330
680
809
807
941
671
171
805
703
419
50
713
567
805
345
529
783
172
838
410
955
226
774
904
354
952
370
377
65
576
796
936
628
915
765
371
385
766
42
881
519
583
333
953
761
988
918
169
257
881
645
656
754
551
763
688
94
195
266
845
34
264
765
896
518
917
964
250
171
884
358
457
671
870
786
995
656
238
982
665
294
929
415
47
286
585
196
540
553
409
565
52
372
90
252
666
225
171
442
227
716
281
981
164
364
150
264
248
635
470
509
365
236
572
647
829
245
492
225
368
196
463
796
481
742
754
641
616
309
312
440
413
989
523
294
128
858
658
943
202
902
686
81
909
573
78
77
347
264
809
720
245
429
445
35
782
149
691
189
492
781
949
327
598
664
990
432
407
685
722
489
633
219
370
238
147
918
389
857
781
965
284
842
995
233
187
445
250
650
869
201
37
269
635
776
784
632
243
853
511
801
5
856
614
544
458
556
527
303
93
986
251
69
144
583
111
635
506
488
382
872
777
50
560
299
354
124
602
184
312
765
551
862
71
22
470
766
675
533
571
947
840
151
749
457
283
334
728
121
432
836
762
204
895
822
932
366
603
403
171
545
608
415
102
222
726
400
463
693
238
448
343
56
264
129
991
109
208
400
384
431
738
660
117
162
555
288
590
802
768
189
313
482
389
595
849
714
933
261
647
258
905
666
170
707
468
70
60
562
540
904
759
951
259
561
187
959
129
489
546
658
443
581
39
635
399
575
971
180
323
825
574
804
316
66
921
428
921
244
315
833
751
763
399
813
200
856
248
829
40
710
252
534
967
323
126
137
216
113
415
363
187
281
800
411
910
866
562
633
275
596
76
758
78
89
839
685
425
721
829
660
357
752
621
744
387
187
700
333
990
587
284
401
797
252
959
668
488
678
449
915
142
557
796
398
895
439
483
872
985
107
699
407
959
414
902
825
34
685
501
900
455
555
756
669
518
327
538
716
986
121
655
353
680
954
371
30
300
723
959
672
310
429
168
918
861
865
655
28
675
438
244
462
878
739
502
807
203
974
407
172
971
514
483
283
513
205
768
9
106
124
753
620
526
85
35
857
114
215
939
184
779
900
132
439
195
904
44
834
834
461
940
42
278
854
327
17
859
569
617
795
822
938
215
44
584
710
582
487
20
481
614
266
850
219
197
259
602
17
448
433
111
645
663
728
570
877
537
772
945
732
903
143
286
167
626
403
318
156
610
764
457
871
715
379
82
725
11
90
539
467
627
971
620
525
471
958
892
554
544
146
655
214
718
782
188
466
945
510
948
777
818
368
42
592
589
914
320
470
661
425
579
843
824
403
748
434
291
968
479
21
820
43
772
992
846
310
361
521
693
896
43
970
698
711
217
399
147
917
62
872
660
973
792
409
203
918
510
338
505
60
950
956
574
305
405
755
102
63
73
475
154
266
592
106
223
31
750
704
555
310
200
109
897
632
906
516
204
711
709
132
981
4
433
597
462
122
997
755
357
554
982
790
274
964
36
556
835
358
760
549
836
442
50
184
850
21
464
160
43
960
860
809
469
439
492
254
191
634
791
393
950
644
124
186
538
10
156
613
544
785
362
606
760
354
598
576
0
4
830
750
169
152
16
440
548
192
86
151
465
276
289
611
385
1
670
865
883
405
750
64
599
651
270
776
874
66
299
483
933
497
379
123
255
920
744
320
235
627
426
612
202
354
805
139
718
889
85
332
861
120
897
14
597
330
591
219
831
671
46
313
360
620
208
474
477
125
810
882
812
901
365
934
875
760
284
575
773
926
472
418
974
200
27
640
655
636
923
206
606
881
151
509
871
672
987
843
348
840
666
157
917
190
706
210
726
530
622
432
748
493
536
809
34
775
323
550
576
574
701
321
486
102
855
640
273
158
404
78
304
813
262
968
304
612
680
785
49
215
544
648
968
318
537
669
810
675
526
883
332
808
873
774
479
788
784
836
260
440
173
707
843
734
229
988
725
395
63
366
806
342
772
711
346
306
104
651
145
291
184
172
723
567
893
433
230
133
259
927
302
4
185
285
54
601
591
196
462
775
358
1
204
936
745
7
630
471
485
77
407
675
251
170
334
847
686
756
290
810
388
438
876
569
823
895
1
747
279
505
5
969
460
778
598
29
820
188
297
713
329
889
174
60
982
659
949
913
927
120
213
324
988
527
838
759
8
859
253
371
771
208
273
660
863
55
261
154
654
918
166
365
8
758
87
516
989
180
47
129
702
668
12
291
15
495
119
701
706
300
437
901
623
505
902
342
771
898
158
185
426
818
184
555
940
984
267
312
751
515
682
202
843
583
882
241
828
856
490
627
160
477
500
732
818
203
879
185
535
959
728
667
418
721
262
35
7
446
254
310
1
949
740
855
421
747
915
826
878
929
352
329
524
908
498
558
8
705
719
358
919
28
692
830
681
520
846
59
729
578
861
952
895
252
271
464
589
411
272
390
26
943
417
355
293
523
128
744
303
550
112
203
110
764
497
553
748
908
913
849
226
288
869
345
622
63
721
194
659
483
850
975
945
694
296
894
669
327
85
759
775
550
133
479
467
43
361
892
530
325
955
32
441
440
215
983
110
943
216
429
661
370
327
619
812
803
958
735
737
429
602
520
756
351
702
929
50
268
181
425
75
357
426
715
783
934
106
779
990
630
198
818
569
60
232
152
435
835
309
354
30
765
626
537
539
291
558
794
651
164
537
751
194
529
276
803
912
988
748
677
160
450
161
139
815
280
900
770
966
972
577
850
734
541
600
551
862
116
933
975
514
802
480
392
295
16
49
78
953
239
631
617
311
563
749
50
526
604
543
269
897
467
127
911
688
417
26
978
621
916
341
146
978
776
142
344
787
552
854
461
923
85
995
261
101
191
240
525
901
391
48
567
858
862
217
902
805
704
597
805
604
396
729
843
894
490
915
809
31
132
982
230
568
419
983
993
98
9
894
991
563
289
594
88
44
756
668
504
151
400
548
628
195
617
218
531
628
892
554
721
821
952
555
942
529
353
435
29
309
886
288
315
369
768
39
801
287
219
539
154
45
454
333
81
400
54
653
559
307
639
971
790
872
877
928
771
923
855
236
185
246
955
794
104
152
688
630
568
486
99
927
831
321
692
679
578
375
560
254
674
12
208
961
855
174
120
750
486
962
367
807
649
746
831
526
81
127
182
838
391
906
257
108
520
25
267
898
736
269
718
243
682
82
42
909
187
376
707
114
183
770
453
465
699
185
144
573
520
554
907
859
464
328
877
834
36
644
22
417
894
635
882
81
277
274
922
143
840
202
256
37
865
221
897
670
15
544
301
971
825
172
601
691
319
139
849
862
686
357
742
532
777
507
390
23
445
413
993
263
156
756
397
244
275
322
670
715
334
60
246
632
669
758
614
872
83
330
701
577
248
24
201
538
311
578
18
471
328
470
159
754
361
246
622
561
255
436
925
466
470
433
378
170
209
408
333
370
610
551
36
74
599
351
393
271
802
759
399
840
565
116
242
31
634
538
513
281
366
579
29
763
597
768
685
115
764
745
101
538
655
462
592
568
783
390
898
588
470
253
367
490
778
631
138
747
549
241
939
653
455
172
569
10
162
872
92
936
878
144
691
540
648
428
47
557
587
857
897
86
177
435
736
99
829
814
880
610
948
493
177
727
389
220
495
328
656
326
386
723
456
234
389
645
654
61
488
480
181
437
682
485
68
698
953
117
640
883
720
735
230
133
409
571
319
875
260
775
175
628
160
918
619
706
655
481
30
766
230
965
693
955
669
465
208
236
382
318
687
974
73
505
210
729
136
728
743
765
533
193
155
964
695
162
452
477
22
386
810
598
203
407
877
885
517
335
120
375
189
611
495
43
616
701
778
584
668
950
28
585
49
70
35
473
228
408
890
392
618
484
634
208
250
569
108
644
694
120
202
812
417
191
584
795
658
273
271
503
58
556
848
698
364
973
315
517
152
171
95
616
723
890
553
804
776
212
476
66
408
63
622
108
720
510
165
13
216
348
621
119
327
967
217
532
177
565
294
435
57
41
664
946
184
343
461
728
595
685
682
70
674
796
90
772
219
665
786
230
240
35
29
108
547
139
200
977
333
414
204
158
82
764
392
498
987
436
353
107
588
604
888
105
859
526
756
735
838
85
44
673
702
816
917
74
996
623
968
549
27
816
131
136
32
830
6
994
331
721
461
501
558
140
868
302
161
779
972
833
734
718
301
996
751
180
663
814
251
624
275
676
651
532
80
961
181
851
364
335
239
920
320
275
793
90
575
146
211
251
570
992
107
893
263
410
223
78
481
649
957
915
515
640
912
626
895
293
948
240
337
841
630
583
278
230
124
868
988
905
469
237
691
503
435
584
425
580
611
262
138
295
563
460
689
723
510
552
138
454
315
431
321
78
174
752
6
845
270
532
18
809
896
1
328
858
495
875
577
337
717
801
395
301
952
998
383
758
639
5
219
90
616
330
71
908
785
943
70
105
425
282
568
962
893
555
145
406
86
173
249
828
760
271
396
985
994
741
326
684
861
916
826
538
458
356
210
744
124
190
719
536
433
910
685
161
94
685
766
785
7
593
646
832
90
660
441
142
173
312
994
728
497
848
573
273
655
329
392
582
902
744
287
672
310
652
599
917
673
924
439
919
267
419
922
676
259
944
666
611
561
133
780
101
786
56
230
737
974
225
728
864
567
358
793
349
44
875
878
512
469
367
13
719
694
229
126
585
191
122
3
346
316
952
309
958
20
10
267
85
84
249
173
52
948
42
765
860
719
26
336
998
940
802
220
227
78
462
697
214
986
0
355
611
757
384
281
199
749
46
396
464
785
614
149
606
300
162
630
144
939
881
688
197
159
50
737
432
219
310
83
89
301
731
510
668
671
646
296
745
105
522
766
469
242
546
334
291
382
888
657
880
889
477
490
666
53
706
862
185
543
312
57
319
935
766
566
912
970
31
17
981
811
984
526
971
99
39
968
242
998
475
523
717
50
64
62
152
754
4
102
868
292
871
451
894
767
226
231
305
363
250
368
797
447
721
408
455
80
117
869
976
197
68
138
617
342
791
591
207
961
931
59
546
720
881
805
595
376
390
567
621
115
549
937
288
834
150
36
152
403
365
346
711
584
852
960
762
570
714
963
626
295
104
335
964
91
331
202
774
478
445
427
606
234
683
730
958
537
936
342
170
865
881
510
574
943
313
340
39
578
696
781
473
349
892
587
308
160
782
135
766
257
67
814
224
378
920
739
694
594
256
556
232
92
351
697
709
324
956
841
17
480
501
752
308
33
838
93
480
148
614
726
760
15
578
467
421
337
587
758
699
965
572
125
58
195
454
578
78
322
699
896
608
890
222
348
293
954
789
775
256
464
619
