188
680
782
664
444
403
579
34
762
209
103
431
679
443
611
773
306
472
854
656
788
308
821
230
473
177
267
294
661
208
92
247
411
650
120
382
328
908
344
120
182
358
577
920
478
956
8
882
391
794
456
12
687
321
319
819
559
762
31
463
522
753
714
258
196
32
53
191
630
540
382
719
416
78
469
526
401
877
12
336
362
404
959
612
776
179
638
163
515
404
817
396
697
275
158
495
546
109
648
530
392
972
496
8
106
70
553
276
731
527
564
641
546
124
435
331
639
949
654
978
509
543
760
219
473
595
480
227
737
154
296
303
633
886
575
756
547
72
976
496
900
914
207
224
275
300
536
325
801
911
285
649
429
801
613
308
326
946
694
905
509
855
569
30
413
561
519
224
324
836
388
381
328
445
473
217
78
839
757
802
530
249
893
510
571
695
553
445
578
171
631
243
40
393
938
104
892
813
836
296
892
226
64
299
737
353
669
570
770
344
603
864
510
271
549
376
931
521
320
32
885
318
451
484
863
152
798
872
46
639
242
819
49
730
337
905
243
270
227
945
940
353
382
64
413
409
336
967
329
28
664
55
476
66
456
27
662
35
390
287
337
220
204
61
74
787
434
279
419
719
162
61
143
572
912
526
667
264
688
242
528
906
202
243
525
624
515
0
437
38
50
785
130
292
211
767
655
812
934
268
2
816
510
994
476
201
318
682
806
85
679
336
654
143
144
838
94
492
136
352
845
105
848
970
792
960
657
89
386
329
69
663
675
238
393
605
543
440
339
715
895
616
869
121
453
52
916
265
702
967
754
168
246
567
364
502
599
531
509
617
919
187
382
59
463
591
24
581
77
105
619
548
413
313
168
49
433
668
469
356
342
40
47
973
737
503
143
65
73
854
70
960
930
958
279
918
418
967
638
939
605
121
899
483
78
733
854
493
419
49
970
694
974
738
476
429
581
696
137
228
908
181
450
200
326
82
352
660
45
378
251
677
185
902
811
432
899
156
835
595
256
255
580
738
423
520
356
68
963
827
72
383
24
954
922
755
735
52
370
383
357
757
497
638
118
280
541
806
761
893
57
973
409
302
20
106
486
700
209
135
180
788
60
91
411
981
898
580
810
688
499
523
546
570
112
409
464
380
561
604
805
824
182
425
968
155
161
839
43
695
278
396
557
318
369
848
656
251
724
656
133
624
408
331
34
100
242
864
962
890
693
171
959
63
474
833
277
241
676
267
564
702
636
1
604
759
162
216
203
458
808
215
773
562
935
598
681
718
216
211
190
664
289
987
923
341
992
203
772
850
171
280
730
94
641
331
412
545
481
410
491
612
83
219
177
755
129
37
606
719
477
301
452
277
549
384
923
17
257
125
523
341
481
717
519
697
164
387
205
184
706
89
26
766
915
490
230
268
704
216
540
481
192
797
652
68
10
57
554
31
279
589
604
902
560
473
28
468
824
940
310
736
28
641
190
133
766
339
123
24
247
394
429
640
372
564
157
299
119
465
81
553
464
684
944
254
394
199
253
303
589
209
278
886
282
676
296
586
503
135
61
849
98
930
785
37
129
672
382
753
196
598
63
342
49
1
341
551
492
506
427
204
5
21
899
197
192
927
650
667
590
625
679
394
543
943
418
110
865
629
583
482
411
262
795
533
519
725
438
236
172
984
294
736
415
940
11
771
614
979
168
642
645
848
283
36
358
498
580
371
61
144
667
424
972
702
436
377
106
627
532
920
163
953
196
828
264
777
512
85
908
315
835
885
525
496
196
557
489
908
222
532
944
502
727
344
682
839
623
707
446
763
11
293
344
646
102
235
876
163
309
560
379
133
811
255
212
337
252
308
435
642
512
377
906
172
90
260
408
256
309
382
251
463
259
295
300
568
988
295
690
241
837
462
514
870
378
127
911
83
766
643
968
394
803
983
576
841
506
236
134
542
879
351
98
186
696
474
249
673
894
966
161
639
295
752
791
649
707
990
255
830
999
32
268
150
837
26
556
566
920
775
488
950
175
945
149
754
46
47
347
838
838
77
477
411
864
797
275
959
781
951
395
667
812
592
644
769
777
646
909
699
618
236
154
281
539
587
488
330
687
560
253
437
271
733
115
106
107
65
831
10
988
211
719
96
691
870
760
168
988
794
485
492
521
627
221
867
444
53
590
391
542
327
657
508
713
125
4
392
849
976
347
794
645
546
450
733
693
832
732
137
323
777
692
250
388
561
504
384
993
480
681
738
38
707
168
182
453
63
701
363
748
340
871
449
781
725
370
229
284
392
9
112
925
655
651
889
233
988
639
439
420
243
840
945
572
798
854
20
897
505
574
236
153
118
477
530
384
321
641
68
788
710
815
645
893
664
522
430
234
167
215
27
842
378
548
961
418
723
239
943
708
398
240
311
531
857
582
464
630
919
94
657
135
975
481
385
82
588
585
464
889
357
672
871
872
27
737
882
620
15
419
581
71
172
246
197
107
192
447
728
349
548
831
284
270
36
575
850
24
233
814
316
287
461
532
890
963
756
534
119
854
432
943
538
525
801
502
726
450
578
328
947
1
709
537
695
811
526
704
636
271
973
580
193
811
355
467
895
198
995
173
904
695
719
497
833
735
779
722
662
225
79
302
517
897
925
223
812
831
172
502
571
383
627
73
385
706
415
195
606
870
790
354
405
804
749
491
253
92
694
432
919
42
24
219
751
696
466
639
253
223
931
865
430
944
994
6
977
784
147
944
736
384
203
185
850
498
369
600
745
668
815
497
158
167
432
222
559
522
897
375
361
123
339
900
910
996
412
380
547
230
132
654
489
559
638
530
42
627
554
457
712
437
138
741
385
902
671
937
941
981
954
588
449
940
992
336
123
93
154
479
150
916
13
993
868
398
199
867
363
231
542
720
948
344
511
521
101
722
601
31
876
305
787
80
204
414
17
925
207
460
896
76
613
721
3
861
409
92
872
222
244
538
105
416
262
921
910
242
7
164
228
438
233
154
693
337
740
574
753
606
908
330
981
507
344
410
623
429
889
158
94
913
429
81
117
784
9
441
594
244
9
845
235
783
797
75
184
713
297
632
795
475
813
397
857
839
786
678
806
753
80
916
602
227
378
422
455
685
641
78
39
132
966
839
766
649
703
97
110
806
703
932
888
475
149
704
454
176
869
178
907
635
700
825
840
624
562
802
305
158
354
631
447
511
196
414
310
178
755
817
828
187
673
246
966
139
34
64
638
24
481
86
697
725
205
273
98
923
774
957
168
5
687
648
152
228
312
488
193
153
569
208
588
359
326
793
536
504
230
384
533
549
575
612
10
908
442
977
529
31
750
902
263
929
856
372
228
351
279
338
841
915
124
312
38
833
868
969
580
256
631
417
437
149
5
479
227
430
457
837
910
22
564
657
819
14
810
314
367
693
635
803
530
992
725
227
393
654
921
321
391
757
322
660
859
955
79
149
171
749
184
975
613
64
461
40
260
544
183
640
128
251
322
453
740
512
645
865
588
763
21
185
808
268
343
212
509
11
517
335
481
956
409
914
367
177
885
74
646
634
491
337
809
744
968
246
103
250
166
921
830
808
526
93
955
328
380
413
799
620
467
172
432
255
318
179
343
216
574
904
585
159
47
765
435
223
794
852
122
964
424
303
595
458
863
814
841
290
444
824
926
708
956
1
981
870
657
815
389
981
449
702
647
896
768
472
209
370
162
410
238
754
917
40
508
764
159
823
271
124
452
532
310
159
318
533
166
168
582
600
357
47
320
592
957
730
708
409
105
516
536
830
861
235
913
309
559
417
111
468
780
562
730
351
963
667
85
4
716
46
541
471
120
783
243
372
153
385
295
198
469
877
598
964
255
105
836
778
404
611
979
622
623
498
539
282
353
264
895
589
386
759
489
235
996
608
96
238
912
271
761
385
369
2
153
155
47
893
399
651
250
286
298
692
447
383
279
340
663
475
57
79
404
240
200
367
48
995
812
885
99
226
743
840
179
922
746
373
250
714
948
491
587
376
828
805
59
571
811
820
707
957
990
997
437
64
242
873
700
344
881
451
870
780
239
207
734
940
875
641
931
555
644
956
16
310
688
338
829
816
237
633
992
377
209
626
650
975
330
76
780
82
430
553
685
912
280
68
91
17
600
416
328
310
867
145
143
562
383
279
358
689
477
44
489
911
338
675
39
415
749
120
262
524
783
189
964
637
369
291
327
859
66
190
218
636
140
519
179
791
96
646
779
676
243
370
864
985
867
28
691
864
79
22
434
4
356
775
407
25
526
845
699
432
999
896
952
623
516
952
551
957
869
76
477
822
833
545
74
591
326
426
877
21
617
142
310
720
106
895
95
25
769
451
365
305
615
165
562
378
498
393
463
454
36
215
267
32
207
412
438
865
138
458
955
809
924
959
379
553
665
282
504
926
738
713
456
143
419
865
439
627
602
624
251
306
796
482
398
878
369
571
949
951
688
827
682
985
610
363
343
371
426
240
732
405
69
893
951
880
29
78
985
339
493
55
646
588
644
459
628
735
481
353
712
144
148
158
807
245
853
999
30
197
92
103
272
134
473
829
542
232
983
809
360
740
362
273
553
119
558
231
554
192
433
50
42
315
371
518
802
107
237
87
153
982
20
342
727
28
473
858
84
825
793
203
528
700
684
341
716
814
493
978
175
890
470
391
440
34
577
168
77
45
636
558
746
583
180
840
727
560
903
617
764
180
156
713
480
962
643
886
320
437
425
937
942
711
799
595
664
617
223
879
89
443
572
271
264
102
301
845
116
576
128
53
479
298
874
946
136
777
774
116
367
124
887
687
406
332
421
373
686
641
355
153
366
383
75
167
646
59
51
841
587
245
406
155
192
581
18
782
446
211
686
147
619
687
831
409
589
939
557
827
821
807
157
89
52
953
714
128
89
227
563
777
129
555
745
831
705
316
310
743
504
68
860
382
257
973
834
838
233
178
321
162
614
897
59
35
103
335
892
141
892
494
10
765
628
174
553
0
720
410
447
179
693
570
323
740
575
967
754
201
335
726
689
544
532
40
598
837
66
990
664
790
65
213
501
500
28
414
213
368
121
533
84
723
456
928
80
594
15
178
988
251
889
464
254
54
954
813
482
489
241
62
465
837
925
471
737
717
973
262
958
192
981
496
160
111
335
230
870
153
132
142
409
657
428
146
122
887
689
756
144
608
555
607
139
981
56
210
849
90
836
260
274
851
235
372
201
391
36
885
505
953
784
154
293
709
43
406
671
420
119
465
34
138
277
591
953
352
28
415
67
89
983
581
931
527
211
532
203
35
771
388
874
133
851
797
763
591
296
775
513
455
263
737
51
639
97
610
283
658
565
261
782
766
167
271
984
114
709
691
831
980
299
290
8
611
712
592
959
719
995
66
956
539
910
26
450
377
446
948
135
744
969
108
878
972
479
393
977
409
187
8
953
505
794
667
105
594
645
204
705
459
950
407
702
259
337
937
238
362
841
255
640
500
233
711
32
576
956
175
528
30
621
948
81
995
167
560
684
214
225
602
114
67
612
16
551
667
181
83
917
889
24
177
486
365
669
680
618
782
178
560
490
732
298
897
719
624
913
505
863
461
518
589
720
471
459
779
45
419
5
55
545
642
532
990
131
956
616
825
868
583
418
728
126
942
370
117
409
881
868
444
456
530
75
780
62
626
800
491
832
750
566
307
20
680
777
811
701
349
411
265
62
646
232
980
462
903
755
271
273
277
135
735
2
170
786
15
11
456
601
304
6
921
770
529
100
418
464
661
179
3
653
76
403
494
780
181
44
878
464
188
362
884
581
793
321
134
395
332
542
73
144
477
71
478
904
709
903
321
974
743
65
152
582
939
473
673
855
614
493
115
17
298
589
1
449
341
920
517
934
615
406
444
262
274
631
728
200
163
938
839
68
265
355
459
888
707
61
347
986
97
487
595
392
662
257
462
188
697
48
219
37
996
706
80
307
438
150
505
804
747
272
89
530
868
547
307
904
570
467
265
769
709
728
19
450
204
191
389
609
844
908
381
5
577
578
898
451
853
176
743
866
154
453
154
940
542
617
40
481
510
753
795
120
286
414
503
881
101
611
756
748
24
181
586
982
234
955
727
454
916
271
354
15
259
226
64
594
238
664
311
199
626
427
351
190
918
616
321
341
784
377
35
464
683
792
699
726
173
469
935
264
651
786
686
498
197
298
279
805
1
62
329
241
345
799
751
927
230
647
913
458
19
285
913
758
624
435
650
790
635
835
662
958
889
641
95
888
686
457
29
658
387
718
747
35
932
339
580
383
463
812
703
640
366
241
398
745
220
69
701
185
786
237
35
489
597
810
113
580
321
603
523
936
376
692
194
251
465
964
508
712
83
687
330
665
27
531
648
62
911
399
967
25
755
251
71
518
904
455
850
930
72
867
426
945
960
667
466
79
550
722
393
56
742
134
259
639
833
486
527
200
58
307
826
214
684
64
71
450
916
160
410
941
417
105
101
888
206
426
281
623
697
658
188
86
242
930
980
506
943
495
529
197
903
504
895
498
487
371
697
197
768
767
490
776
863
143
700
261
970
5
498
284
382
301
98
496
734
272
760
937
177
947
608
724
468
818
436
805
304
253
203
405
435
144
239
543
688
271
586
254
44
971
624
302
256
618
540
146
2
543
986
647
323
517
883
187
689
908
443
602
310
561
45
49
976
273
224
550
832
160
45
931
635
547
121
65
651
469
682
163
386
545
84
354
863
828
234
482
689
242
593
797
450
477
376
33
586
717
172
328
845
774
320
991
216
250
601
360
626
712
230
439
11
728
224
12
614
142
725
476
457
536
844
894
717
211
212
93
747
130
608
585
998
933
342
455
883
442
804
880
555
424
468
343
192
736
594
227
895
458
290
560
111
205
556
622
938
723
529
877
974
424
30
676
176
33
293
281
786
768
576
315
180
862
694
470
823
619
822
682
384
215
725
884
497
613
241
993
865
708
306
580
189
778
271
163
826
639
388
810
587
398
649
767
169
607
21
648
783
514
364
433
152
253
648
420
969
825
634
607
224
952
690
328
913
946
988
628
366
894
949
361
967
985
761
95
5
714
130
832
733
537
876
82
309
375
309
817
153
724
626
15
70
391
535
274
855
406
525
30
415
296
199
865
784
778
130
127
702
739
941
993
112
788
225
729
388
765
498
172
496
150
514
885
381
622
837
591
582
97
674
676
822
314
592
753
606
108
900
70
915
123
519
305
964
613
484
856
309
350
702
163
682
294
879
500
393
674
120
363
181
923
75
790
165
350
851
153
334
302
118
182
815
138
742
441
413
596
974
986
430
24
137
597
104
875
310
687
519
691
90
510
933
680
730
15
350
936
224
646
337
3
943
153
474
348
351
615
823
106
205
984
642
884
832
250
209
252
589
942
360
862
654
582
49
516
151
485
112
95
108
170
217
598
612
135
86
230
575
73
258
528
438
509
811
897
179
815
679
115
863
103
44
490
787
392
697
1
410
116
975
394
926
493
571
425
569
553
725
390
249
434
861
427
415
330
378
43
215
370
928
32
672
19
223
774
942
1
496
338
297
878
414
201
292
631
63
429
962
889
909
737
451
333
402
638
776
331
811
730
135
988
140
900
205
947
294
83
746
344
780
62
908
99
569
811
938
917
963
586
149
916
145
543
100
272
382
479
894
165
435
165
383
726
208
794
605
247
340
285
813
308
596
80
553
663
945
844
345
159
434
100
742
737
784
313
442
759
256
112
112
771
559
945
582
979
945
862
764
836
524
18
46
568
470
113
497
533
40
349
307
836
636
717
683
588
242
922
250
148
802
892
547
808
683
159
992
277
615
129
851
219
549
42
500
336
212
190
383
166
9
500
124
444
707
472
349
907
994
118
709
625
858
746
903
232
531
108
399
158
553
992
65
178
681
935
168
300
789
636
252
57
127
643
771
368
50
64
683
615
664
491
112
443
455
172
377
931
167
821
221
422
98
681
681
859
466
788
636
333
933
821
116
631
671
537
446
805
323
186
765
300
743
602
819
720
836
691
349
423
553
361
675
366
770
20
96
871
675
761
45
508
529
325
82
725
493
421
32
140
596
638
285
294
710
662
829
975
479
700
765
257
878
107
342
997
184
471
192
837
253
42
779
640
109
46
124
132
731
212
991
729
871
676
4
425
364
946
7
697
18
828
59
679
313
23
358
420
242
677
683
631
714
787
971
351
135
434
347
310
929
992
292
899
952
742
889
876
526
685
293
335
200
263
214
764
826
520
472
429
532
109
228
145
228
57
520
613
139
354
790
11
420
933
569
456
580
532
181
438
890
995
910
156
926
670
981
407
462
843
403
185
718
109
285
464
835
709
616
74
332
542
555
774
982
728
912
716
250
742
260
348
341
687
140
358
251
194
83
129
241
867
197
20
342
442
883
363
665
613
81
60
374
786
925
445
609
614
817
127
912
438
51
23
311
487
821
230
609
367
100
749
825
436
224
924
70
550
523
335
796
134
971
811
474
998
802
869
999
645
425
830
125
408
553
424
148
605
796
438
178
173
167
688
185
532
412
962
608
912
580
407
513
386
117
317
128
602
743
994
957
625
100
323
168
744
689
565
593
894
131
916
91
445
852
980
80
393
637
662
653
92
569
94
410
352
17
102
403
388
570
380
106
103
619
814
598
311
146
364
612
779
252
462
477
568
943
583
990
749
534
384
341
738
114
639
612
376
117
645
680
903
640
190
288
164
808
648
284
58
120
692
632
338
895
205
265
39
724
981
935
449
902
833
873
747
475
935
139
993
4
121
151
903
315
993
183
25
198
62
740
544
247
477
689
753
132
56
513
894
979
799
264
52
901
255
481
937
541
3
359
433
834
384
361
203
959
227
259
65
537
966
924
684
642
275
236
389
593
351
724
820
263
491
891
580
393
79
394
169
154
903
197
237
894
38
625
293
153
525
542
559
647
532
951
565
190
98
905
114
692
420
165
970
519
691
938
107
754
372
167
631
60
904
645
824
803
325
426
74
269
637
909
472
497
839
321
508
418
25
79
6
266
599
368
469
603
518
235
149
414
136
451
720
530
773
225
880
43
179
663
363
946
819
678
700
967
861
631
50
100
829
591
948
224
111
89
178
261
972
254
424
828
688
228
530
747
317
354
170
910
851
591
275
885
770
78
838
944
118
555
424
261
870
26
553
909
444
637
36
910
53
929
915
820
463
630
337
622
990
578
570
248
89
744
628
694
23
354
382
680
389
567
189
312
443
467
953
898
61
238
461
507
153
169
178
426
946
789
184
565
263
48
768
318
861
853
331
853
599
218
955
961
603
716
751
646
541
667
735
858
88
854
860
385
335
473
26
409
826
699
942
411
328
795
673
67
959
286
118
846
184
700
113
896
534
50
133
186
372
212
876
491
307
463
423
750
942
926
45
487
971
50
506
923
318
93
614
8
422
176
609
648
865
955
157
955
580
585
141
233
210
943
748
735
432
459
679
750
848
681
538
451
373
156
73
696
51
790
124
855
430
478
852
362
362
503
208
937
915
505
935
636
284
502
197
980
727
756
568
20
100
366
870
746
972
494
780
854
418
784
287
757
937
913
414
225
179
912
147
355
771
934
244
853
21
7
405
214
572
441
103
498
859
471
27
656
174
950
191
937
708
666
851
22
969
316
548
166
784
755
786
108
11
948
389
465
293
532
118
532
513
500
451
50
881
707
489
322
694
152
147
832
785
324
703
58
788
63
595
762
210
285
778
497
389
437
962
37
90
923
173
851
307
700
217
778
86
458
271
544
221
426
865
306
295
865
496
815
971
368
505
840
984
107
810
131
105
228
47
775
997
866
778
125
910
754
381
840
986
58
732
172
124
727
13
984
547
404
643
198
551
230
520
467
881
138
496
382
327
450
74
24
321
467
865
21
171
268
11
561
889
86
124
500
170
896
615
770
95
759
123
80
25
102
275
156
4
769
549
629
343
856
559
956
791
184
563
659
431
37
13
792
67
448
458
57
282
306
829
934
275
465
539
726
103
521
508
693
834
79
812
447
683
235
916
566
970
345
243
477
490
887
303
479
349
154
271
813
298
36
617
373
493
116
623
188
734
139
564
561
466
651
239
331
374
816
766
182
171
368
142
737
352
210
624
70
529
696
788
371
407
534
543
100
24
387
752
692
852
41
330
62
388
865
156
386
652
499
946
991
714
42
927
106
908
240
520
518
194
173
439
686
819
798
847
465
795
632
220
785
420
400
296
227
886
720
676
793
471
661
694
624
226
316
237
671
555
723
494
12
109
464
278
95
317
981
850
689
53
79
305
418
298
889
879
292
184
809
37
560
473
662
465
217
225
984
4
156
972
488
421
570
714
760
303
234
738
524
923
854
843
92
198
578
349
958
798
255
666
5
780
570
778
40
251
172
183
730
871
25
773
736
586
0
297
829
20
432
682
445
618
786
315
39
108
266
778
154
879
585
121
54
877
772
682
821
971
264
220
455
903
453
143
325
11
720
607
914
16
721
325
913
456
701
912
563
428
817
550
713
648
669
560
784
660
878
797
859
177
354
715
831
654
798
304
466
679
601
478
225
14
564
896
396
842
291
334
8
408
916
377
711
697
439
828
479
579
811
747
950
18
807
486
258
486
758
562
517
63
559
723
953
306
404
1
998
316
31
237
906
503
282
140
543
606
980
770
812
865
557
382
731
177
165
945
183
329
73
846
911
672
438
304
808
325
318
367
400
290
634
940
738
991
483
81
44
508
607
662
238
911
257
337
862
34
406
443
942
738
481
976
563
93
136
870
238
861
839
322
73
614
261
484
554
608
943
115
55
731
966
956
739
581
95
704
834
906
322
930
822
56
374
571
271
546
521
638
569
198
159
26
226
629
320
502
584
680
750
967
345
991
722
167
219
696
957
276
299
749
644
894
372
162
662
935
247
547
383
133
21
276
482
363
484
407
334
978
75
635
407
260
843
961
251
731
170
51
97
656
621
746
515
328
677
123
918
797
91
810
859
485
111
853
173
915
251
428
372
355
840
686
600
615
71
385
362
494
779
872
904
812
933
547
297
426
764
724
333
518
886
839
418
65
208
84
175
144
236
716
58
772
476
78
498
966
511
38
364
0
329
962
997
848
395
930
177
252
295
651
911
743
232
884
374
473
118
246
461
290
297
734
954
869
30
865
221
225
43
161
53
266
187
354
960
227
799
453
426
558
699
586
572
926
443
786
366
885
851
309
204
247
334
292
915
602
512
36
355
600
413
166
8
961
874
838
984
101
18
910
314
594
305
399
870
121
149
537
543
974
523
592
890
508
610
99
160
524
26
508
800
792
645
994
671
618
103
144
649
535
353
283
696
625
252
295
882
289
181
394
936
519
867
587
172
321
217
781
658
735
136
475
28
977
791
303
309
375
888
166
248
709
361
200
464
29
410
911
322
404
772
873
824
546
672
373
168
833
218
791
681
458
774
91
489
166
957
169
998
143
693
56
77
294
461
601
68
719
701
433
431
880
652
199
661
210
954
221
716
833
101
880
306
372
212
458
539
670
947
66
608
615
999
725
653
333
689
963
868
555
343
270
968
158
116
699
210
334
239
198
765
278
867
842
328
845
607
946
809
628
158
330
816
991
774
254
754
434
267
743
958
575
179
118
787
31
942
361
749
471
422
541
941
521
3
280
598
272
923
892
617
993
524
836
706
625
714
153
429
536
789
996
95
563
880
843
250
67
988
278
249
545
876
658
770
453
510
636
899
441
797
312
802
176
277
478
733
106
171
685
546
605
201
172
319
251
480
453
728
291
811
651
252
761
660
338
319
900
406
567
134
117
823
620
386
819
394
583
195
389
98
30
667
279
73
200
914
603
626
842
37
604
845
699
727
438
586
65
944
984
68
376
416
88
616
452
18
112
245
371
445
541
482
494
548
855
271
514
768
517
816
731
299
806
340
724
625
697
883
843
782
106
989
81
761
832
629
456
830
802
103
684
380
699
138
772
928
241
314
235
752
277
113
923
513
65
773
493
320
496
698
523
146
332
950
911
389
467
515
655
451
984
741
160
188
638
918
956
521
542
316
846
775
140
951
406
545
97
290
506
294
491
337
574
396
204
609
624
584
761
807
620
605
980
484
990
368
211
342
639
546
47
537
580
182
92
184
522
788
972
742
917
472
942
559
442
218
719
943
789
496
906
168
227
240
811
593
654
359
40
756
755
371
28
881
894
955
181
647
340
808
998
585
967
607
203
408
167
402
928
364
104
619
930
894
856
792
953
642
428
710
891
83
605
140
536
475
265
205
498
978
241
179
854
666
971
147
876
864
720
86
87
706
110
570
103
395
357
284
125
310
363
325
791
543
609
35
199
387
57
860
160
714
936
250
988
556
267
10
250
275
576
928
691
267
884
731
280
497
836
48
805
621
427
9
35
610
784
324
660
325
447
241
220
420
161
287
883
247
159
39
648
784
141
878
761
835
590
32
656
695
233
263
751
734
760
881
931
791
192
548
681
416
67
461
641
869
346
287
672
902
964
246
981
397
665
159
226
816
42
774
614
634
274
700
698
513
464
186
25
170
50
638
757
983
384
380
920
867
973
711
88
538
320
122
77
303
171
285
826
370
317
7
136
744
104
314
238
988
662
729
237
141
968
340
487
97
885
926
960
868
671
526
326
814
94
659
786
16
314
341
131
397
552
398
586
622
45
300
923
229
60
657
165
981
900
384
106
61
225
593
978
794
124
697
271
283
841
151
598
746
841
658
35
868
616
281
558
798
222
960
518
100
802
576
984
115
165
606
463
482
860
244
14
458
637
72
97
320
426
545
818
765
196
479
790
418
735
987
414
136
736
242
232
277
818
359
347
803
297
761
949
992
768
799
971
860
986
672
402
747
237
397
316
974
331
727
397
957
970
804
426
25
527
125
854
336
728
469
335
218
594
746
987
215
696
549
687
996
87
236
11
75
341
693
235
118
17
529
604
486
424
968
473
204
644
987
25
698
698
176
571
731
391
276
179
616
647
336
626
742
111
910
990
943
177
69
300
402
730
52
576
0
605
579
358
46
507
467
824
258
901
649
753
706
236
715
718
421
686
613
153
211
166
622
882
801
67
631
332
282
285
186
788
269
239
421
597
144
768
758
873
961
495
35
383
152
898
913
680
920
354
343
229
148
713
355
47
934
824
378
538
765
168
494
374
424
315
739
532
183
503
320
827
7
107
286
605
389
154
37
496
813
260
787
847
938
935
213
449
727
568
553
796
752
713
860
551
151
781
13
299
433
636
456
880
401
472
372
287
600
834
831
261
60
188
870
474
603
950
492
564
788
111
831
387
947
693
786
123
401
957
355
330
663
55
368
333
208
464
185
538
224
149
502
953
496
741
229
74
794
984
499
607
565
414
986
604
680
351
831
802
76
357
882
968
844
96
952
468
571
942
316
920
680
830
629
914
562
506
717
440
373
446
706
511
171
528
482
144
574
928
484
389
537
405
633
359
641
90
658
230
896
261
25
882
515
213
656
180
170
665
59
334
572
545
585
961
611
236
804
22
55
947
242
538
482
709
538
740
498
441
859
700
429
965
868
406
860
24
452
924
883
269
469
341
517
694
677
938
605
206
38
574
117
549
793
273
371
886
804
785
115
124
89
373
682
477
547
168
881
59
839
838
353
275
112
545
415
863
809
386
319
206
533
939
31
174
217
637
183
317
41
484
827
667
209
62
130
46
675
339
952
607
723
794
274
190
662
173
662
955
989
195
240
790
349
798
667
227
176
145
77
697
527
444
836
854
543
709
122
765
324
942
511
804
881
705
409
767
837
335
269
954
722
947
868
250
459
280
667
469
529
516
424
596
722
227
456
88
323
236
938
178
271
371
411
890
373
432
135
490
976
513
641
719
122
752
225
864
23
60
225
71
492
227
496
703
328
970
570
703
126
541
796
152
194
805
478
339
249
900
500
3
271
897
671
425
31
897
186
19
107
704
681
873
397
551
600
868
165
474
352
836
776
865
591
760
608
62
202
202
292
572
309
943
566
947
256
263
973
711
438
682
326
558
570
838
273
743
109
200
280
359
259
442
832
6
517
499
120
142
358
774
422
241
692
267
157
300
922
22
240
235
819
388
843
31
456
463
131
775
276
180
704
508
584
179
332
441
841
169
544
671
74
671
169
276
32
746
986
864
999
79
223
525
419
628
649
69
193
233
12
25
102
221
476
207
139
333
698
29
734
715
899
519
670
532
76
999
154
162
53
231
733
277
461
89
840
18
684
769
34
865
895
511
212
418
964
405
760
261
794
866
247
857
845
718
990
174
857
732
456
24
336
717
409
750
820
841
787
709
219
6
311
817
880
608
425
786
103
653
661
635
39
44
84
853
701
961
316
805
189
622
486
334
826
231
193
698
688
471
942
344
192
34
425
159
771
52
103
934
185
128
953
857
458
811
748
819
934
866
209
281
587
674
46
375
935
621
61
671
880
872
580
352
517
867
535
797
865
775
234
589
824
569
248
105
951
512
949
919
641
684
787
218
914
249
923
688
290
503
925
233
211
421
56
346
777
615
763
414
532
447
994
5
697
215
666
730
447
33
155
6
164
295
509
825
161
858
34
812
581
502
915
960
885
892
749
938
684
209
759
268
309
80
927
241
509
246
549
39
902
238
913
915
304
554
148
321
88
696
790
916
322
582
84
346
274
619
314
326
267
406
981
187
389
503
487
188
471
839
762
243
73
297
177
740
781
700
170
460
476
214
178
410
695
926
631
120
651
785
333
488
345
64
343
3
505
902
664
42
182
729
267
663
351
367
301
323
995
582
846
314
534
562
616
682
519
832
111
688
933
383
493
310
274
147
771
67
795
491
952
398
247
106
854
578
913
760
321
471
90
412
596
69
356
893
547
105
352
597
757
662
143
770
352
691
318
197
717
179
414
896
16
276
594
384
944
881
174
487
818
625
152
769
30
253
524
52
389
495
996
128
966
475
992
750
172
701
730
837
246
649
49
849
245
912
313
732
675
778
959
316
555
803
53
19
287
467
295
255
504
969
708
251
206
526
854
996
933
939
421
202
197
235
601
740
449
71
672
961
760
592
828
588
327
495
271
516
939
450
656
470
553
797
968
313
145
525
337
544
454
981
723
672
68
900
923
979
636
737
441
459
610
762
786
854
520
851
327
208
888
243
161
322
989
251
275
167
707
652
785
877
20
751
141
956
25
857
416
855
590
643
160
329
767
866
251
161
266
990
697
992
970
224
958
795
635
836
674
698
916
700
597
729
164
96
621
742
672
467
153
620
979
428
210
332
51
475
503
644
443
238
868
82
107
153
638
697
167
807
857
260
308
883
337
568
665
21
863
549
21
420
255
988
842
596
708
185
875
425
140
714
116
948
721
971
101
757
699
69
822
472
452
548
27
168
545
606
485
675
167
612
992
968
749
350
232
32
315
811
641
772
384
236
715
232
620
88
501
343
9
398
19
625
810
323
640
850
450
75
488
553
754
999
477
855
44
74
603
453
454
13
397
0
191
679
959
319
504
531
483
308
10
694
496
664
599
696
744
64
447
335
940
348
291
545
384
261
131
718
409
506
569
811
303
487
370
836
598
503
944
525
148
357
155
496
804
925
93
979
301
385
450
731
323
52
198
38
211
659
817
803
514
396
50
596
740
67
369
0
904
378
454
514
335
324
39
357
528
188
744
241
972
772
101
425
392
175
607
992
924
469
812
85
393
422
541
521
889
15
554
956
834
66
204
29
652
612
134
760
435
372
900
353
513
93
197
397
305
127
678
566
631
641
15
13
650
565
1
868
162
746
602
503
678
508
908
919
333
985
63
320
758
590
708
927
10
324
16
971
139
632
685
353
954
934
731
153
185
861
501
548
138
910
341
318
987
627
743
933
538
452
315
526
525
253
982
384
312
329
546
992
878
477
772
408
589
192
448
61
170
19
1
744
651
213
78
495
518
426
703
812
878
844
899
695
373
269
16
908
801
720
248
538
770
927
527
319
727
421
533
825
440
231
387
271
105
918
203
594
297
518
192
157
160
468
885
68
418
546
355
758
896
929
272
366
192
412
248
250
865
291
513
465
32
472
517
893
521
193
34
297
357
184
61
873
673
559
893
960
827
402
245
45
962
749
426
64
219
480
810
312
146
509
440
37
289
196
661
905
39
360
467
615
224
279
959
210
776
744
323
426
265
527
842
650
748
560
585
719
181
564
544
713
648
386
345
45
428
983
840
588
509
258
812
35
776
93
622
68
236
703
427
159
767
715
344
131
205
281
478
389
820
252
524
635
757
722
780
398
954
948
505
176
412
519
570
615
463
466
430
335
479
406
976
790
345
975
341
803
562
471
416
722
25
589
662
740
342
310
548
301
500
630
566
345
933
738
944
682
748
692
215
369
364
982
547
557
897
890
940
161
66
411
231
223
12
649
242
423
107
116
761
466
782
461
238
559
784
743
668
178
970
859
609
981
547
679
39
142
146
810
949
979
802
592
964
207
717
52
527
892
100
119
367
93
51
8
226
294
927
321
548
99
899
522
833
495
378
446
162
877
280
698
213
935
611
392
13
488
675
53
90
429
171
241
733
564
545
32
18
706
376
530
170
11
667
317
222
180
459
973
727
653
981
973
551
468
251
758
627
594
120
153
159
428
113
38
319
883
265
881
837
606
789
281
842
929
751
946
882
292
399
273
627
236
83
337
963
7
317
282
597
604
298
237
601
86
698
916
944
439
905
173
645
429
785
275
685
152
227
207
115
140
449
350
258
134
174
260
824
504
280
582
115
376
1
14
78
781
885
172
68
645
528
172
681
114
796
770
552
492
422
838
887
226
840
621
980
330
147
694
103
388
164
335
995
876
592
173
844
636
143
267
783
416
898
362
366
733
505
275
221
803
308
232
846
402
935
417
660
114
234
413
650
938
110
903
123
113
458
712
780
629
753
304
584
424
752
727
791
578
951
720
103
426
452
903
336
123
484
396
605
227
877
786
14
889
295
828
228
113
796
371
451
706
327
320
67
89
198
102
723
94
125
904
895
123
54
786
663
389
824
33
809
889
154
656
939
577
158
542
686
77
800
750
303
235
590
779
77
347
269
784
652
890
865
440
644
396
265
226
320
808
631
976
332
538
376
317
715
753
826
436
698
256
506
688
410
75
390
455
185
111
685
314
746
680
135
391
731
227
191
572
344
656
775
979
172
314
474
141
729
833
322
470
131
209
621
636
957
427
443
408
919
286
803
660
610
642
99
222
733
441
976
216
426
550
866
759
967
937
811
430
519
517
807
168
760
581
816
423
639
303
734
914
31
985
588
927
777
970
990
513
156
562
796
854
665
25
229
394
365
240
956
19
258
425
49
436
82
602
795
958
687
227
655
78
42
315
140
214
207
887
322
210
771
980
451
527
513
550
706
624
1
128
423
317
196
728
951
656
498
332
168
80
568
147
900
721
856
292
279
2
371
5
101
605
567
527
938
561
90
427
864
673
368
81
236
75
427
279
611
434
263
131
962
422
605
151
413
730
725
443
254
805
5
431
704
237
85
309
94
615
908
115
706
266
784
950
356
620
223
634
689
384
980
667
738
105
264
568
661
31
474
308
372
604
480
489
713
138
312
826
247
157
689
717
124
174
599
288
510
261
255
163
913
818
603
150
132
962
293
75
653
452
29
293
622
502
913
382
665
872
548
638
561
633
376
199
248
998
821
143
169
104
817
570
827
58
288
674
971
714
185
441
900
323
408
951
849
743
598
585
467
59
542
645
172
675
745
368
745
40
400
360
979
362
365
338
846
10
884
431
324
874
407
483
205
575
300
531
403
302
155
887
595
858
131
771
240
192
526
468
642
680
801
906
980
491
756
986
536
158
408
80
379
631
77
328
430
94
894
137
876
56
706
326
55
146
82
749
325
579
991
674
591
819
476
429
349
67
223
946
439
574
222
340
844
988
199
395
11
865
738
387
267
138
27
184
462
452
111
658
867
854
580
1
589
107
626
510
670
667
364
850
962
616
999
675
319
703
23
223
541
871
635
903
181
164
282
20
582
918
865
850
952
375
968
782
211
902
403
195
371
6
838
817
701
612
198
561
339
417
224
520
523
48
963
117
392
651
731
935
561
765
329
595
171
435
739
822
888
856
600
464
851
105
302
367
307
732
476
149
283
364
261
644
605
124
146
957
407
36
838
677
695
960
433
297
191
442
561
781
811
425
833
461
73
779
262
490
75
896
315
242
667
312
394
101
95
268
468
241
691
440
724
244
862
836
741
45
249
508
363
407
35
588
634
688
404
755
931
60
951
96
309
896
503
249
535
92
368
124
647
970
283
618
729
95
161
275
253
955
149
8
26
694
397
965
747
241
197
663
485
571
460
817
975
917
911
824
888
184
221
101
421
871
279
677
665
17
51
780
727
573
935
984
235
504
922
879
276
440
659
453
99
186
359
519
502
836
807
367
446
287
322
424
237
19
309
954
834
962
52
444
322
845
372
669
796
82
950
640
128
147
612
744
709
374
866
215
266
69
327
236
267
65
712
564
592
653
710
603
933
889
416
814
748
338
505
216
939
726
294
226
726
35
168
200
636
476
730
532
78
322
44
71
258
398
286
114
942
897
93
420
929
518
343
985
527
927
89
813
702
850
134
302
77
925
637
354
986
386
36
128
878
316
993
427
167
234
367
896
683
559
622
30
763
848
227
974
658
541
799
420
31
739
990
614
421
887
754
28
657
856
806
855
818
786
871
736
199
824
552
784
994
249
279
786
202
87
892
980
967
512
421
192
692
409
921
664
840
607
84
56
613
412
797
552
308
471
501
763
227
539
157
859
12
130
245
775
440
495
258
995
203
203
207
559
881
165
680
562
674
458
569
115
733
602
310
745
910
979
174
207
314
125
99
529
427
625
71
992
175
874
240
425
708
627
44
662
65
523
693
687
978
258
318
987
385
93
803
667
714
40
509
125
612
98
449
356
615
850
670
113
672
280
391
185
815
109
827
495
931
753
853
744
437
614
264
456
879
118
733
619
540
966
904
216
970
839
527
236
528
141
4
183
281
363
207
974
384
795
807
476
904
100
467
801
413
530
901
228
894
519
963
885
266
305
101
536
322
130
51
166
332
604
978
268
11
167
913
876
653
980
353
438
764
799
261
960
921
189
877
202
947
511
186
439
525
249
63
621
704
656
197
172
429
751
929
301
983
772
588
429
762
873
74
198
324
958
255
197
793
643
739
431
553
920
781
328
900
455
138
499
269
263
978
795
229
281
652
239
389
152
882
447
315
214
256
349
257
374
214
677
687
236
50
376
434
198
368
45
683
102
558
812
155
259
833
46
477
177
596
92
470
24
476
683
802
798
364
513
108
684
366
274
655
428
232
448
260
711
346
581
874
865
452
174
20
686
71
385
291
217
169
893
651
860
36
157
648
901
882
823
129
70
915
425
321
76
342
327
248
377
381
820
207
22
955
662
463
360
53
525
651
927
864
635
568
856
457
958
551
165
33
456
781
68
617
341
736
252
780
948
417
16
493
370
207
465
247
378
613
77
199
743
388
833
791
805
660
185
78
471
108
205
787
296
286
227
331
755
203
363
618
937
692
576
7
921
228
987
266
279
67
595
382
750
825
616
764
694
104
949
356
279
804
546
455
63
311
176
626
300
610
44
618
750
241
91
603
869
698
407
897
96
121
220
490
716
901
275
200
403
14
405
299
819
674
852
976
85
311
571
96
779
230
81
701
733
548
415
847
273
927
904
568
453
980
688
14
968
978
790
693
381
6
23
879
918
332
661
320
929
625
904
18
485
601
367
736
533
918
497
673
742
619
893
340
976
936
103
603
759
671
394
380
738
556
635
394
787
896
708
744
432
719
13
290
151
85
716
896
409
303
135
120
56
698
983
153
0
23
248
980
830
198
263
858
806
836
918
694
756
281
894
642
63
71
647
435
718
670
683
777
642
955
954
17
526
434
15
331
521
742
341
613
89
172
487
999
783
510
614
345
143
885
751
130
486
689
618
686
277
101
354
700
345
972
870
600
795
669
468
766
916
303
318
595
233
979
107
349
127
691
176
998
580
259
338
870
966
767
816
20
492
249
837
389
444
903
946
538
638
552
503
243
390
460
311
829
881
984
314
85
727
409
925
156
642
875
309
941
504
774
971
338
658
289
725
620
853
221
478
281
364
708
534
342
690
308
14
243
172
204
566
799
781
44
577
278
951
443
376
996
568
314
869
11
996
759
726
81
840
961
88
568
543
544
824
44
473
658
226
785
691
505
795
66
399
891
588
919
901
555
150
900
248
327
180
98
212
753
365
413
333
478
303
516
493
893
540
82
632
524
630
246
180
286
343
633
386
952
665
303
395
248
264
75
696
644
584
162
986
906
354
159
794
200
992
233
879
546
504
106
572
749
60
28
152
125
195
195
302
61
604
964
10
575
491
534
776
589
617
604
830
555
937
719
149
867
30
256
881
506
228
43
390
156
359
884
432
655
116
382
666
358
615
317
374
737
113
635
962
834
392
926
439
692
990
163
429
968
232
524
408
891
230
512
933
724
662
133
470
261
344
872
193
271
318
323
129
55
168
688
350
156
19
247
719
301
753
173
554
848
585
910
97
388
373
113
959
600
507
467
253
390
471
925
88
747
641
651
669
488
740
276
343
178
817
998
729
60
835
424
919
424
315
266
529
876
715
46
679
671
9
789
632
206
749
384
533
427
233
656
12
339
184
330
582
683
314
252
784
176
361
17
783
523
615
548
135
275
624
832
908
226
821
278
75
214
559
611
576
361
770
540
70
692
664
992
489
66
175
746
252
968
735
759
459
232
372
755
111
295
808
389
445
940
809
640
351
42
637
565
925
852
654
126
951
397
790
870
422
389
732
813
549
58
464
911
717
37
988
336
207
804
815
793
360
665
913
701
234
153
992
104
917
22
250
282
651
864
954
581
820
850
47
361
565
995
181
418
179
25
429
659
573
212
934
975
271
897
160
312
812
65
629
538
371
217
448
974
641
310
61
829
784
659
351
1
77
711
631
439
39
494
530
552
485
304
847
726
74
896
328
799
705
287
896
734
544
910
997
623
455
694
979
300
855
332
181
766
28
300
554
891
314
746
937
779
646
248
514
126
678
898
571
686
935
743
877
332
751
288
289
697
700
708
369
460
407
739
466
476
504
492
114
934
939
71
586
783
226
805
157
162
182
421
172
55
3
27
978
619
395
949
731
508
746
340
13
768
508
236
711
31
184
266
215
91
756
463
645
226
93
808
600
388
676
766
400
751
515
985
535
248
895
159
516
425
760
337
502
78
444
436
858
704
520
484
9
519
150
525
364
651
126
413
706
430
548
258
976
265
561
966
912
797
599
645
772
895
595
90
357
79
307
811
187
349
682
817
64
820
711
698
25
776
607
573
700
315
171
941
321
115
234
568
313
876
470
878
700
701
161
211
245
542
665
261
900
326
878
823
52
159
593
652
173
563
811
633
563
666
719
317
82
465
681
977
322
282
662
71
720
972
662
501
455
495
952
921
346
509
671
521
159
540
807
664
767
937
133
885
365
897
783
785
259
133
601
180
123
217
898
106
663
901
209
735
303
324
818
650
106
174
641
485
997
655
890
504
623
27
106
282
482
139
738
915
239
285
306
726
507
322
98
960
691
533
418
26
66
347
678
697
582
407
746
891
667
829
230
804
492
93
690
690
401
787
203
507
386
530
992
829
618
39
242
390
36
523
352
476
981
429
797
389
367
541
664
929
313
628
763
662
494
525
891
727
539
736
146
351
692
692
745
419
771
999
562
883
243
861
314
674
881
31
824
644
485
916
521
348
944
528
589
985
538
215
617
660
479
750
415
523
700
769
894
920
665
915
829
131
823
68
361
108
398
79
844
268
306
73
652
781
674
860
688
849
359
22
350
328
589
19
598
602
889
233
238
29
405
456
525
317
428
465
701
621
667
477
351
149
975
831
148
967
474
82
97
903
618
141
581
850
745
269
414
128
822
69
853
269
34
920
867
743
37
933
674
880
400
761
111
9
226
915
260
852
848
131
222
986
403
611
139
508
259
528
657
959
495
795
365
30
727
238
46
158
181
581
22
349
871
569
33
892
603
238
480
116
484
741
508
620
48
447
54
641
701
789
49
938
198
343
316
298
529
97
17
884
255
837
870
810
123
706
607
55
860
41
970
881
44
411
941
181
589
18
813
712
226
902
181
458
521
31
8
36
539
834
745
552
498
681
343
605
991
141
730
309
850
570
445
682
996
81
156
537
593
495
285
849
307
80
295
196
942
22
100
801
45
977
70
518
5
373
924
482
357
642
841
792
926
185
171
338
801
425
379
625
491
868
159
665
869
938
700
842
404
187
28
759
801
203
119
152
405
770
356
151
421
27
494
811
138
390
686
819
761
495
179
134
220
892
96
520
665
99
297
427
712
852
235
329
549
286
676
773
588
652
695
605
706
794
846
722
328
402
413
27
991
310
39
357
69
940
919
449
379
170
637
793
525
177
910
537
873
983
548
101
541
382
383
160
532
363
363
923
520
467
695
529
900
12
917
846
553
995
352
951
209
630
468
573
489
576
266
845
29
753
821
275
483
605
657
797
132
700
662
320
354
82
254
189
171
919
603
777
832
990
754
540
450
153
870
120
525
926
11
619
656
100
72
874
330
735
58
719
776
888
802
331
63
159
86
867
233
452
896
94
48
212
924
203
872
34
339
368
686
889
43
118
88
627
646
436
779
408
834
734
483
722
177
948
344
907
12
113
75
17
754
517
373
591
925
809
52
959
328
911
497
791
287
886
667
146
663
179
24
839
69
129
646
738
676
840
367
122
638
374
780
498
786
88
224
115
869
501
335
776
102
20
333
83
408
982
487
62
403
897
959
217
252
626
597
793
774
728
719
725
135
995
99
595
449
974
830
665
393
203
119
208
661
280
9
968
337
889
836
293
62
762
475
239
409
763
265
738
750
496
902
288
84
899
899
715
974
639
427
29
256
693
763
189
674
591
670
732
329
973
132
547
150
291
43
997
166
755
908
821
616
850
72
716
359
525
310
744
27
617
14
701
645
395
454
592
58
166
939
608
135
148
390
644
524
275
789
148
28
865
273
947
115
114
585
139
14
833
723
802
302
112
711
612
113
349
673
587
203
283
854
436
571
838
193
81
261
659
429
268
623
370
144
188
284
952
403
492
905
3
666
712
771
473
641
819
161
542
152
123
976
502
9
872
899
47
351
984
301
873
9
783
333
736
719
948
999
339
143
603
366
548
975
932
133
403
570
966
385
348
620
771
824
803
259
821
335
235
860
438
471
268
340
869
103
332
534
500
860
528
26
216
886
210
979
619
377
620
91
615
890
753
115
837
23
503
674
245
648
352
948
251
947
835
38
995
620
375
110
516
689
24
994
102
123
276
945
574
727
216
351
733
385
478
505
485
297
599
874
199
111
684
332
731
309
611
54
627
490
505
693
67
865
503
626
678
908
874
250
403
454
996
476
502
647
247
688
65
869
860
96
631
424
118
541
307
52
291
965
27
38
445
208
487
708
993
348
490
763
62
963
631
420
727
388
747
164
335
38
233
939
860
170
882
339
493
308
401
735
570
764
140
150
325
949
764
728
605
761
751
988
230
594
419
507
993
396
371
111
745
910
771
895
200
403
163
536
233
220
865
63
146
435
598
943
510
123
265
118
69
454
666
381
891
34
732
101
379
908
822
663
323
852
262
36
974
314
789
912
908
888
268
485
17
572
932
411
60
722
146
312
301
952
564
945
189
418
769
673
469
562
934
677
420
903
246
659
935
431
850
105
635
365
797
93
694
875
769
622
979
777
220
191
216
396
514
515
564
613
456
308
394
551
338
747
352
904
637
825
209
895
92
830
828
802
675
840
727
975
363
136
225
315
982
307
255
839
955
89
675
993
659
152
403
242
574
409
987
511
150
607
678
703
342
57
333
765
651
846
463
647
551
575
361
739
146
586
454
259
140
394
708
438
2
915
234
245
961
47
526
790
690
115
791
267
243
109
289
11
928
269
733
819
169
802
979
695
174
369
29
754
916
33
905
566
147
623
243
372
422
370
889
806
77
128
399
450
774
358
498
426
312
753
543
25
485
291
978
255
462
780
208
316
724
623
889
14
600
925
383
572
779
710
679
56
402
325
241
53
382
243
91
439
652
901
481
675
309
582
927
861
729
577
241
772
760
863
319
291
406
792
459
52
607
943
219
251
717
444
946
700
196
110
28
791
840
808
667
10
20
367
413
931
61
783
640
0
341
960
335
669
927
750
370
432
152
448
671
829
388
345
934
648
645
638
664
966
392
676
820
752
274
519
895
364
801
749
409
709
13
452
876
585
877
882
424
270
789
473
762
785
865
234
90
902
161
315
21
467
189
896
925
724
218
561
571
169
421
72
561
328
358
242
181
290
588
500
173
907
416
988
66
89
432
169
143
418
391
727
951
566
387
857
41
541
417
242
979
395
16
669
125
693
982
812
119
693
820
221
874
540
883
571
9
206
521
643
387
721
509
18
609
333
293
728
890
538
520
402
754
76
508
979
334
934
193
630
312
767
988
857
773
853
131
816
292
316
637
975
587
533
387
789
778
738
34
357
597
224
724
705
489
41
681
40
315
92
385
838
844
196
642
827
244
444
76
231
935
781
628
673
587
603
31
39
53
652
316
661
320
460
607
355
884
425
800
194
422
499
780
442
86
958
446
342
713
983
280
478
270
333
421
565
817
780
749
573
199
786
605
664
651
374
296
426
211
925
444
716
855
832
595
469
269
310
861
650
951
753
836
313
592
300
837
674
757
612
808
250
448
511
882
858
449
901
223
160
829
642
601
39
719
350
854
867
987
554
841
663
937
242
113
544
726
884
608
755
218
703
123
559
580
596
911
834
486
467
750
449
495
164
947
107
462
369
657
38
167
807
693
467
569
307
432
667
551
882
249
755
320
658
457
887
117
962
0
212
444
354
942
721
59
662
928
674
910
463
31
795
838
796
208
409
688
385
20
72
801
193
599
660
555
735
111
43
316
623
251
866
715
295
849
632
312
831
846
666
974
346
749
602
9
0
200
918
306
430
107
746
616
3
32
539
777
954
575
738
28
844
40
208
362
565
79
466
180
867
396
847
142
751
853
924
156
954
167
796
383
821
755
998
407
975
184
818
484
845
583
533
829
99
234
611
523
714
130
353
126
104
37
659
518
842
263
84
672
836
458
276
317
272
59
885
815
462
566
213
709
190
137
79
602
291
233
434
383
753
677
616
448
735
269
789
956
473
555
395
854
361
783
640
11
265
544
558
587
108
205
726
341
574
239
268
417
746
253
501
213
868
260
925
6
700
267
332
723
593
329
321
494
936
648
136
991
446
333
243
618
293
535
704
535
374
691
342
295
742
614
654
379
888
593
463
980
605
985
946
758
969
828
686
434
213
124
107
63
545
153
24
791
340
736
909
845
593
370
911
883
123
6
930
308
634
725
980
102
94
403
658
522
362
968
673
306
101
748
780
987
2
850
921
475
421
805
799
982
87
689
117
831
817
838
545
188
497
764
121
771
670
81
805
921
121
704
515
808
604
77
19
741
939
75
430
371
299
669
223
898
508
923
66
423
150
435
142
270
311
926
523
381
234
541
392
643
949
813
847
235
594
737
171
617
864
165
374
922
125
633
123
992
554
893
853
677
61
472
147
958
630
330
130
295
949
271
726
492
570
610
742
786
971
7
959
324
925
828
488
536
421
900
468
609
570
178
976
954
550
647
11
445
331
882
15
902
718
401
687
668
292
465
427
625
346
700
552
589
305
288
111
974
60
882
639
184
565
926
426
393
790
196
486
657
488
927
883
632
777
872
890
164
122
179
230
23
824
609
90
629
224
415
181
35
139
969
100
415
776
52
761
591
479
510
295
693
661
859
611
601
240
266
823
110
199
82
180
477
940
368
332
83
386
492
987
225
663
802
291
666
584
533
364
616
604
398
771
900
389
184
596
397
659
65
537
512
95
586
799
501
101
361
320
927
952
724
146
208
217
990
686
981
973
929
243
296
260
62
914
87
228
96
209
663
334
723
77
384
704
787
88
489
811
924
441
165
585
622
140
346
115
652
24
753
922
101
516
355
967
745
432
694
498
256
390
128
242
709
38
470
686
582
636
362
746
573
138
618
724
421
188
493
235
808
573
463
252
142
622
454
277
602
687
692
393
69
876
193
747
260
447
634
732
848
25
926
336
6
196
269
205
509
305
58
306
837
877
860
232
403
512
864
555
786
894
499
635
795
593
169
124
86
594
967
786
489
610
435
357
731
541
52
990
75
644
58
399
766
339
781
336
486
400
137
432
96
760
348
533
627
744
852
661
77
691
996
149
884
513
314
740
622
421
320
408
52
6
314
477
643
118
643
916
269
294
494
404
112
379
300
329
377
987
807
490
50
973
401
76
884
342
941
63
224
704
362
162
493
834
273
229
441
887
760
892
862
339
571
189
784
581
503
168
670
718
827
633
663
360
91
189
450
610
690
739
59
312
783
781
901
722
284
126
620
310
928
263
144
413
169
545
342
748
22
161
57
473
937
818
368
516
314
474
42
627
630
496
708
654
536
292
942
488
336
209
222
549
114
0
222
237
75
907
251
388
751
220
563
517
344
815
985
625
613
237
644
938
0
483
125
301
879
446
909
269
124
532
595
27
609
972
581
694
69
726
825
136
319
506
235
964
176
523
104
231
430
495
467
755
909
580
674
295
785
663
57
24
246
691
990
277
314
356
180
582
391
719
627
241
921
477
430
487
447
634
698
742
722
184
248
849
194
827
128
912
690
706
816
929
559
423
504
32
490
600
708
719
942
686
913
792
727
607
158
816
413
172
994
754
564
176
41
60
100
168
763
178
311
935
109
271
835
405
829
319
414
600
991
549
580
289
714
954
862
591
473
800
352
779
435
939
121
914
711
645
685
742
489
743
278
347
623
496
109
583
701
824
640
992
843
939
811
947
979
416
294
382
429
745
37
708
571
474
594
778
411
416
564
218
925
739
531
830
600
29
906
276
592
389
394
798
258
18
105
618
711
253
427
402
370
455
778
836
145
438
668
130
2
149
513
907
902
761
301
75
554
503
48
395
792
776
252
980
77
873
280
969
952
572
357
932
356
7
991
608
565
907
661
895
328
130
625
733
462
481
43
852
573
578
62
707
887
318
640
645
551
400
53
385
413
598
892
941
536
343
84
864
343
146
113
857
595
256
140
880
367
981
664
763
182
854
621
833
580
848
766
221
320
848
672
817
493
235
996
781
766
232
615
927
176
915
632
46
132
971
851
221
646
258
750
862
686
777
274
494
151
123
780
471
914
732
887
969
869
185
811
322
303
488
864
846
548
892
20
490
762
796
620
133
776
195
905
370
910
558
102
600
434
652
63
612
905
808
960
95
949
524
331
646
714
791
926
902
580
846
866
35
795
710
909
780
908
743
228
314
962
272
357
632
456
686
544
923
804
663
372
869
633
903
782
265
153
329
41
339
804
975
759
394
900
461
626
124
247
192
207
673
645
608
979
259
21
911
524
61
457
614
458
699
783
407
167
30
995
889
904
630
338
616
599
132
697
959
92
926
985
828
641
699
752
762
955
251
162
197
219
443
761
563
510
750
504
990
841
975
123
738
278
438
882
232
553
452
148
516
461
488
676
34
543
594
229
103
517
437
930
426
391
861
363
931
664
22
364
509
153
160
118
211
362
657
571
125
22
570
399
970
267
999
308
251
155
551
243
522
172
643
222
538
263
952
138
173
593
416
348
244
313
546
824
794
361
519
801
710
639
550
474
656
70
863
906
121
153
604
270
781
681
812
767
602
182
197
593
937
803
782
539
165
383
884
980
365
769
49
99
153
226
877
740
591
968
905
298
468
943
362
848
582
623
238
598
483
854
208
185
167
143
319
852
751
185
927
609
743
301
357
638
376
600
349
754
537
296
32
449
579
547
114
180
752
428
11
983
243
48
298
791
567
125
698
382
550
211
219
606
545
505
332
186
326
892
301
497
130
382
743
279
900
321
471
350
683
374
479
638
705
190
612
796
88
772
944
965
726
59
669
852
152
445
812
443
308
142
275
756
75
851
805
437
579
755
206
895
615
503
87
566
565
797
484
678
709
30
282
640
932
865
725
162
83
843
746
147
845
740
336
130
597
481
449
660
454
818
651
19
585
816
143
771
84
647
894
106
458
124
637
967
45
939
347
309
519
230
134
805
595
905
804
380
102
210
592
595
295
263
891
241
140
590
438
63
601
340
445
935
497
862
280
901
668
689
536
626
145
199
732
82
470
234
473
731
734
273
450
267
872
474
290
41
290
205
968
772
571
775
528
768
635
916
148
717
146
391
998
994
1
409
427
429
254
373
976
89
799
433
59
130
470
367
492
365
212
785
313
299
290
17
898
685
599
607
15
554
709
312
743
285
134
972
321
577
959
825
992
510
636
335
223
63
82
693
716
508
943
144
960
23
96
531
640
742
402
694
393
811
257
361
345
541
84
492
859
278
658
188
805
227
478
104
107
54
115
379
361
659
399
388
617
613
466
374
152
723
926
70
866
551
604
868
835
484
971
725
840
325
881
579
66
521
633
6
796
445
501
562
429
921
370
287
324
760
11
446
21
428
617
796
348
860
900
758
763
458
599
703
860
539
930
418
287
175
227
79
724
686
649
787
53
724
449
468
890
371
244
104
730
483
401
401
599
93
888
31
132
880
602
378
845
571
289
568
216
564
368
464
851
998
852
476
268
620
258
171
637
477
909
3
540
731
517
297
620
889
428
104
728
908
18
703
876
283
173
956
820
530
576
380
984
932
187
646
58
646
111
917
267
549
206
135
69
888
226
838
205
513
627
874
504
680
790
563
393
385
447
917
789
846
652
155
863
196
574
710
612
708
921
465
651
46
695
582
836
185
703
959
659
261
801
676
817
906
113
370
358
931
56
887
934
868
739
288
103
481
607
944
72
463
416
689
115
608
763
288
718
622
418
848
968
871
85
257
734
170
644
615
577
151
443
195
600
719
664
178
571
132
517
255
355
173
487
557
7
749
684
956
843
1
17
337
502
859
801
302
141
538
451
249
840
945
572
784
134
265
501
333
891
792
890
781
210
101
313
647
366
595
789
993
361
391
423
475
315
226
329
361
992
505
777
308
431
871
195
259
162
642
589
399
158
517
316
830
723
438
821
285
78
318
475
116
605
597
359
382
793
787
563
86
199
202
112
916
695
426
426
980
997
461
610
726
104
210
88
861
786
632
912
348
68
220
853
736
584
555
132
708
307
978
722
871
296
154
87
120
248
819
794
247
39
6
119
506
900
919
321
676
770
320
124
537
978
725
990
711
747
267
315
812
906
183
202
846
231
819
987
41
48
66
271
785
825
1
772
245
864
506
4
585
444
473
357
808
459
242
401
129
113
941
727
278
598
293
111
294
288
912
945
513
412
689
623
984
839
879
269
633
510
504
930
479
551
399
372
609
487
478
188
174
575
437
234
985
804
800
187
339
702
724
621
386
241
691
799
533
952
402
35
520
995
513
136
971
376
753
814
882
831
382
662
966
85
531
551
154
125
224
288
322
214
30
324
661
982
614
535
397
248
624
267
806
762
292
253
189
47
914
71
391
880
291
0
428
108
72
512
503
946
401
584
269
221
837
12
41
985
572
16
511
97
106
910
444
657
122
645
787
188
658
387
924
864
543
911
325
623
591
97
908
375
242
252
257
991
977
796
988
414
834
372
905
962
607
626
297
885
997
502
882
278
765
643
795
436
542
214
312
418
496
930
790
437
721
351
946
239
602
32
445
235
958
464
191
169
127
97
706
639
905
521
688
152
638
320
112
331
159
796
358
19
690
224
277
780
891
113
250
825
826
193
958
268
401
661
172
116
926
589
426
604
633
157
741
324
139
736
756
975
7
806
334
231
40
823
531
437
282
378
605
201
225
393
360
179
505
13
163
514
901
939
215
94
209
355
800
61
875
627
410
626
115
582
21
416
115
21
103
672
63
518
772
175
200
189
167
757
18
46
681
967
823
65
897
908
426
445
428
129
841
199
32
599
956
190
854
139
758
971
19
315
897
815
9
290
57
906
881
2
618
395
393
724
851
297
811
357
159
953
78
753
44
681
174
559
902
615
923
539
650
524
356
992
112
252
479
416
188
877
30
374
475
443
768
875
305
980
367
58
159
552
259
531
419
225
2
390
514
967
569
237
298
391
312
423
186
528
392
576
996
541
429
211
253
899
574
686
153
484
605
534
375
602
712
274
115
568
541
94
683
175
674
41
858
239
916
974
912
175
864
956
11
703
493
696
592
243
698
656
961
104
466
707
810
873
666
254
901
523
108
658
676
312
449
866
544
563
630
761
148
970
712
581
167
289
168
541
592
333
541
884
410
441
198
669
698
159
684
40
821
701
11
780
435
663
539
178
612
971
656
712
563
152
427
254
914
483
917
946
342
149
829
709
180
360
155
633
768
659
281
751
58
659
811
509
7
34
605
995
168
703
578
774
346
823
266
492
293
751
236
253
601
789
234
224
343
777
471
690
933
125
623
578
388
264
224
698
226
192
919
306
375
726
321
402
491
602
188
129
464
900
238
353
56
155
946
819
119
427
104
810
174
807
730
555
21
749
981
633
803
714
306
884
136
247
918
945
119
345
227
591
530
883
395
886
530
125
425
345
514
824
845
37
584
415
456
314
623
457
482
395
645
817
548
181
390
601
107
947
4
114
943
912
556
313
939
77
384
904
149
164
531
372
931
948
210
903
964
832
750
958
894
969
885
24
66
121
873
645
80
285
867
527
167
710
657
489
580
969
373
430
587
347
720
278
707
525
176
996
692
706
269
606
756
681
720
69
446
468
790
395
2
706
963
372
748
566
855
140
462
780
755
48
43
517
807
77
497
702
598
373
852
179
241
991
20
982
103
428
287
230
562
297
787
404
67
616
127
912
437
619
845
49
978
603
495
618
250
387
62
915
489
30
862
420
874
876
342
394
781
647
174
379
440
787
278
813
523
340
979
595
737
752
490
393
953
426
214
644
603
830
224
982
289
690
856
612
581
566
197
645
652
294
434
97
585
162
427
854
388
694
573
155
18
527
784
734
427
483
533
333
5
660
222
90
415
439
166
918
405
556
507
348
9
727
261
584
521
609
651
456
914
649
683
719
369
791
436
61
87
539
238
820
816
771
116
995
447
335
869
239
155
275
118
646
175
449
155
800
807
265
682
194
642
924
652
415
540
677
180
969
896
825
474
924
79
663
681
293
584
667
127
672
64
531
337
329
39
69
909
64
639
579
160
858
656
659
807
629
869
494
552
243
725
712
871
702
544
658
774
873
109
922
872
136
150
622
399
648
830
183
319
953
888
674
200
794
505
129
270
265
533
126
302
567
96
14
343
468
616
387
835
523
351
295
484
562
168
654
893
267
357
641
939
605
638
509
418
44
386
927
85
927
848
858
127
564
62
590
437
69
839
41
838
514
824
531
848
46
313
233
264
491
500
83
227
703
626
485
178
11
168
320
735
537
436
490
99
832
252
680
587
903
205
295
120
912
434
524
646
710
747
299
729
742
2
75
666
447
351
668
428
586
980
557
350
33
809
35
227
861
206
514
141
397
843
316
903
501
792
232
745
713
13
692
729
350
176
984
139
792
673
29
197
217
810
334
889
988
271
976
330
264
166
355
825
387
800
886
69
279
111
416
331
775
29
118
725
588
398
693
229
692
954
447
791
973
587
825
70
386
387
58
285
934
832
284
360
962
960
726
672
601
951
281
438
594
76
904
607
506
635
605
110
745
63
180
877
614
807
817
587
747
69
615
314
917
48
264
451
115
697
927
411
112
230
745
794
691
369
484
808
407
307
885
493
152
613
803
762
299
39
331
812
971
136
655
2
193
177
423
77
447
886
79
271
630
900
803
769
671
254
924
950
233
526
126
827
574
28
755
787
287
515
397
842
353
229
223
838
760
404
718
319
173
512
302
288
299
97
661
413
515
923
452
195
510
220
567
178
254
350
880
601
240
922
856
639
104
136
485
187
794
984
27
251
534
36
52
994
595
777
456
887
202
633
587
687
600
883
216
734
436
685
503
677
630
312
511
899
597
436
593
254
428
461
299
170
694
668
514
236
408
515
652
612
278
743
781
808
691
290
795
915
465
916
914
936
613
50
854
888
865
319
398
309
250
616
305
534
246
187
128
75
237
239
647
904
93
502
905
67
719
285
604
560
852
493
906
832
708
410
546
225
524
933
762
413
1
796
361
336
229
973
357
248
590
329
522
230
259
194
29
798
736
437
418
757
172
344
299
447
365
623
228
803
763
297
484
999
250
417
536
716
121
63
949
37
679
712
873
875
327
604
310
679
91
960
185
559
207
609
357
124
832
786
459
771
624
449
970
538
849
788
536
3
730
998
266
740
20
886
53
56
156
164
552
937
824
519
86
853
832
660
985
439
259
988
618
981
306
494
269
535
737
27
675
443
274
191
774
19
593
957
537
305
176
738
735
696
825
416
964
299
193
116
563
463
112
577
814
979
71
364
710
816
182
595
73
136
690
9
121
366
647
287
186
948
935
39
552
352
841
157
862
340
767
917
944
824
116
72
445
935
312
929
653
785
467
271
23
525
972
214
683
205
997
693
945
316
194
958
430
644
111
129
276
456
752
744
453
893
793
953
35
84
185
547
279
977
857
371
490
129
258
254
240
645
922
342
111
511
315
958
278
621
461
991
801
170
785
501
178
149
975
285
676
378
967
33
602
44
354
390
660
832
126
835
662
743
511
847
333
351
63
792
6
977
63
360
819
770
274
606
572
667
412
732
976
752
483
13
699
434
127
882
403
365
98
357
996
802
249
735
724
947
131
361
848
341
654
213
372
642
637
472
623
219
94
71
956
522
166
563
417
959
651
613
143
860
502
211
438
714
484
646
540
764
187
235
190
299
424
380
465
859
714
854
416
180
405
267
658
407
969
421
959
987
56
927
55
129
143
823
590
9
159
487
823
2
497
212
511
117
543
438
5
538
881
884
205
939
105
37
601
62
11
498
64
422
108
126
507
472
874
80
302
973
458
649
598
959
648
604
994
66
220
428
435
1
222
427
45
45
868
62
693
666
959
409
623
383
643
632
593
321
474
878
216
381
300
680
772
198
515
708
112
893
983
809
649
319
971
547
179
56
872
9
450
913
380
556
433
875
816
431
377
881
167
116
191
965
322
221
342
215
855
479
0
58
467
773
661
717
194
472
195
364
778
770
901
765
20
661
744
266
696
801
600
471
761
895
8
80
488
275
668
577
868
506
797
625
840
274
702
914
930
273
228
481
709
97
952
31
811
696
787
776
135
62
400
437
587
861
805
195
878
6
173
647
71
671
962
250
940
199
415
822
815
562
873
257
916
950
113
176
246
64
446
744
690
359
823
334
749
539
784
512
607
730
561
442
977
732
325
934
786
203
811
757
67
941
377
378
854
831
218
57
561
433
481
189
508
207
588
697
919
638
771
375
219
130
811
102
179
93
865
129
140
4
268
994
305
122
853
71
667
700
591
918
536
387
639
259
191
431
966
130
749
109
713
814
52
954
678
256
260
569
783
314
235
149
59
158
380
789
604
474
995
130
302
904
899
938
93
455
498
799
689
967
839
340
230
831
556
120
147
519
771
864
539
593
831
933
362
86
215
764
690
494
814
785
627
675
999
191
330
179
993
246
131
136
33
659
142
33
773
817
79
845
909
19
187
897
382
465
607
7
586
822
458
317
782
666
513
722
202
366
521
902
975
494
389
421
875
392
899
10
467
295
884
253
342
522
242
279
585
553
783
773
109
911
547
835
205
370
975
179
547
823
534
445
925
864
523
982
279
77
626
78
534
447
814
78
787
263
675
529
368
380
334
882
738
496
456
718
628
224
76
87
855
602
99
844
471
22
508
49
545
412
995
790
328
611
14
34
871
498
727
363
800
276
452
573
242
404
14
657
214
946
898
956
882
783
406
643
187
682
184
711
445
411
39
958
412
828
97
531
156
442
289
461
23
465
219
328
913
488
470
910
551
730
429
220
461
274
406
475
564
364
836
246
845
588
747
882
161
488
505
800
797
754
550
133
851
48
288
413
303
30
685
221
555
636
437
29
579
735
647
695
466
651
792
761
206
742
638
216
162
710
917
235
273
508
627
524
888
472
943
373
216
902
795
8
397
832
972
808
840
849
486
426
856
317
295
781
497
305
83
666
919
966
264
377
796
238
464
754
158
342
787
645
569
860
445
10
264
466
244
49
811
701
16
236
24
804
675
924
375
33
625
115
31
833
31
553
874
982
878
459
619
810
545
618
816
924
347
469
268
48
783
638
375
558
113
50
126
888
402
706
27
947
798
63
233
854
955
897
514
940
246
776
466
608
718
800
19
368
93
529
944
620
280
822
722
502
521
171
713
151
975
615
448
234
542
830
37
110
32
973
291
831
802
819
400
706
329
892
496
479
185
173
427
439
724
282
44
913
837
625
73
871
44
934
347
890
658
840
850
36
20
673
620
792
832
996
813
518
166
959
21
650
916
136
804
771
217
613
153
53
316
325
209
169
194
592
705
782
773
238
720
759
241
635
334
24
308
897
302
518
938
126
337
410
337
877
164
172
488
103
370
674
443
409
499
207
476
39
558
986
193
847
923
35
616
699
728
716
748
568
352
332
498
504
181
548
295
562
312
55
681
496
355
681
981
161
392
98
69
825
980
492
536
956
56
712
905
105
170
931
623
876
21
420
66
196
830
907
976
235
146
926
993
126
917
955
47
709
621
263
945
214
948
714
221
440
353
518
882
854
437
477
358
455
168
362
77
404
562
719
341
147
129
767
518
427
668
505
115
729
219
856
963
122
714
377
763
173
91
337
756
445
547
354
673
977
153
718
311
376
829
249
943
885
294
244
749
257
558
417
913
939
754
224
521
211
848
692
546
408
928
263
113
164
18
748
703
618
270
214
760
844
525
468
442
162
559
817
136
230
157
316
495
277
250
985
941
692
464
389
131
818
623
598
714
850
509
679
692
486
622
963
229
487
936
815
573
521
196
420
608
79
531
381
189
22
799
430
510
266
589
311
321
741
251
897
872
325
593
178
828
292
180
217
748
463
205
994
445
932
852
496
857
642
816
155
444
96
91
687
265
957
622
340
770
687
899
832
560
803
358
579
336
129
990
194
649
430
927
743
77
70
304
873
781
742
396
862
173
240
14
53
770
517
593
415
264
360
181
704
533
440
420
863
974
168
612
498
818
545
461
95
851
345
220
348
649
807
718
598
54
788
372
123
414
191
558
121
351
5
38
279
178
189
100
899
461
962
275
98
394
283
66
997
877
0
226
506
486
446
743
880
167
60
386
881
940
134
446
903
770
877
226
102
575
554
292
746
108
805
704
642
990
508
943
413
983
437
15
624
434
584
457
711
65
906
218
460
65
769
607
811
459
169
455
523
554
222
993
455
476
919
417
745
541
24
845
544
584
273
129
3
843
958
856
993
128
797
21
847
971
897
622
500
973
969
888
470
410
788
441
91
514
210
145
472
446
958
687
984
574
598
807
765
16
923
719
419
636
470
493
657
422
897
192
528
61
483
840
48
18
513
394
165
792
960
59
287
512
480
560
140
748
102
369
241
907
651
858
90
726
801
135
635
682
800
782
286
131
380
408
774
347
57
267
651
362
363
54
774
277
728
609
851
540
200
331
760
357
854
695
995
308
961
767
452
371
258
130
909
187
274
232
96
716
715
594
413
497
571
465
188
458
379
350
394
807
822
837
510
544
692
345
8
912
163
831
93
639
531
223
698
347
10
708
912
631
613
507
403
699
8
594
982
218
361
535
465
923
44
200
922
580
101
361
367
105
297
318
140
790
466
343
78
671
37
673
566
377
60
629
601
322
583
634
582
866
913
995
100
87
411
67
68
740
248
429
339
81
3
17
719
729
764
561
175
624
231
573
334
402
528
685
494
818
318
375
211
390
152
942
190
723
208
572
621
236
977
571
549
7
793
280
178
118
414
365
534
55
589
118
375
717
96
395
632
414
936
691
517
843
683
933
165
819
298
618
70
988
923
118
348
279
552
881
402
62
123
495
530
681
647
187
421
762
384
492
297
757
