896
993
0
411
24
357
703
141
818
519
665
72
264
562
270
450
723
524
324
92
411
757
510
509
58
661
695
286
530
176
720
63
722
161
133
354
375
916
816
378
883
329
556
130
3
279
549
45
732
848
303
773
277
780
615
625
974
75
330
976
192
536
384
215
266
42
523
706
847
938
160
74
655
21
833
862
307
290
65
276
149
101
317
395
714
914
45
3
851
993
94
5
404
278
825
837
940
826
597
33
756
71
218
65
919
428
93
988
996
138
27
133
19
936
583
429
583
3
760
509
4
478
419
60
377
4
649
912
368
7
647
200
995
60
0
103
38
564
3
509
365
975
73
165
755
970
955
19
538
728
33
402
334
500
423
664
419
333
6
209
667
288
213
752
57
349
503
725
652
462
154
455
73
555
797
707
351
68
599
387
155
715
876
379
466
124
514
665
144
492
667
91
299
636
287
120
875
372
524
192
520
360
252
904
572
261
996
164
27
216
347
39
144
465
428
488
685
549
188
383
179
619
484
426
882
22
672
649
373
218
518
830
560
86
113
945
328
437
2
843
496
326
525
166
465
244
871
457
335
522
344
764
388
398
518
759
925
963
357
306
654
548
68
40
858
103
911
746
5
238
269
172
260
923
379
879
440
22
301
288
15
20
560
721
758
511
853
117
209
462
944
185
258
636
726
555
66
381
769
303
48
22
426
33
45
81
415
962
515
653
703
834
51
138
3
471
241
68
787
870
804
343
978
941
323
966
981
407
26
516
337
363
277
10
981
505
974
661
446
719
133
676
261
408
612
661
449
403
138
9
836
329
513
92
64
552
488
457
30
623
146
94
485
195
263
386
367
91
765
449
222
622
126
631
442
411
554
609
930
767
534
353
835
379
29
675
213
431
30
583
203
939
66
249
950
788
336
780
740
903
231
344
39
884
77
499
316
704
452
908
909
881
517
618
98
795
2
831
82
753
336
484
651
946
243
812
59
793
530
710
241
793
733
476
480
731
421
547
180
119
820
493
141
346
336
199
626
437
795
33
494
24
664
335
460
677
18
160
262
862
593
112
410
709
347
891
43
946
654
695
213
563
876
211
152
494
722
12
175
580
861
113
355
529
502
576
837
213
776
351
14
921
753
93
388
170
771
26
695
167
522
206
639
659
283
396
798
101
634
631
183
872
990
100
391
61
45
381
871
401
157
329
67
889
125
594
365
844
45
132
224
522
851
426
74
356
230
232
973
864
384
789
214
278
13
441
45
652
704
8
68
57
589
58
240
395
994
875
927
482
931
177
244
339
957
661
452
317
978
43
445
196
479
776
719
26
821
342
263
783
356
71
166
931
981
182
105
55
904
5
1
668
96
23
123
668
279
987
892
759
932
883
310
633
560
987
683
467
232
562
802
26
403
304
966
318
85
881
288
580
807
426
494
663
318
746
613
489
541
10
568
81
970
527
995
4
805
71
764
896
115
0
213
119
466
320
253
861
335
613
140
200
817
681
271
522
627
417
269
357
452
742
194
410
545
819
946
4
112
478
962
95
784
354
195
324
381
836
915
998
371
387
764
341
212
48
979
487
666
743
575
458
884
820
332
8
210
13
637
273
529
297
302
19
81
982
247
30
462
619
2
613
524
757
130
3
852
742
367
541
954
500
33
951
267
263
683
900
541
35
524
14
819
280
923
59
664
897
777
625
862
115
87
195
382
420
737
200
265
570
133
879
694
322
179
338
946
613
933
953
468
742
597
367
516
29
925
975
874
772
985
372
834
502
595
345
844
981
903
515
663
20
534
331
368
545
880
127
111
285
165
989
820
855
469
474
185
38
646
82
275
684
33
355
445
22
874
83
878
11
355
219
724
325
225
888
970
449
857
991
990
424
239
746
857
757
966
102
584
583
607
874
321
178
489
3
566
252
529
934
938
879
754
742
500
72
79
967
800
239
975
425
679
160
672
145
976
10
738
964
869
692
880
554
726
506
269
464
220
700
598
685
59
573
116
16
553
940
827
593
793
390
481
254
589
578
479
0
711
281
725
146
140
13
532
4
211
769
232
890
551
293
732
190
812
720
965
21
449
231
658
637
822
477
924
622
482
293
364
729
972
698
915
278
150
387
667
821
208
415
226
96
243
970
698
91
886
2
888
61
869
892
891
45
359
207
250
483
850
500
988
25
684
366
841
879
922
953
776
299
262
935
175
915
710
57
746
701
649
323
766
700
783
844
226
786
800
116
563
142
14
773
434
49
918
274
379
387
713
725
519
562
305
365
6
668
966
822
684
68
746
123
441
416
260
470
660
71
4
636
578
228
752
491
226
262
314
33
250
950
745
926
4
117
861
976
912
275
30
241
925
888
880
950
385
978
161
88
290
598
474
661
577
969
644
120
859
143
3
952
246
471
9
128
190
90
105
427
21
495
389
350
547
98
939
771
848
834
582
776
155
214
323
543
179
157
223
107
816
720
787
191
98
136
292
230
826
12
944
721
3
93
676
740
229
173
180
3
157
633
35
31
701
599
395
382
242
292
180
796
743
894
345
530
15
328
302
200
418
790
952
966
41
251
740
193
279
857
834
297
726
117
448
0
465
135
318
848
421
139
680
106
273
803
692
203
505
67
975
520
249
238
903
270
879
604
972
529
20
98
79
121
180
94
395
27
300
675
19
971
557
99
274
199
360
957
288
99
669
175
356
666
689
519
240
777
242
969
594
852
243
607
301
834
909
70
831
262
381
893
25
965
460
601
632
797
751
330
93
546
943
392
4
261
251
606
751
999
247
840
771
20
700
166
724
970
161
160
429
655
250
125
744
188
980
322
161
955
847
305
655
753
92
143
503
338
277
390
583
20
704
824
857
821
196
982
483
825
68
301
166
676
34
407
188
761
326
15
469
91
649
797
42
251
711
101
194
761
276
548
350
442
884
41
178
100
896
902
898
20
961
724
146
275
974
74
376
662
4
55
654
879
106
51
487
886
507
359
367
937
37
48
516
391
774
298
295
353
572
943
794
68
250
466
688
572
101
325
5
824
92
678
101
814
481
145
852
870
446
13
630
252
947
966
682
342
206
622
952
109
742
244
267
423
45
448
865
268
50
891
775
750
27
779
850
835
709
362
57
618
395
450
810
781
443
925
453
307
523
791
555
767
769
405
657
597
880
703
889
57
189
448
853
438
19
489
22
964
410
122
895
853
832
315
379
890
412
792
974
466
284
240
302
413
813
832
378
535
69
677
8
610
12
46
550
997
30
63
530
868
186
397
508
400
89
190
835
879
560
561
650
733
32
503
192
90
441
531
745
548
17
220
65
558
541
220
987
419
557
114
168
513
334
634
130
367
154
176
879
473
4
286
615
912
37
824
920
747
720
450
245
881
303
890
339
94
226
651
469
160
741
97
86
30
228
412
843
985
210
333
71
84
163
579
300
986
468
690
45
201
665
377
167
533
304
329
36
866
765
662
855
387
777
114
270
152
134
102
159
511
767
207
562
987
183
947
519
234
3
913
468
870
671
699
367
401
199
73
30
759
115
122
657
923
985
321
85
955
64
719
59
633
240
625
829
631
210
556
580
623
153
236
999
205
7
904
213
897
365
647
159
735
215
524
3
377
775
874
173
736
776
238
107
411
370
931
543
435
951
87
786
34
113
572
219
202
542
478
377
114
785
674
258
640
670
43
143
895
242
746
970
448
756
549
7
487
532
307
858
806
114
476
976
276
37
402
711
835
58
548
570
887
570
488
950
729
289
280
195
920
614
383
949
303
626
59
34
503
64
91
629
296
561
562
59
236
901
892
282
657
632
212
286
549
950
843
801
316
592
682
692
245
517
97
626
121
348
107
88
337
341
888
125
758
807
3
374
65
289
993
619
833
934
94
288
885
331
525
873
256
305
496
263
174
566
648
64
234
304
127
51
176
790
45
571
343
380
690
52
986
714
858
310
561
532
892
78
625
318
683
203
43
62
565
944
473
793
26
301
536
186
23
907
0
605
63
716
579
437
990
393
366
662
838
277
925
379
136
557
767
280
376
14
167
807
894
261
823
830
333
564
573
595
754
764
421
387
5
728
220
302
734
265
4
112
310
345
339
727
13
85
662
89
904
924
882
11
943
440
226
127
271
943
902
758
439
268
160
896
23
769
984
33
30
668
424
515
0
11
275
473
265
314
588
475
809
720
608
326
284
142
777
219
243
737
32
115
515
290
875
46
1
877
123
376
532
771
261
889
757
457
694
335
19
534
110
759
16
336
576
81
391
960
795
468
774
340
58
330
521
313
362
51
389
8
46
8
235
934
215
713
883
85
982
404
439
830
17
357
41
443
200
987
724
539
831
3
828
95
65
212
141
59
631
575
972
4
5
34
495
203
248
359
16
622
78
643
576
399
305
611
843
130
270
495
34
794
66
372
672
562
304
457
325
951
735
416
137
824
75
813
478
531
752
208
140
959
567
310
517
794
532
505
749
534
5
332
598
590
734
584
842
397
852
978
824
551
367
279
181
762
166
472
263
784
103
491
474
205
328
96
410
569
243
192
628
153
200
289
603
249
719
526
676
283
336
13
465
60
150
177
965
950
521
430
256
155
634
10
106
904
392
859
451
944
321
630
198
490
296
921
610
678
262
420
373
186
878
8
118
43
778
603
113
930
754
245
726
240
263
461
851
223
482
740
457
112
149
9
893
143
191
225
218
166
112
813
291
3
865
73
166
162
14
387
139
889
318
761
782
535
804
711
531
588
941
747
757
734
42
711
718
957
47
61
71
631
1
590
511
29
2
846
429
385
633
322
457
463
838
8
999
516
29
971
595
358
27
665
787
334
11
696
965
564
104
418
574
755
527
901
431
746
406
415
516
246
106
12
249
164
881
753
102
280
713
536
731
933
420
238
82
960
904
844
585
965
918
11
415
570
722
545
525
226
274
456
828
2
439
705
997
910
518
269
365
120
437
145
780
225
200
963
589
115
35
867
59
496
964
929
592
818
915
619
403
815
948
659
602
550
15
117
448
280
414
781
295
794
206
233
603
366
55
289
354
870
729
743
874
182
45
156
782
959
795
378
865
105
25
498
388
629
112
295
344
86
477
944
26
571
213
673
73
635
743
32
19
473
678
318
354
585
296
74
825
99
362
672
726
786
613
310
219
209
25
971
189
807
328
599
106
536
854
121
98
280
423
167
458
632
495
826
528
505
480
231
808
31
14
626
95
76
98
913
64
419
209
903
753
737
72
231
464
732
337
857
244
566
395
12
5
48
293
259
130
952
456
134
233
762
177
618
180
481
300
643
243
26
272
896
180
342
36
218
349
231
954
403
259
595
948
78
252
393
624
897
620
916
259
236
690
856
339
309
36
687
48
250
665
394
750
40
569
421
470
104
878
498
976
688
942
482
825
566
281
509
991
108
17
104
57
488
529
399
335
41
56
925
753
465
423
384
671
922
856
100
450
193
278
960
112
608
769
630
257
57
116
595
555
374
463
22
427
677
600
221
55
445
80
449
72
392
708
221
246
804
157
180
18
84
573
749
997
267
308
203
316
542
827
872
54
209
465
519
181
949
620
33
127
768
331
948
240
23
528
136
61
562
611
39
464
266
69
871
836
168
520
328
883
319
878
770
499
605
762
745
444
117
639
863
447
434
181
403
830
30
544
481
896
16
273
988
555
291
945
674
954
35
771
950
662
421
471
7
605
323
72
901
128
583
192
978
92
630
373
313
535
597
850
61
377
290
119
115
280
338
950
720
951
754
11
309
184
289
780
141
651
764
452
200
33
298
71
123
402
385
669
804
958
535
261
800
406
873
510
379
322
486
87
524
603
826
934
158
417
862
896
464
858
59
827
307
595
551
24
3
342
115
191
459
146
509
356
448
134
792
799
884
442
353
532
653
490
815
645
990
870
651
49
771
533
47
160
282
666
248
579
300
645
559
785
350
595
292
508
174
688
426
530
704
502
625
482
966
161
785
951
662
638
25
379
422
149
307
130
194
460
561
590
919
710
409
274
100
645
973
643
256
990
544
251
743
660
480
51
158
899
579
936
402
643
107
72
610
11
931
848
607
251
936
191
661
179
664
541
926
8
385
520
648
733
0
913
230
948
357
473
180
227
866
163
9
909
677
816
528
675
225
747
3
286
879
880
210
278
416
581
68
156
954
233
486
617
99
56
480
933
787
500
772
713
750
3
327
60
535
383
930
10
127
655
689
34
74
739
935
82
462
22
656
958
219
323
102
366
859
595
367
421
527
13
769
804
833
7
682
819
588
746
90
848
822
698
101
59
742
70
195
250
401
176
91
508
809
572
256
692
103
201
591
29
465
594
447
727
429
836
423
904
25
283
372
569
77
375
107
534
399
80
571
582
907
313
521
244
384
608
445
693
168
765
928
1
520
410
423
960
941
577
850
791
656
465
688
429
91
321
366
308
782
101
818
636
919
153
459
32
42
989
800
309
904
816
311
607
804
890
98
336
625
271
47
511
505
73
91
371
498
237
658
469
688
983
657
475
942
700
138
206
295
4
823
139
267
799
993
586
873
568
399
58
310
805
922
993
388
727
780
568
636
450
335
547
220
653
495
421
547
821
689
591
541
832
149
571
884
387
348
84
5
5
850
580
384
709
371
418
989
588
132
951
789
33
699
442
762
581
526
698
384
448
67
126
703
422
271
832
652
228
599
894
494
913
74
687
727
487
45
974
338
994
320
104
174
646
818
732
515
566
511
754
34
80
40
258
156
528
993
280
932
660
600
360
342
531
923
463
909
142
202
338
841
123
767
621
999
681
939
454
985
21
179
845
168
863
882
918
316
620
69
790
22
133
928
299
270
791
293
517
90
264
983
921
3
492
152
189
212
62
304
513
589
526
698
335
397
145
552
350
830
717
328
602
476
305
699
113
722
221
971
542
578
664
53
450
999
793
720
297
232
459
992
766
78
624
387
542
675
209
142
877
692
659
238
984
881
673
676
668
194
76
38
112
463
588
287
144
403
622
480
951
753
354
808
171
692
613
859
223
790
447
157
259
651
589
242
414
867
60
61
783
340
485
865
922
720
254
606
314
314
562
975
427
396
992
660
343
721
605
349
800
4
86
607
841
298
24
855
106
897
965
771
550
6
245
893
736
169
545
511
50
156
899
950
517
19
251
16
712
300
606
697
188
327
662
155
867
51
19
784
340
914
999
164
386
612
362
461
243
691
940
358
556
235
87
599
856
325
853
621
820
702
825
627
928
820
183
858
951
464
458
74
426
978
482
576
475
52
178
366
351
336
492
565
12
527
980
356
735
515
29
154
763
517
434
667
274
258
147
350
750
393
907
3
692
691
33
199
805
69
221
256
650
128
111
616
387
924
960
625
606
662
714
85
340
208
639
20
846
61
332
902
109
490
623
397
181
797
22
61
503
234
783
58
996
700
771
886
685
687
32
270
776
561
173
427
606
130
113
453
588
930
478
610
630
736
888
167
544
601
896
221
505
880
204
429
338
0
462
983
779
202
586
845
766
416
1
461
759
325
734
76
558
818
619
875
219
408
583
803
172
100
98
555
140
810
606
588
199
542
370
713
396
844
389
491
454
501
537
374
586
274
186
644
31
112
45
552
717
974
570
860
350
850
176
924
99
362
48
20
492
665
798
224
621
776
783
61
100
372
77
294
634
840
612
131
231
122
823
417
76
166
198
118
826
679
431
317
222
824
271
216
207
927
493
236
33
983
466
981
348
728
528
330
711
812
497
381
219
932
911
55
817
855
285
622
5
946
808
123
844
187
481
226
367
8
669
865
35
90
985
618
132
362
994
578
27
1
294
184
97
3
3
965
543
130
866
876
3
891
74
56
889
777
205
959
942
172
653
724
307
345
868
898
259
29
296
175
267
128
989
285
708
268
113
261
792
544
525
616
581
355
871
825
238
517
4
99
422
63
583
420
718
11
26
37
92
620
168
327
46
168
603
971
549
956
952
4
90
276
936
453
303
133
305
646
72
338
998
721
45
997
618
24
25
155
117
933
133
924
568
748
939
772
835
256
34
961
262
660
377
34
849
716
174
123
599
883
58
30
897
3
0
813
982
493
75
488
110
368
828
917
335
742
408
187
878
399
125
122
654
113
16
987
424
45
67
452
787
353
298
722
604
472
962
326
181
681
71
59
835
480
606
599
741
199
644
722
878
486
41
320
410
39
109
165
34
82
270
679
24
344
578
100
688
562
826
597
210
103
739
457
999
37
676
363
968
584
907
14
436
175
980
977
608
355
262
315
988
24
734
423
515
808
488
442
397
32
455
752
271
173
472
518
643
526
773
3
782
749
170
76
684
742
344
643
230
686
805
540
63
646
67
977
133
771
288
482
512
601
61
913
645
805
649
74
773
614
994
596
59
19
594
721
790
101
396
7
190
805
442
241
509
998
905
222
127
505
966
229
315
163
768
566
893
997
22
284
773
118
147
983
58
449
549
530
719
984
307
293
81
32
24
585
6
585
312
674
42
248
241
765
229
315
417
37
820
221
33
377
64
427
112
367
32
889
89
968
12
64
3
70
567
835
970
21
246
158
371
176
885
507
22
839
111
955
562
933
675
104
439
837
718
684
684
945
298
671
435
338
120
53
122
398
303
678
615
400
198
301
242
180
722
65
227
747
221
333
318
627
162
270
735
158
775
813
794
285
273
317
789
388
724
335
89
442
94
55
614
399
833
953
623
215
365
892
667
916
350
487
666
201
655
229
753
765
47
773
71
16
574
17
632
127
134
783
587
156
477
923
659
855
221
863
636
4
311
356
8
733
22
545
794
650
494
200
289
319
238
990
0
484
757
406
710
147
392
426
461
430
491
239
164
840
811
92
635
7
407
36
440
992
740
302
21
542
903
592
521
547
306
611
332
855
925
94
318
321
210
395
467
0
529
497
106
265
553
176
795
349
190
587
879
860
14
792
3
928
850
3
54
147
544
669
887
354
475
903
534
138
417
352
234
411
78
222
790
961
565
588
421
45
48
753
680
0
460
201
387
324
7
79
128
61
184
332
802
417
364
617
360
490
21
793
242
539
5
492
323
881
876
534
431
102
693
753
273
49
11
60
681
774
159
223
486
462
589
4
609
205
111
608
573
293
211
583
533
441
403
786
728
816
19
206
336
82
403
828
3
361
176
201
508
245
474
134
168
605
18
616
456
922
144
126
837
906
620
569
779
659
797
403
118
521
620
656
66
932
418
952
261
44
528
774
637
516
475
920
276
47
785
731
443
330
828
984
320
151
0
763
80
465
395
691
403
68
111
90
786
666
644
750
528
683
0
602
280
710
650
368
469
84
451
131
635
180
727
4
295
510
50
288
413
330
237
110
959
873
453
384
190
797
145
814
477
85
797
263
73
692
774
482
886
127
795
211
507
93
329
974
869
865
786
834
407
572
117
845
247
816
430
137
310
344
120
541
186
153
653
21
957
76
395
414
610
403
497
641
41
956
682
229
163
15
3
184
178
71
738
153
67
272
191
703
509
256
609
131
405
899
271
933
383
842
402
23
463
94
878
349
93
377
318
157
392
479
604
281
941
803
333
188
221
737
572
628
585
0
822
45
802
910
921
606
843
174
441
128
329
724
888
95
156
12
133
553
103
347
872
141
150
302
378
275
19
319
997
790
844
544
53
239
947
850
252
935
367
567
4
970
839
975
307
541
160
81
379
743
571
807
516
912
568
953
788
435
658
33
493
600
5
243
994
852
352
162
894
21
696
66
469
419
102
226
658
4
118
134
130
255
669
320
911
680
856
457
606
860
425
296
684
491
177
821
721
797
359
576
147
373
101
504
708
250
38
612
971
8
614
632
797
4
187
998
611
38
737
923
0
335
850
520
762
991
439
144
53
505
986
460
423
94
845
638
525
845
920
560
235
770
523
440
543
331
477
444
932
51
168
33
444
505
725
315
445
149
163
624
133
69
295
43
19
386
842
723
24
129
979
1
542
497
992
876
896
26
325
33
876
127
35
954
518
412
960
148
383
880
130
439
72
213
80
141
973
400
240
485
412
271
851
204
722
730
51
858
652
667
360
273
319
250
65
68
807
43
524
839
773
631
635
226
739
171
0
633
636
834
888
352
312
249
148
602
131
165
330
328
149
51
178
924
387
518
660
700
711
192
31
298
487
324
764
245
128
271
175
818
367
281
370
21
658
667
16
50
179
4
104
382
704
358
509
946
721
559
759
301
457
606
91
151
1
605
63
423
862
825
677
839
404
884
489
238
226
209
14
992
841
185
416
54
993
69
750
510
3
85
234
84
204
71
196
250
923
340
912
802
15
91
66
452
758
26
683
983
842
796
79
82
311
97
229
163
122
596
93
916
821
4
547
212
164
66
338
69
851
4
844
258
669
901
412
650
779
528
163
370
103
824
83
174
78
202
334
798
454
547
855
363
387
842
951
335
516
479
185
155
77
743
773
90
477
837
655
629
930
26
115
923
192
244
919
319
748
139
603
740
110
208
949
46
927
509
139
674
0
65
667
39
372
11
368
261
406
199
626
403
493
690
596
161
376
883
473
518
939
904
112
245
3
97
845
575
986
513
284
486
100
297
171
607
352
988
780
685
434
546
456
320
196
391
632
174
845
545
169
716
20
839
526
92
752
62
721
801
181
777
7
557
900
70
666
239
103
0
929
510
329
255
469
501
755
283
590
40
570
0
74
558
333
345
492
887
197
244
3
107
526
673
284
355
288
159
387
614
281
464
106
31
367
185
12
954
4
534
651
688
459
867
104
894
357
4
558
356
429
9
251
100
998
656
130
116
172
475
638
854
842
942
407
106
154
974
84
234
614
312
443
420
114
413
629
830
869
67
49
84
683
90
747
380
127
888
166
555
160
519
26
276
276
132
410
55
365
700
316
346
977
520
530
637
805
320
38
429
471
217
744
67
671
289
491
610
510
45
561
37
665
278
363
635
820
247
805
118
799
500
806
270
358
15
101
645
515
199
694
393
309
144
907
885
850
276
146
446
32
271
954
438
827
508
174
26
262
482
573
14
69
177
29
126
508
324
843
615
107
809
157
609
233
246
386
768
235
688
47
18
178
703
132
283
59
354
997
417
939
382
149
787
538
711
159
780
892
551
735
550
266
82
117
610
491
859
452
304
246
817
120
0
477
274
600
255
175
979
138
46
12
541
21
991
964
471
655
101
836
879
925
833
628
349
744
319
152
539
629
101
567
649
419
5
973
231
638
897
515
39
12
678
681
65
512
682
364
667
449
192
531
602
540
274
844
328
325
192
162
66
371
910
102
393
627
406
3
178
94
132
980
934
491
912
198
983
360
15
570
710
285
706
460
959
0
450
834
933
275
727
480
607
144
241
252
292
137
676
295
546
621
216
200
190
109
450
751
227
163
20
544
188
637
376
45
131
90
286
957
446
959
218
728
453
181
851
478
3
91
483
245
12
707
440
671
304
291
542
466
429
3
388
823
0
179
863
134
696
749
559
39
368
692
318
82
815
861
62
314
535
829
838
199
404
184
270
538
7
951
794
503
997
422
275
349
145
906
398
873
522
653
471
4
647
698
132
203
33
992
88
584
1
883
804
862
618
191
575
927
164
235
254
948
351
282
920
30
353
222
369
294
515
1
996
727
554
89
375
625
38
188
690
20
857
746
970
14
479
952
259
175
547
674
751
14
746
738
190
833
340
10
941
708
420
606
56
86
165
691
315
132
635
712
648
975
45
65
436
226
492
357
55
833
242
89
359
475
912
492
459
71
101
224
782
199
792
33
824
756
432
945
423
707
800
52
828
876
418
153
322
156
844
54
950
568
587
852
280
732
70
809
648
575
89
712
798
683
523
657
50
245
321
76
528
10
748
208
126
516
545
336
886
253
546
541
393
880
566
228
314
710
496
365
690
922
984
539
255
615
278
741
694
199
200
618
989
764
708
169
483
234
333
561
118
575
242
268
571
249
637
115
72
753
119
773
912
738
968
628
260
612
220
709
330
58
324
278
117
254
444
235
265
644
464
630
368
233
948
662
742
594
618
33
1
196
84
151
459
494
96
463
21
271
598
982
173
883
743
505
353
0
235
360
512
211
288
580
389
613
455
62
740
69
47
815
721
551
773
434
838
2
26
619
219
142
374
77
468
169
816
307
0
514
678
220
210
62
750
420
326
545
689
71
825
861
288
620
151
187
677
531
114
34
495
735
797
220
862
852
171
4
41
823
788
30
105
518
3
786
526
2
167
281
194
151
13
226
813
748
529
138
941
20
708
337
314
750
89
551
756
93
58
824
376
441
549
122
893
963
966
990
68
506
15
892
316
966
842
831
603
487
336
321
636
623
869
944
0
314
750
792
233
759
41
51
654
657
755
269
732
988
578
200
670
908
732
487
625
826
201
153
199
185
60
37
414
390
381
400
368
258
479
288
330
368
501
430
661
165
801
107
206
11
67
585
141
398
971
5
797
257
331
757
769
389
276
43
234
164
59
393
609
530
854
315
921
424
699
453
298
145
440
633
371
266
474
103
209
94
324
838
46
122
431
334
643
897
756
247
474
617
326
228
563
378
920
937
387
854
968
135
751
748
594
472
663
594
615
880
22
993
380
76
752
30
656
885
631
998
25
35
509
582
193
499
871
188
989
143
339
128
648
4
635
257
572
471
5
130
299
864
745
483
166
699
950
985
287
879
22
571
989
499
0
211
797
565
261
551
456
27
738
7
317
67
211
124
491
178
664
10
239
662
190
738
926
563
304
788
95
23
351
563
486
247
337
389
509
369
770
11
448
973
735
2
74
982
372
9
681
771
319
823
611
424
546
622
193
777
846
902
689
192
656
63
78
14
21
610
3
96
659
224
780
86
429
366
660
934
892
821
758
5
330
868
149
840
254
743
40
299
600
363
451
70
185
767
489
254
97
64
996
987
161
864
434
455
813
214
672
5
370
211
930
652
856
187
426
918
586
1
457
865
186
755
574
604
539
1
532
394
911
916
630
76
267
278
204
300
961
211
43
47
602
337
499
352
631
430
570
491
128
999
27
188
190
893
186
495
713
401
330
93
573
569
385
805
544
52
631
438
164
705
310
64
298
237
749
552
588
838
936
302
366
315
151
693
4
603
622
370
299
243
353
451
149
842
345
413
362
629
9
634
444
304
900
132
65
997
872
986
978
455
528
780
15
513
320
73
416
3
161
745
385
63
42
227
700
909
618
41
31
548
272
258
191
906
514
200
196
164
69
770
402
580
256
211
32
612
926
122
501
525
861
499
321
407
890
525
616
702
516
115
239
675
274
508
57
468
914
270
742
158
959
809
990
64
306
406
755
218
90
127
704
266
498
652
890
705
110
449
33
36
790
254
243
385
509
643
842
553
188
319
78
719
32
536
695
575
260
575
219
562
854
258
121
278
295
493
55
914
771
229
907
179
26
4
149
659
34
736
545
196
461
429
983
896
786
753
493
922
697
210
228
675
379
564
50
439
26
286
784
767
328
580
3
419
119
146
375
879
143
256
815
704
817
480
116
501
894
21
252
575
111
1
16
404
324
168
288
835
987
83
23
848
969
309
320
521
378
985
435
504
0
666
387
84
193
57
212
579
612
870
262
450
87
695
478
510
754
66
308
3
912
137
950
953
742
172
821
403
33
968
837
717
310
489
250
682
317
723
287
559
515
971
677
309
514
915
91
360
434
571
2
649
3
774
388
750
10
984
198
428
512
624
267
997
680
544
370
195
494
233
865
931
985
279
812
97
508
705
90
384
142
635
311
122
933
20
40
3
829
19
344
63
229
277
2
807
470
822
146
708
891
4
150
130
95
201
840
129
980
82
885
167
448
668
245
807
932
327
479
431
532
168
618
819
962
69
200
787
101
213
567
136
905
959
14
1
938
961
107
764
108
767
670
250
689
812
75
456
59
866
188
270
820
326
0
273
69
14
563
204
460
38
60
90
884
98
986
281
531
827
732
255
723
699
343
123
70
458
492
46
270
832
489
536
119
193
68
480
237
182
195
933
806
297
260
408
977
394
745
831
925
215
831
129
813
707
347
48
387
514
999
251
288
598
118
777
304
817
540
0
409
235
582
251
964
895
99
75
344
491
10
13
419
348
68
352
4
11
669
285
67
312
618
397
888
412
110
124
302
814
106
4
911
970
184
93
609
538
318
73
105
723
194
989
648
326
865
504
639
647
476
228
523
136
160
520
72
367
6
162
376
431
11
303
1
243
246
970
551
102
516
5
525
15
954
43
19
932
440
147
681
157
699
611
218
499
552
39
273
129
426
662
130
780
742
793
481
102
206
2
111
630
203
297
18
668
548
945
78
54
784
912
68
688
0
628
682
33
48
473
132
786
279
453
783
8
740
646
614
375
633
434
781
259
645
305
838
15
326
223
701
785
791
936
338
377
14
106
164
106
859
409
961
182
12
770
42
688
476
504
719
823
919
68
838
561
503
172
253
126
453
778
233
155
672
123
374
106
524
815
374
360
715
420
801
881
413
568
182
2
625
724
673
762
512
145
351
364
880
284
305
803
925
675
49
180
21
193
304
233
44
793
931
438
708
286
119
288
741
1
133
896
803
925
451
819
66
395
155
353
717
45
404
226
973
805
113
376
276
165
907
814
369
508
0
962
333
767
138
20
741
126
704
798
941
189
724
532
844
760
145
279
528
956
345
65
883
764
971
79
28
4
382
686
432
805
4
458
487
51
528
11
961
447
567
26
64
926
522
311
488
732
561
283
281
967
398
174
391
325
976
328
549
787
840
180
197
481
355
437
526
166
795
321
834
268
774
342
768
827
581
804
8
378
150
520
504
129
344
197
343
78
960
849
256
96
831
756
853
451
83
897
46
614
413
61
222
296
282
734
905
60
213
13
74
71
445
119
956
326
486
332
686
108
155
112
373
455
144
736
814
458
370
286
841
123
104
440
655
683
481
568
770
739
838
720
698
470
260
827
500
888
374
109
28
868
659
944
88
59
351
649
374
111
66
396
715
345
44
969
772
710
990
296
319
1
539
265
769
298
691
119
260
798
428
19
80
295
287
273
652
278
724
641
251
289
108
653
137
528
594
367
987
619
744
393
861
334
450
680
879
672
759
826
606
232
176
790
793
217
266
338
41
660
789
707
487
587
760
697
551
224
739
331
449
826
61
463
155
919
28
595
52
448
802
133
601
481
955
977
262
667
144
876
849
217
407
915
423
730
346
463
517
139
673
366
847
161
78
434
903
114
751
11
234
76
189
690
222
365
577
918
256
731
947
970
81
660
432
883
892
530
460
813
314
79
471
456
444
644
996
20
341
467
851
437
874
796
752
165
158
204
131
444
50
829
328
849
418
903
15
533
272
141
61
25
145
640
231
237
507
86
531
19
219
148
810
60
810
215
982
75
933
170
554
135
332
170
418
482
652
748
45
2
589
866
868
64
445
223
178
45
898
472
252
893
16
141
892
65
324
215
83
107
69
320
528
909
12
154
95
976
243
48
490
373
389
130
84
216
801
118
748
351
844
702
99
550
354
921
265
494
299
224
992
976
346
738
553
475
456
795
389
240
568
754
36
296
758
626
451
523
347
126
67
434
576
986
761
365
935
917
357
586
308
299
179
794
180
995
906
871
177
546
650
16
674
267
446
71
221
452
789
5
598
798
640
313
987
69
377
637
843
951
596
450
783
463
428
378
150
76
132
332
685
103
196
469
462
385
625
22
520
103
199
106
238
268
394
945
461
486
325
131
645
290
18
826
580
200
332
439
19
998
675
398
594
812
833
814
415
102
73
473
50
218
433
2
803
342
104
64
631
467
405
96
772
443
34
187
630
35
372
294
631
563
636
433
61
132
285
13
878
887
641
654
208
51
178
702
687
57
33
895
155
995
122
363
8
506
869
456
649
114
633
404
999
828
874
935
315
144
13
672
179
344
197
75
26
320
543
404
454
33
875
607
654
792
173
2
147
730
722
569
127
696
705
737
968
50
2
648
158
429
334
484
716
277
64
726
38
678
191
458
678
36
638
324
136
895
510
808
476
3
218
534
298
492
166
460
165
544
899
156
420
479
14
39
912
959
102
415
547
629
5
330
671
135
159
317
642
487
261
347
201
461
691
159
486
521
102
293
126
509
154
833
451
649
896
636
909
587
760
80
641
163
488
585
337
661
199
955
19
722
0
766
965
566
899
969
917
499
400
197
326
188
665
216
483
295
746
233
421
852
59
258
414
136
215
374
871
492
173
5
403
509
155
90
18
8
519
679
676
994
188
991
686
187
878
462
413
394
495
268
304
974
762
688
487
349
459
835
230
5
305
151
243
893
865
566
48
75
766
165
913
594
627
790
360
999
769
282
526
866
365
183
591
831
876
447
214
985
840
19
28
98
924
754
239
699
621
805
528
987
631
110
802
274
710
100
654
846
469
388
385
230
46
725
393
644
407
80
294
495
167
702
283
388
227
300
898
341
833
848
339
337
890
267
655
636
749
869
505
729
265
402
597
14
525
800
912
684
3
250
554
891
148
314
19
921
948
86
32
314
915
240
627
440
492
362
734
237
217
19
693
3
255
634
102
758
748
737
415
136
843
534
88
4
937
193
584
848
681
649
271
978
289
802
648
88
753
19
899
54
562
398
772
595
573
628
216
660
778
399
808
170
332
341
206
442
642
819
855
632
490
163
848
180
783
350
456
320
772
161
328
703
814
193
888
505
710
143
720
236
25
686
779
302
464
911
574
289
983
344
971
164
980
11
707
510
245
211
339
152
4
404
264
899
834
449
653
44
354
895
85
566
242
91
798
233
100
288
341
213
768
259
403
78
11
300
616
740
849
7
305
748
373
15
649
583
848
867
943
435
586
1
383
233
839
631
999
195
485
172
542
8
722
553
212
576
853
154
452
758
432
962
302
742
347
299
62
860
584
12
129
929
49
493
812
340
891
474
658
11
118
715
867
501
41
559
146
607
990
70
192
663
142
73
776
865
161
445
808
141
810
215
296
961
104
47
33
144
778
596
20
577
203
978
541
218
748
453
14
679
59
2
625
84
364
840
2
470
673
919
677
284
182
253
570
944
358
102
595
41
85
560
802
344
180
867
146
351
577
867
382
82
297
166
549
293
311
568
880
751
173
342
85
85
575
897
296
173
686
110
431
595
131
543
571
163
578
47
408
974
995
8
118
237
663
840
707
935
182
344
229
380
60
338
437
328
3
18
632
647
779
278
13
149
933
11
886
296
548
733
825
646
907
740
620
320
795
611
709
418
85
543
938
8
696
7
198
230
109
375
924
640
636
911
917
202
744
228
51
3
800
615
809
56
372
806
411
264
170
109
9
447
377
74
260
38
507
483
5
200
985
729
539
287
777
623
163
143
744
263
801
26
113
120
637
564
957
663
486
917
142
599
316
713
251
47
516
529
355
589
291
199
31
539
956
185
309
146
374
498
734
272
772
931
515
668
494
331
208
872
543
19
254
980
37
534
684
257
987
60
983
699
671
16
393
547
490
124
46
360
366
516
365
13
830
584
84
676
221
967
806
551
643
894
380
185
64
648
131
155
561
145
605
233
367
851
777
644
600
606
450
185
740
837
951
969
731
247
879
726
628
0
502
501
200
381
115
22
36
656
53
8
951
990
282
281
164
583
259
177
690
206
946
343
482
91
692
89
232
46
261
142
377
587
452
4
898
482
50
897
317
108
100
624
284
907
719
727
216
199
96
746
659
520
136
966
2
74
878
333
64
958
565
756
385
155
740
845
588
168
329
40
943
341
19
118
795
614
955
3
561
465
560
761
128
748
165
666
758
809
486
60
26
710
374
1
986
757
253
101
227
80
910
558
708
540
262
739
238
758
981
487
103
632
66
144
757
808
55
241
377
458
110
262
81
14
771
8
67
129
471
20
789
726
16
377
225
757
15
763
4
988
210
474
0
250
121
596
296
846
122
490
117
300
835
499
657
717
623
237
203
617
992
992
810
738
257
647
928
120
847
180
378
388
297
396
4
879
943
767
710
341
680
244
380
938
203
3
249
207
129
65
486
992
81
718
327
361
428
902
514
38
442
506
801
339
169
196
264
404
337
78
657
5
42
491
730
129
413
575
799
22
589
145
392
732
273
5
206
128
691
572
557
717
296
64
629
123
453
719
232
924
82
966
526
827
91
692
504
428
850
720
943
951
640
955
239
597
535
775
328
125
643
212
163
642
83
850
811
351
702
202
596
989
262
240
307
870
137
299
202
771
45
873
979
741
238
901
501
234
781
38
821
318
752
777
549
809
268
403
771
424
611
501
306
617
157
291
469
149
897
730
744
554
601
737
188
121
377
315
594
931
779
11
96
331
383
42
23
472
287
72
325
571
56
73
795
258
564
887
486
974
119
806
612
27
823
694
106
537
152
16
230
444
166
88
648
123
340
558
337
701
7
604
217
655
881
317
282
64
63
570
132
697
269
14
736
632
595
888
303
667
953
938
247
669
406
37
170
559
831
973
232
251
128
105
175
596
585
248
579
404
280
961
874
15
755
110
641
883
997
434
292
464
319
763
962
356
944
851
652
24
768
271
453
201
610
20
334
64
124
4
503
377
580
111
244
725
521
0
396
680
286
853
520
349
143
258
9
63
878
441
297
232
807
10
807
626
831
320
625
475
532
366
354
798
646
262
664
129
489
374
306
166
446
989
443
763
165
123
29
578
545
50
724
896
148
215
325
900
989
706
41
352
371
581
370
370
640
586
150
773
998
656
121
429
38
880
30
637
359
262
481
323
630
569
441
649
166
122
813
36
321
818
530
708
646
625
0
915
950
532
363
760
34
183
350
27
912
830
941
461
918
554
70
0
474
268
680
376
66
317
327
173
750
490
321
417
182
53
39
804
0
821
400
225
867
960
353
390
112
349
297
837
576
633
702
3
300
954
422
791
920
484
139
236
451
137
984
158
642
6
750
73
29
149
202
784
3
704
271
445
956
976
893
409
227
912
961
393
242
436
557
278
82
925
303
935
601
17
214
803
272
654
911
171
822
912
286
3
56
437
3
118
753
192
48
36
172
78
290
195
119
293
430
128
225
2
210
378
476
339
798
630
487
617
260
980
409
409
154
579
44
11
913
234
814
148
4
486
530
200
8
781
65
470
70
51
589
262
549
260
162
81
40
153
478
784
699
782
869
620
547
591
632
163
435
485
30
149
127
494
423
123
511
508
402
40
118
704
14
839
765
707
57
452
893
961
908
567
147
605
0
77
299
999
382
478
341
340
731
537
488
910
925
841
11
272
470
647
76
885
929
723
177
947
242
73
380
504
52
252
33
277
435
22
900
32
206
0
227
314
664
965
294
484
505
268
929
538
346
874
100
255
26
55
515
102
280
209
150
231
618
354
160
302
744
27
565
750
989
50
20
941
548
94
778
75
862
152
162
47
947
830
775
293
551
63
439
106
722
803
766
4
806
634
227
994
110
395
220
884
664
10
441
260
973
348
747
759
284
629
951
204
161
203
484
337
331
376
937
74
229
145
303
361
871
2
965
439
78
919
121
22
504
434
626
563
657
310
371
129
4
183
354
979
564
854
11
147
66
178
589
526
26
919
260
903
4
508
982
837
186
795
793
13
335
370
835
348
387
887
196
587
66
977
415
533
735
260
83
654
296
382
744
121
4
518
702
108
762
536
928
80
947
628
134
399
418
153
199
606
133
169
140
955
398
660
216
859
837
673
559
542
519
63
732
743
451
517
293
627
490
397
203
261
729
67
814
10
125
794
417
647
323
816
726
970
936
642
130
689
921
551
832
207
27
719
815
940
976
326
475
530
3
378
12
33
539
372
143
600
2
811
592
758
304
42
501
354
323
747
16
11
636
139
204
483
371
846
676
134
839
624
946
504
248
88
228
10
130
187
103
147
285
895
95
410
393
198
428
385
321
632
722
105
567
868
255
867
357
353
75
594
537
832
670
45
100
378
7
956
5
300
496
577
176
219
579
179
801
717
365
773
716
305
208
234
262
393
32
701
437
10
979
305
313
908
482
715
960
80
496
922
526
491
435
906
731
97
249
133
541
734
815
760
295
955
320
210
739
186
107
916
950
985
120
708
9
973
909
896
764
818
951
73
449
572
461
19
435
541
9
414
660
304
522
147
280
510
629
57
4
761
16
624
589
352
116
818
879
567
603
757
681
505
983
392
285
835
288
612
375
389
215
196
979
637
269
215
641
484
807
474
732
436
200
791
874
418
383
315
821
338
139
963
14
350
187
944
725
859
754
957
809
327
566
643
67
142
868
278
291
425
711
34
297
977
223
250
403
348
576
446
597
48
429
517
104
130
641
718
222
189
25
541
839
435
164
895
558
842
861
171
944
443
992
157
882
941
75
967
436
577
685
351
16
570
173
165
31
302
134
438
602
811
875
525
893
157
607
5
7
74
912
690
51
935
790
537
980
812
781
986
5
666
304
324
218
506
449
175
815
433
700
688
175
419
957
600
288
931
69
49
406
692
22
371
813
586
282
954
302
704
4
612
512
948
180
113
571
835
1
770
771
614
346
723
300
453
207
866
339
279
88
197
843
796
695
619
319
838
879
850
103
991
192
871
737
727
848
267
442
45
340
1
316
382
552
778
138
649
231
647
84
754
702
32
78
979
522
97
467
134
337
114
204
406
456
401
636
752
549
780
200
357
3
428
983
109
82
401
347
592
116
910
11
388
917
994
180
739
896
858
519
313
950
81
608
585
107
47
52
217
912
191
243
715
552
363
30
824
845
3
320
690
364
235
796
250
594
658
14
90
372
979
262
572
780
198
246
63
394
203
431
10
467
531
826
624
291
895
739
787
537
562
987
752
105
539
2
141
915
981
234
650
625
4
327
437
104
866
126
5
478
173
471
517
746
966
177
467
924
754
848
134
14
517
268
129
112
804
515
431
376
397
809
906
3
248
860
232
714
422
670
621
285
387
373
665
343
119
711
239
308
29
161
636
357
30
131
225
547
824
955
525
684
686
543
893
603
221
720
83
551
315
727
12
404
487
947
284
172
378
0
897
44
346
265
604
822
312
543
244
267
268
48
114
391
374
541
608
82
710
493
110
225
66
437
853
992
14
383
491
620
969
871
5
74
114
150
510
138
894
854
975
804
977
807
984
538
855
758
69
424
846
146
328
141
82
338
124
219
743
222
132
740
451
671
10
4
887
1
725
841
269
641
882
341
525
863
823
264
224
835
109
500
211
382
147
154
219
861
312
553
255
651
291
310
3
889
966
976
810
628
669
449
801
33
135
625
99
958
409
8
511
127
150
994
730
311
749
553
76
228
179
246
843
318
894
802
312
748
410
635
669
45
673
691
11
944
516
791
669
329
360
653
304
406
144
246
787
2
578
921
932
321
160
358
252
481
176
110
19
748
156
32
581
506
149
71
261
194
545
108
809
86
453
361
831
662
177
285
783
479
752
118
167
441
147
362
217
680
184
33
140
615
852
830
17
73
333
518
295
651
873
489
407
474
37
894
959
386
512
410
656
596
964
25
353
455
985
410
419
583
921
65
33
919
267
41
283
781
593
304
608
44
87
4
133
551
551
584
115
955
643
177
783
453
225
925
250
259
319
135
115
945
894
814
176
686
572
427
592
16
214
101
317
709
259
775
240
754
879
465
230
833
492
586
83
330
298
15
739
864
528
4
616
69
635
137
702
436
238
594
655
541
3
358
34
749
176
356
400
343
797
622
177
859
941
4
35
778
920
627
41
919
998
468
657
578
594
877
967
62
80
144
415
27
231
541
510
527
406
643
977
1
26
715
758
562
708
658
758
853
271
229
574
418
951
419
408
969
569
68
623
281
434
636
585
35
468
46
359
34
982
135
27
4
10
172
86
393
311
498
604
746
456
369
879
71
661
636
370
385
793
720
606
554
204
238
895
783
278
238
306
626
356
736
468
767
70
893
457
931
28
191
193
9
493
510
45
938
4
868
249
460
298
469
70
211
716
787
922
736
201
125
154
696
685
760
305
527
536
267
209
592
308
393
527
704
285
827
13
121
434
937
996
11
619
367
587
33
565
613
359
211
870
231
519
102
550
275
221
773
80
166
976
703
384
464
656
477
570
159
672
748
655
884
687
571
292
94
589
615
555
644
245
743
207
544
204
104
148
170
244
257
148
269
442
255
27
399
242
20
4
779
172
976
153
547
227
15
287
62
884
151
877
147
355
823
102
557
46
34
310
55
963
680
522
663
550
778
732
313
3
282
783
159
459
856
208
899
59
674
723
0
336
975
157
66
328
200
491
340
54
193
14
271
18
574
968
919
990
62
641
398
894
126
191
295
412
364
754
173
627
244
696
297
105
858
226
830
738
406
834
842
501
806
187
208
93
405
375
492
149
243
813
651
193
513
937
146
300
65
457
76
205
186
33
394
22
112
625
0
764
417
589
577
648
657
905
993
506
19
951
193
518
227
572
744
676
86
402
551
151
416
522
82
53
899
294
662
534
956
629
550
941
514
576
260
414
359
246
918
963
832
419
801
501
423
455
312
64
504
931
960
415
678
284
732
9
232
648
234
41
748
356
863
389
592
47
509
601
487
846
47
107
567
988
771
3
907
43
247
622
659
161
927
317
231
685
39
359
916
35
503
5
565
866
54
979
293
45
983
201
576
938
186
26
794
666
355
49
171
7
768
163
800
462
26
92
142
313
148
913
732
376
12
65
344
429
799
211
273
806
246
193
486
615
350
710
15
210
285
4
184
656
931
966
15
358
820
814
775
774
684
405
717
132
293
334
617
330
757
85
386
376
495
979
194
917
336
104
154
56
384
250
460
898
836
946
855
962
388
7
619
380
4
661
787
18
13
50
590
601
154
654
224
121
117
555
837
550
692
3
933
59
429
38
339
170
871
26
599
932
56
319
26
312
850
841
719
9
31
236
370
65
960
152
47
717
581
983
975
73
499
161
166
137
33
960
162
61
889
515
365
607
381
721
64
795
259
970
229
283
117
555
652
929
19
735
103
383
969
612
218
82
10
193
571
499
203
32
246
83
539
126
859
8
520
329
129
380
77
415
258
117
501
427
49
759
789
172
32
932
333
0
478
855
217
949
32
5
511
591
571
200
492
936
780
382
535
292
249
695
759
4
918
513
424
16
975
30
676
380
270
972
296
405
883
238
298
904
935
786
794
432
25
121
415
415
915
184
67
400
139
742
673
267
583
644
505
294
140
921
972
361
195
622
680
584
967
230
267
41
30
671
4
100
857
577
796
3
978
369
202
531
5
669
958
33
303
730
507
286
109
311
977
774
12
366
607
72
988
165
528
515
737
639
297
839
577
133
204
225
453
303
619
670
603
874
130
505
65
739
480
379
652
794
239
77
317
441
37
404
804
2
549
7
821
260
904
781
595
392
208
911
406
830
861
807
981
156
454
348
415
56
955
329
632
582
19
944
221
651
582
478
214
704
730
314
275
844
979
980
74
453
1
2
3
653
939
248
247
714
854
942
303
511
72
82
858
399
634
863
680
517
572
386
332
390
858
562
15
63
533
971
883
311
856
636
349
5
845
466
834
751
1
57
168
145
164
512
173
874
99
527
128
610
426
599
889
368
293
435
63
851
567
541
500
184
708
555
576
576
161
720
339
251
729
590
782
402
308
855
229
707
538
969
328
662
135
78
505
179
0
243
857
940
316
702
541
522
176
742
199
576
572
904
745
275
472
661
808
222
0
241
660
210
65
850
127
943
320
389
362
85
449
195
760
713
551
52
520
343
917
411
580
993
976
459
747
42
242
940
282
892
99
646
15
870
625
113
11
33
562
68
389
965
568
449
421
211
966
359
491
627
532
12
432
426
628
204
855
708
660
291
318
504
66
20
186
367
190
318
151
376
24
556
496
199
92
739
666
141
32
257
322
259
273
123
243
714
768
927
183
222
751
20
730
615
910
567
758
613
322
668
68
136
66
490
221
1
993
308
935
26
872
643
100
572
344
157
909
456
878
804
710
520
435
344
113
952
757
679
638
672
682
38
193
435
607
564
738
691
441
260
4
191
4
419
844
640
568
224
927
338
572
641
872
795
759
633
12
646
320
298
419
571
441
392
497
630
0
101
895
782
726
63
426
147
495
132
163
613
820
268
309
808
951
456
467
248
855
510
560
675
701
179
100
265
931
807
670
428
689
61
523
235
780
668
976
694
39
851
1
275
94
864
668
84
777
328
445
18
152
169
415
139
861
829
766
288
561
185
322
299
722
324
380
821
162
689
125
715
4
26
76
608
419
955
632
554
252
303
126
739
92
394
252
611
520
826
827
888
869
71
91
905
968
869
770
333
306
682
11
343
98
122
554
7
224
37
462
86
672
466
714
215
183
353
883
46
586
328
722
99
955
503
701
129
259
972
24
45
311
329
207
224
430
303
220
106
651
196
821
179
438
173
346
380
12
951
591
795
671
345
243
323
842
971
271
150
419
813
881
700
797
217
152
28
578
712
2
864
870
454
989
869
20
368
202
419
902
251
145
379
531
950
2
286
45
384
104
136
203
21
533
740
406
724
488
926
47
304
796
308
63
738
188
750
596
153
918
952
380
235
371
184
684
340
934
204
411
924
711
495
733
555
586
881
127
851
650
601
732
257
315
860
645
243
156
283
390
705
730
845
511
994
653
534
1
676
730
532
145
847
218
140
341
808
896
734
762
970
97
888
314
404
967
440
970
899
534
659
733
62
360
42
171
948
241
785
439
33
659
778
833
113
778
21
974
635
433
954
723
218
515
931
280
293
539
469
540
687
642
556
320
810
78
477
634
91
136
723
417
198
790
865
21
792
614
252
891
141
159
1
16
193
57
887
167
153
200
527
383
486
501
260
65
622
217
665
61
696
771
101
126
792
997
286
720
778
934
759
690
52
36
952
739
81
942
326
541
862
20
158
36
339
44
29
961
839
973
755
515
548
448
120
448
161
360
359
889
132
318
605
334
209
698
910
157
953
74
190
975
33
64
502
343
244
575
55
546
385
240
878
257
808
855
885
578
222
712
647
841
760
36
100
844
8
192
691
547
865
326
23
785
862
968
987
588
560
327
766
19
308
562
86
913
163
21
436
237
680
374
3
45
962
982
35
62
131
785
560
992
497
738
724
746
151
268
320
612
831
61
548
914
69
298
207
492
665
193
747
756
615
204
718
774
102
419
981
468
84
548
0
980
85
515
595
921
353
507
601
90
219
407
82
32
143
8
728
300
968
113
224
640
764
163
106
880
453
270
497
241
187
474
993
603
366
630
834
786
196
381
223
55
174
205
51
880
935
88
670
156
243
532
415
254
863
592
555
883
970
795
921
43
499
902
491
215
69
594
129
1
600
73
467
611
226
302
349
666
900
115
347
450
968
278
448
939
78
569
144
395
737
698
776
659
278
395
894
334
347
877
419
368
599
315
913
239
472
756
563
995
348
272
300
210
639
344
707
952
367
140
13
375
461
186
236
404
913
444
582
15
804
682
962
944
767
436
673
99
780
834
108
21
240
663
912
435
267
845
0
267
88
911
148
183
672
878
576
577
889
877
678
535
1
541
15
860
589
521
937
730
769
498
104
5
993
828
954
549
84
393
255
411
616
777
49
419
108
444
890
96
736
517
867
15
736
7
152
309
35
317
987
118
909
536
400
584
79
83
901
330
739
186
244
91
906
157
408
488
489
706
45
284
484
31
861
110
580
869
610
89
844
814
716
946
424
495
627
265
410
677
719
799
804
945
337
639
532
879
3
543
960
492
728
334
586
142
413
535
19
38
374
997
565
30
19
33
824
704
144
214
621
63
652
476
13
943
952
350
962
356
262
128
887
615
720
50
752
156
29
775
469
972
300
44
630
5
499
284
577
829
707
724
135
420
6
428
9
683
398
767
290
540
139
561
246
706
393
405
127
565
529
781
217
129
6
905
558
173
890
127
190
473
724
8
11
942
437
837
913
270
603
493
207
487
696
665
932
476
824
880
841
5
153
293
890
554
420
593
598
821
147
36
681
657
964
832
816
426
187
541
221
617
335
138
432
814
182
151
122
418
231
600
855
980
998
289
35
493
389
329
937
413
801
188
653
646
142
414
932
212
288
265
955
208
246
298
982
274
250
276
783
375
943
624
759
267
285
136
318
293
790
149
585
847
41
375
892
634
464
169
269
555
467
881
761
806
858
252
330
240
764
438
471
296
248
459
978
336
327
402
287
893
260
41
252
361
44
988
553
95
220
346
63
11
772
286
64
354
902
211
681
682
967
562
1
138
453
417
680
368
450
401
255
245
669
904
687
415
21
269
376
926
608
87
605
455
122
11
896
996
541
824
401
7
614
863
551
241
207
56
531
341
296
706
472
719
180
886
187
316
485
484
455
743
342
165
196
231
439
675
933
303
271
622
455
529
134
65
310
774
93
719
154
924
594
26
73
231
362
135
971
320
40
282
701
823
493
502
65
675
251
158
747
561
579
367
207
277
440
217
12
1
20
533
535
504
966
562
910
858
795
851
795
137
369
167
434
104
449
872
622
751
908
187
494
533
417
197
5
682
367
801
644
520
375
914
244
509
795
468
646
284
526
135
760
545
830
93
933
318
222
138
219
498
451
386
816
683
236
739
369
391
240
132
103
152
397
747
436
413
805
879
960
267
646
88
137
162
720
8
120
517
3
908
63
312
464
579
684
400
508
946
587
478
984
532
379
277
442
736
873
582
370
33
514
964
295
4
420
684
161
651
836
498
176
237
197
856
665
335
925
570
961
132
262
756
394
998
353
732
64
349
247
707
57
578
935
471
159
446
182
366
329
591
183
508
326
13
621
10
27
149
559
583
385
70
615
433
202
83
241
168
522
78
933
689
151
607
806
289
916
651
97
700
931
746
159
596
334
633
382
152
396
533
899
875
606
837
607
759
551
265
0
232
693
110
41
808
649
583
186
22
282
960
741
555
581
508
693
9
294
314
923
437
897
184
658
704
157
833
453
417
65
110
737
810
490
129
290
34
277
4
460
93
615
575
3
459
615
192
597
727
568
165
178
124
149
402
776
969
192
247
121
32
551
84
301
949
487
925
922
306
697
148
304
772
988
167
104
619
919
21
835
0
949
24
714
89
375
173
741
58
535
275
539
581
559
317
356
899
516
197
238
604
585
626
323
324
168
118
766
30
749
231
12
832
698
405
4
916
557
199
327
737
168
440
629
21
598
87
457
133
566
678
432
162
849
663
3
6
676
418
59
289
586
719
62
109
282
345
100
478
55
915
707
20
605
205
622
55
831
339
223
4
561
355
71
132
890
650
370
849
817
33
538
178
573
946
15
454
270
459
55
398
701
797
630
319
112
686
588
432
68
455
575
868
957
957
394
873
332
202
922
975
6
903
431
179
405
481
3
315
818
773
817
327
307
830
623
743
413
599
912
393
82
407
734
476
292
786
15
598
748
903
591
413
420
198
66
266
866
422
552
791
577
217
621
22
501
328
264
425
79
388
314
493
159
909
827
663
279
992
980
404
596
113
756
724
317
50
942
774
130
377
506
607
524
170
484
726
411
93
359
892
55
63
450
84
340
4
560
506
974
557
119
412
521
365
788
86
528
142
91
891
99
332
4
568
180
551
520
808
946
14
832
19
735
156
12
576
526
247
103
621
0
758
79
186
946
483
725
879
15
1
155
490
306
231
910
307
502
104
169
673
610
107
173
738
539
393
956
726
170
996
704
582
756
122
837
901
335
622
5
746
783
306
667
862
420
855
207
579
753
642
19
601
704
468
278
695
224
769
84
472
918
350
634
168
453
317
126
457
951
167
320
0
821
862
66
994
665
32
790
565
512
535
501
476
468
606
542
842
12
242
855
264
212
194
658
115
875
60
820
229
284
290
118
71
311
238
366
115
421
386
33
994
789
901
768
767
827
16
657
7
304
577
123
150
857
475
153
760
398
225
472
593
528
758
438
24
214
258
502
656
659
432
149
9
251
652
63
381
872
465
976
99
60
52
100
323
743
821
817
418
530
617
735
128
620
253
183
86
929
461
970
328
861
887
275
744
179
895
601
4
861
493
384
516
638
397
168
754
497
56
430
768
187
917
916
217
655
449
631
984
397
143
595
420
80
270
993
594
766
812
813
723
515
123
182
338
146
35
120
367
84
29
433
357
45
620
760
77
448
822
707
672
650
626
24
440
516
40
747
191
696
64
487
46
550
79
393
289
336
303
772
31
33
784
445
859
963
918
737
129
25
494
993
879
687
144
717
1
102
347
162
840
817
439
903
842
233
873
48
248
342
670
756
500
809
538
855
569
643
183
725
561
610
856
769
966
985
660
614
852
390
592
589
574
87
476
226
602
762
785
325
769
0
19
205
57
225
267
132
364
155
277
157
117
330
346
541
220
360
447
340
522
656
536
783
103
54
128
92
602
627
304
316
3
459
886
109
185
941
894
668
420
118
832
550
902
555
492
195
328
452
522
978
0
119
794
498
304
712
927
615
646
18
277
891
164
112
407
55
14
940
707
216
20
760
767
715
443
601
848
276
658
347
64
5
219
424
631
21
758
281
984
651
486
838
907
825
403
14
14
509
460
867
400
514
293
972
306
797
40
33
749
413
445
236
642
270
63
5
791
450
76
147
804
905
118
937
835
112
573
617
29
625
35
484
487
20
592
82
838
162
55
989
19
416
42
263
753
490
20
79
467
723
4
834
464
719
578
579
828
343
771
722
585
38
570
941
143
382
999
463
572
270
31
225
241
571
77
456
423
949
220
466
2
910
212
494
822
313
379
28
245
201
778
18
484
846
64
322
212
583
875
884
66
277
299
84
929
362
335
424
16
476
579
411
428
2
364
938
668
941
300
652
708
364
404
874
685
20
699
822
430
903
794
736
142
820
684
279
344
91
978
714
943
593
140
885
575
343
734
609
186
205
854
247
902
426
454
684
329
57
479
99
840
312
407
70
199
995
87
923
823
230
145
122
9
323
364
993
499
437
169
565
346
65
338
893
521
206
970
487
701
855
3
743
384
829
746
866
694
788
264
599
755
325
764
97
91
44
578
106
286
576
424
115
712
678
286
851
697
32
84
227
689
279
978
826
567
913
272
4
14
150
195
756
962
755
64
135
481
745
426
734
21
804
122
139
308
906
822
84
2
682
178
67
533
647
636
242
672
866
795
395
875
391
572
276
387
479
553
658
556
202
97
292
1
650
323
908
836
388
818
930
102
370
739
950
745
231
15
646
257
265
564
432
165
653
10
137
619
52
698
877
686
340
776
132
798
127
849
162
637
788
760
691
805
781
772
896
455
814
117
26
838
999
256
821
972
25
310
696
823
624
936
960
716
905
13
851
526
555
95
215
919
514
193
26
344
345
645
557
779
8
343
521
742
973
724
892
18
174
775
568
651
347
226
161
70
864
698
844
774
814
66
711
408
905
942
687
213
534
481
888
16
428
496
101
991
100
69
968
378
93
185
449
948
121
73
701
650
272
653
680
934
754
982
379
421
568
527
899
6
181
565
100
156
629
115
290
891
86
874
62
192
958
897
565
104
218
216
102
696
474
253
958
555
837
627
339
417
885
751
472
384
69
408
844
328
200
787
232
397
893
205
392
952
580
103
364
360
98
890
72
312
485
637
239
138
822
236
61
982
291
926
858
943
386
620
477
888
512
333
937
474
992
404
610
565
554
651
795
639
272
952
539
818
711
140
1
634
923
536
129
897
61
465
713
525
352
984
763
971
784
749
202
927
32
575
621
940
144
96
455
882
721
831
658
411
141
745
986
64
2
595
405
164
630
830
401
916
783
529
992
1
654
8
242
86
394
449
958
801
551
171
356
327
766
874
60
451
166
562
713
826
177
15
165
947
609
56
876
772
746
216
245
391
330
22
981
62
890
300
190
288
366
241
317
15
19
64
578
204
748
471
907
634
22
151
107
4
260
614
692
519
980
721
373
88
196
205
126
252
545
509
313
42
460
989
183
370
796
312
895
198
665
907
384
109
0
91
359
213
823
894
9
893
749
3
254
331
744
691
188
262
208
498
377
906
498
211
777
86
639
48
45
744
266
153
20
74
608
688
196
140
95
959
567
69
276
319
83
707
961
828
410
385
671
203
253
76
122
289
45
50
544
984
886
299
520
357
374
253
125
404
14
283
908
96
282
364
236
810
658
647
720
785
61
189
706
899
473
330
279
488
674
820
735
467
992
94
484
47
12
656
959
486
619
793
149
452
247
514
266
886
737
533
70
800
765
554
635
840
34
398
338
673
835
92
386
632
911
581
0
26
9
940
331
312
475
589
367
394
109
17
239
83
537
531
921
317
539
355
90
106
746
359
22
591
960
188
662
267
603
0
846
101
307
708
601
1
120
11
204
716
491
991
460
230
84
370
867
25
176
994
642
416
294
807
600
876
847
543
976
221
366
910
866
101
299
926
391
148
165
207
463
104
14
65
483
354
579
272
350
840
40
982
573
168
908
290
417
607
869
831
431
355
704
887
118
607
597
751
302
936
645
548
581
731
189
202
473
202
532
261
539
302
226
131
924
949
118
483
371
151
762
37
126
386
673
937
320
596
165
719
916
236
93
22
741
191
534
928
916
736
283
298
119
924
919
70
530
584
649
857
715
662
865
491
926
924
491
942
704
556
357
0
794
851
995
278
862
33
27
421
38
193
24
698
471
577
959
711
890
880
122
546
170
676
932
819
116
532
471
556
250
621
792
179
785
605
74
69
116
992
694
969
549
984
781
676
163
573
361
853
516
972
749
6
838
517
760
882
816
619
884
761
735
630
510
695
458
673
483
615
771
61
663
377
877
546
325
403
793
521
204
340
689
162
7
996
856
18
538
941
46
270
248
569
485
15
844
774
195
839
995
4
852
91
882
133
323
607
669
418
667
539
444
145
93
856
361
371
329
576
30
512
881
511
166
632
720
187
385
837
789
554
651
621
734
509
409
527
291
285
278
591
600
376
870
80
242
198
21
846
691
595
753
678
752
349
478
940
56
916
161
120
206
403
218
496
842
7
34
947
982
103
319
148
1
2
963
95
553
98
222
615
461
169
452
447
681
112
89
370
425
927
45
198
467
219
771
172
809
918
606
214
321
757
579
194
845
464
420
686
953
920
18
181
555
819
791
971
791
315
499
899
309
342
861
401
796
674
63
450
100
513
135
882
4
521
360
669
274
475
743
25
461
585
603
715
31
663
62
204
426
187
469
951
216
795
582
243
990
891
235
943
701
51
899
795
455
189
779
926
246
663
33
37
473
737
826
904
21
618
116
585
7
895
968
91
810
220
628
327
151
653
407
164
864
93
173
937
446
875
789
850
269
708
874
90
876
363
582
759
503
29
561
344
278
877
432
730
108
740
232
245
165
495
773
306
118
998
909
14
149
956
158
418
665
979
220
693
816
359
253
832
714
953
982
617
760
575
657
166
0
37
591
227
908
337
91
653
353
94
697
271
971
349
394
197
452
334
616
789
821
845
571
459
94
297
870
935
226
698
714
104
804
835
337
600
175
46
679
312
265
717
665
20
147
546
373
537
914
113
10
580
939
918
646
472
398
413
41
165
566
410
803
922
375
44
598
796
495
76
605
679
348
684
778
0
229
167
803
216
0
182
227
209
19
960
292
905
294
491
641
893
63
474
654
782
933
729
986
209
143
150
181
614
523
762
751
77
169
504
852
122
825
346
115
417
298
65
601
702
843
365
128
32
447
294
610
225
561
274
591
477
703
821
775
506
658
450
328
298
268
232
252
64
293
19
850
885
224
873
388
490
925
992
39
862
759
873
364
106
141
63
44
374
87
138
76
477
861
814
100
558
349
176
203
665
20
31
986
999
716
388
529
308
635
175
748
92
191
876
362
182
663
332
153
842
136
476
839
943
183
226
687
200
765
645
77
548
401
254
449
513
417
79
509
101
833
181
476
946
211
71
970
255
535
807
725
375
295
487
18
132
206
491
143
653
189
699
55
221
341
557
203
738
898
154
346
781
265
796
37
630
201
421
916
521
777
852
42
201
446
29
402
807
46
668
692
79
588
439
311
965
738
790
594
662
989
155
10
714
393
54
570
669
327
9
100
395
904
350
790
507
464
340
211
781
138
179
847
835
186
96
164
166
167
215
796
416
322
275
638
507
925
52
260
515
654
231
806
801
759
227
894
243
713
904
7
756
921
698
85
566
359
125
129
799
252
306
538
427
224
503
847
415
907
663
333
877
478
343
452
733
349
439
339
495
733
293
140
460
433
991
329
685
116
910
967
666
354
146
40
824
425
943
23
818
609
784
650
938
98
73
388
297
289
404
951
451
920
753
900
219
46
302
852
462
8
869
344
836
951
536
647
212
279
138
714
711
665
580
445
539
516
542
889
15
373
58
824
442
270
592
774
776
658
827
930
27
510
808
904
704
525
552
356
21
532
697
155
789
557
863
450
373
4
786
257
242
593
273
953
5
138
156
996
313
78
871
143
553
353
719
293
936
82
298
294
4
514
529
64
359
269
896
242
762
98
137
317
13
584
585
915
368
359
554
903
579
300
113
365
902
244
23
899
4
409
274
535
353
335
87
143
228
730
2
481
32
796
179
729
835
401
655
774
234
860
184
118
107
433
535
132
904
107
110
827
545
31
674
49
113
756
4
381
974
675
66
150
529
758
193
65
479
135
249
6
168
494
481
757
701
771
242
92
482
36
72
797
51
861
372
515
876
161
595
793
791
739
128
436
751
984
829
653
982
331
862
425
654
226
651
317
955
432
593
763
748
371
10
694
798
429
497
257
878
608
937
657
148
495
611
2
26
979
14
319
744
300
678
378
660
205
542
783
795
686
779
791
458
726
885
461
537
179
3
623
268
917
145
458
293
925
886
136
821
12
585
415
693
14
777
684
978
961
509
976
178
66
144
563
553
18
601
348
635
658
785
448
283
838
455
670
737
323
637
840
965
782
513
586
109
170
125
49
884
148
39
992
202
93
379
863
245
250
771
960
768
208
448
784
296
165
598
442
318
28
126
601
326
359
71
686
369
754
616
73
808
668
12
11
563
860
156
331
950
926
65
358
10
915
232
68
547
519
288
589
576
160
960
295
433
974
840
911
337
180
566
396
533
975
425
130
462
681
553
785
845
448
923
441
58
172
655
287
603
206
481
533
395
528
424
204
175
67
557
74
598
654
147
5
24
457
118
924
239
302
648
429
734
121
0
651
921
114
398
825
412
263
70
635
548
263
753
303
52
293
23
590
850
998
257
73
182
752
439
503
487
324
81
822
905
40
214
1
350
2
496
147
134
531
492
34
70
181
1
188
865
69
282
19
426
313
582
173
383
908
524
523
997
527
98
871
168
900
841
508
717
568
930
343
71
64
151
291
351
905
623
178
453
213
141
300
823
61
444
166
692
586
552
121
185
390
720
45
396
208
1
774
124
750
757
578
14
19
443
206
907
319
124
66
440
756
172
393
495
270
356
209
500
200
878
11
810
259
767
424
848
276
558
170
190
575
65
429
3
869
761
790
653
958
678
435
647
484
916
262
391
593
88
559
188
79
560
188
47
382
289
784
92
979
426
19
611
579
386
324
189
928
968
526
736
2
232
189
952
996
608
110
209
109
136
270
167
559
478
163
184
72
520
599
592
43
329
641
675
96
161
634
186
948
284
311
394
639
289
908
529
166
141
747
26
170
471
384
642
935
669
534
131
409
953
653
410
700
475
128
713
324
440
442
130
778
344
945
279
465
756
596
474
934
280
881
51
33
724
183
5
131
769
907
438
951
779
467
254
628
125
309
502
760
884
680
455
741
36
17
387
880
8
863
479
260
369
73
189
630
741
164
997
745
877
845
726
386
217
788
510
587
135
131
717
143
569
361
284
760
631
632
610
648
896
244
800
345
794
351
337
856
996
15
192
111
69
153
958
516
254
53
570
305
14
863
952
762
56
32
51
172
250
380
670
92
266
447
625
255
467
649
201
995
967
807
687
943
47
266
709
271
635
852
947
448
279
110
470
807
610
482
76
442
222
772
416
911
332
939
521
25
168
884
417
617
336
101
911
3
23
510
80
4
512
171
791
601
996
276
136
8
204
289
462
156
942
864
150
153
787
931
840
309
409
940
243
151
339
672
444
696
289
116
765
338
165
757
922
152
486
597
580
670
196
701
815
371
748
465
469
466
700
370
768
85
369
846
605
773
652
369
415
848
486
242
51
272
584
463
356
944
74
59
518
46
812
125
975
111
558
85
151
790
569
857
234
105
463
319
454
194
113
771
815
491
152
606
899
108
577
409
392
962
365
108
380
14
656
418
813
483
823
747
898
728
255
954
110
909
256
789
699
183
65
226
440
141
830
498
44
313
402
49
648
857
170
669
521
430
997
154
557
474
173
367
442
271
340
628
800
484
551
16
833
791
647
602
54
957
874
140
202
808
809
262
922
320
887
85
285
837
659
198
882
159
458
297
160
643
727
8
405
741
375
345
918
943
53
32
448
151
828
683
890
18
162
196
103
110
21
65
306
898
468
916
76
667
582
854
183
538
361
759
821
707
702
258
276
439
453
556
661
5
992
252
507
234
427
203
258
67
704
682
590
305
350
67
588
108
33
235
197
798
210
576
228
517
271
49
185
949
22
958
705
78
123
266
942
797
816
333
127
122
747
614
856
160
192
302
793
814
289
570
382
271
308
513
195
504
755
952
752
185
851
495
410
498
201
197
391
539
957
241
916
254
35
204
285
937
207
832
64
578
730
269
618
144
318
429
397
474
289
407
428
56
507
317
913
381
3
676
9
150
110
945
5
255
428
262
33
897
342
322
921
586
15
572
341
585
454
590
229
175
321
89
868
708
31
457
361
216
171
340
466
955
935
11
831
147
83
367
443
492
98
385
766
309
591
277
866
349
494
7
786
114
44
53
498
259
662
819
948
3
182
130
409
571
97
34
549
998
554
748
807
425
357
952
917
970
53
849
939
785
3
966
38
818
615
647
975
388
653
495
494
568
132
170
238
577
356
524
869
975
221
650
284
58
673
814
884
110
375
402
374
78
63
681
618
398
541
895
3
295
17
725
445
58
599
94
700
765
359
267
465
328
26
0
800
678
541
294
460
221
489
680
13
819
10
496
610
432
479
48
454
295
892
805
993
650
793
586
869
630
431
252
743
15
897
247
790
749
339
83
877
707
178
319
102
438
12
241
377
253
628
561
179
827
519
11
994
86
238
248
626
234
721
193
788
66
480
882
233
765
286
370
650
448
617
625
642
902
137
555
80
4
819
528
900
169
570
500
603
664
832
99
59
20
894
71
154
956
82
746
816
117
182
68
89
461
195
386
44
891
742
889
803
105
291
347
248
603
783
840
146
843
357
140
841
320
438
974
585
721
211
478
886
173
586
747
992
15
764
260
918
280
175
606
308
772
329
77
377
998
737
46
942
912
779
519
419
216
530
765
107
554
511
766
265
947
359
929
875
935
984
355
187
513
24
456
798
969
821
420
565
683
922
187
931
295
375
107
109
50
1
818
763
688
423
705
748
575
976
315
184
250
645
689
947
2
290
305
539
954
943
130
119
543
16
432
932
837
307
989
498
995
205
16
31
8
141
874
277
792
898
259
442
633
121
382
504
377
197
652
593
340
417
20
210
480
544
9
880
944
232
702
980
517
923
670
879
39
246
684
811
735
332
357
45
499
806
118
617
353
783
462
872
410
836
436
447
192
388
33
590
207
380
872
180
51
251
809
596
934
680
165
30
777
312
952
417
33
742
25
239
319
404
694
641
0
323
244
868
4
543
4
151
209
858
142
614
716
410
335
309
307
221
262
920
697
545
772
7
541
55
832
828
138
154
223
45
433
456
918
170
101
534
726
349
257
708
368
752
660
755
382
814
657
519
565
302
32
799
199
855
208
15
530
636
460
46
147
487
823
961
786
38
655
998
674
396
52
194
275
661
358
13
690
49
786
897
713
423
348
28
272
990
17
270
572
934
695
867
241
578
789
362
150
548
420
314
288
746
728
567
17
571
282
53
304
191
98
26
308
868
136
71
615
965
125
863
445
705
475
628
371
355
420
42
428
22
875
267
916
937
302
459
183
651
440
643
742
640
24
32
693
525
717
393
154
995
356
119
138
240
194
25
575
937
781
380
827
29
740
620
585
479
886
4
190
188
952
325
681
348
341
810
499
443
374
161
988
485
889
914
965
694
106
1
437
96
776
26
63
848
634
273
808
993
193
118
786
148
9
738
923
862
972
13
870
569
48
712
404
