293
566
816
501
672
662
500
892
697
59
269
59
791
200
817
425
385
637
357
661
975
361
37
722
14
259
140
689
99
419
855
798
223
20
82
784
769
675
98
316
145
476
730
341
425
851
707
909
203
55
935
744
335
605
832
830
127
67
353
148
623
685
947
194
618
74
679
708
686
239
537
107
176
884
10
244
905
341
745
329
383
742
9
249
524
28
914
487
108
447
304
966
398
507
839
551
892
87
649
462
117
158
445
721
970
622
0
627
602
704
311
934
929
745
328
189
113
401
582
417
709
310
160
430
172
383
163
187
702
371
683
691
717
55
484
156
8
743
301
270
185
601
995
497
573
358
872
391
425
319
696
408
284
217
653
253
45
102
302
487
621
263
571
555
185
886
74
792
979
936
660
658
10
211
326
281
880
725
810
722
924
452
632
555
458
915
178
762
770
546
104
270
380
821
317
671
908
963
761
498
778
617
821
556
626
898
543
588
4
772
310
812
537
91
706
745
243
206
998
708
166
705
685
442
444
879
697
161
255
983
110
189
941
477
910
160
580
990
109
864
761
603
580
846
154
215
435
465
666
329
183
647
295
830
443
501
363
14
315
511
974
481
629
465
582
833
676
441
569
358
843
549
903
328
240
325
690
536
555
414
314
491
299
825
308
665
74
266
352
540
0
97
855
401
764
510
406
766
104
395
409
623
954
696
81
790
809
215
505
729
823
915
424
670
599
273
354
497
453
72
530
536
729
654
940
688
948
208
325
268
667
630
196
689
287
180
399
128
256
62
130
696
828
249
726
706
472
725
783
535
924
9
296
142
671
682
909
826
147
663
435
658
273
78
318
15
322
562
427
98
95
94
144
314
842
86
36
862
94
966
571
387
973
868
853
837
320
297
137
282
83
883
988
25
906
796
231
356
383
297
60
470
709
110
31
247
366
906
150
357
483
993
979
563
599
79
809
542
710
761
544
536
201
991
700
473
113
425
849
583
259
507
484
60
186
871
955
200
191
906
465
916
359
972
102
318
580
942
556
897
256
818
682
407
311
65
171
286
194
736
401
326
476
512
115
553
485
238
981
191
192
546
833
595
462
192
527
969
67
707
306
297
160
167
521
199
17
681
287
433
596
695
280
930
572
470
535
696
578
477
326
805
671
228
348
858
357
898
892
938
786
571
904
843
203
122
88
523
472
855
751
453
695
563
570
243
326
533
748
818
852
75
347
366
522
859
811
685
37
35
170
60
936
52
43
752
278
530
103
846
544
806
886
398
497
945
434
998
231
218
696
72
488
940
389
379
439
600
338
710
219
93
801
37
791
670
510
282
72
87
74
952
575
718
25
506
280
969
73
817
729
471
174
408
631
77
256
426
474
649
956
697
11
407
725
137
651
245
714
94
288
707
338
327
15
612
105
87
406
427
727
928
947
832
312
59
628
272
504
877
708
402
165
751
466
158
666
849
313
684
840
326
994
987
713
224
26
112
780
412
654
234
528
217
66
499
538
414
950
431
417
998
283
161
303
465
102
331
902
943
546
537
507
69
426
945
783
758
782
688
792
660
794
474
855
541
519
201
341
305
852
701
268
86
197
813
206
5
404
318
410
828
493
226
334
732
607
857
967
634
767
63
82
319
320
349
887
861
277
878
665
428
148
912
772
20
650
701
14
187
10
8
130
756
21
728
535
802
464
159
200
72
282
174
458
466
277
431
554
255
261
931
78
72
713
128
308
924
922
668
951
777
818
192
52
283
52
513
874
457
699
687
607
822
456
127
588
596
14
537
25
861
234
777
382
475
435
356
321
852
564
409
192
635
883
925
964
808
85
531
965
445
637
145
202
236
407
718
136
758
216
691
968
258
768
449
315
460
419
754
898
662
453
889
455
787
283
379
118
865
905
560
211
440
372
810
713
726
613
973
828
142
773
28
195
268
974
959
174
453
276
887
722
209
246
115
238
401
16
962
885
178
951
967
651
154
110
11
682
801
22
219
780
26
223
752
450
71
357
655
928
332
386
401
237
874
968
76
815
700
369
753
932
458
503
246
63
813
795
241
326
469
455
467
869
241
250
716
488
477
206
261
130
410
995
372
877
163
995
297
591
676
84
797
88
832
969
90
613
540
652
11
791
458
666
886
211
375
581
120
437
24
605
371
527
571
803
956
82
935
511
183
53
79
674
654
291
568
580
613
259
275
733
991
577
683
756
711
183
171
633
614
857
490
786
400
934
21
714
24
739
860
797
176
896
65
791
349
250
231
507
207
54
282
399
659
999
962
410
211
272
845
221
192
748
434
534
320
978
200
731
83
108
638
242
697
456
702
324
134
189
425
35
806
525
452
154
894
474
827
962
211
815
421
971
359
829
657
226
751
233
338
346
313
846
958
133
428
479
381
551
459
462
275
146
42
315
822
206
857
831
956
198
137
997
970
409
153
34
617
724
714
690
652
667
212
738
239
894
772
663
752
625
7
117
928
234
639
233
312
788
589
582
386
768
622
243
717
991
308
606
532
945
388
665
612
388
543
524
454
498
360
775
160
634
324
559
759
211
344
659
567
888
86
905
356
429
475
640
492
233
675
238
314
136
149
55
950
737
268
803
539
62
418
946
221
391
230
323
387
66
942
722
476
438
856
444
2
376
267
89
524
684
78
412
101
490
263
654
493
489
249
958
422
97
288
76
569
107
635
563
929
76
774
728
750
561
499
640
427
401
329
568
159
208
894
371
574
754
364
59
845
145
870
849
321
627
12
700
422
168
279
837
330
71
330
433
689
437
840
358
815
468
873
781
973
102
378
784
904
634
249
361
635
894
413
668
60
459
973
438
300
853
566
934
766
951
250
995
49
448
453
196
867
374
135
992
444
325
179
624
587
441
50
806
36
309
471
307
772
317
359
247
587
790
893
443
730
971
89
396
320
333
721
840
379
491
325
540
344
507
822
693
579
299
587
254
146
815
176
173
408
305
722
691
71
938
73
881
913
730
392
90
637
598
354
351
269
379
514
207
370
738
388
471
916
728
767
642
630
750
832
890
666
871
424
104
482
991
526
816
292
77
259
185
197
469
472
874
453
661
745
303
136
462
711
358
393
899
250
783
746
891
334
412
117
618
179
670
149
13
158
939
814
978
225
448
301
296
391
853
557
472
473
934
767
794
550
867
565
397
190
193
101
565
710
75
508
888
463
418
395
21
42
389
247
749
647
470
619
626
238
98
824
742
306
947
90
260
333
567
973
641
221
596
661
985
709
690
699
107
63
42
261
944
409
485
101
562
737
111
184
347
777
136
322
515
365
785
995
480
670
364
743
617
651
796
154
533
141
519
255
569
618
746
463
673
971
713
118
436
306
663
623
852
3
507
7
173
504
473
425
687
579
980
165
281
111
494
775
108
469
291
500
904
148
520
254
711
875
361
226
877
786
59
426
379
969
987
611
149
237
172
724
705
714
963
220
567
431
23
327
422
43
483
517
690
432
466
535
251
213
680
690
563
662
71
688
621
207
414
775
965
947
760
275
600
909
843
182
217
926
504
206
699
313
238
333
223
177
236
24
484
662
199
487
726
746
857
695
766
317
249
237
515
11
79
780
440
109
372
92
287
596
881
846
622
695
361
502
838
620
551
619
316
604
980
910
556
613
863
479
117
405
693
103
648
296
711
594
265
389
217
672
543
519
400
420
28
142
785
394
386
285
187
186
683
193
668
569
965
135
292
527
102
875
231
257
308
746
302
879
967
36
802
198
387
915
202
794
724
372
411
992
971
627
974
455
523
885
91
14
876
524
304
735
879
908
155
969
783
838
20
78
174
611
334
204
263
480
106
233
574
125
649
461
53
363
160
781
119
463
545
959
943
985
982
231
5
136
66
901
225
943
74
628
213
650
984
184
819
895
532
865
46
689
466
546
15
387
736
183
647
454
554
626
256
397
172
863
730
68
624
105
506
264
151
345
406
215
54
212
885
876
577
752
575
236
272
402
336
665
278
487
261
430
522
368
383
673
512
965
614
544
862
748
279
173
383
470
541
556
957
980
341
457
681
378
328
663
643
891
662
412
999
390
809
770
304
43
464
45
211
349
368
626
812
382
816
485
972
951
215
746
267
596
753
955
505
947
774
327
0
720
938
869
96
197
445
267
340
75
165
121
67
957
353
896
541
18
164
436
542
651
110
382
910
892
805
724
837
988
437
31
937
983
240
594
620
342
2
854
221
483
406
158
916
407
849
837
98
810
272
835
227
893
483
0
102
357
10
397
93
246
613
744
699
118
786
734
809
612
99
161
503
918
627
899
397
474
308
231
335
392
694
838
431
393
872
223
291
679
365
710
557
564
148
857
581
659
539
272
966
300
204
754
524
732
830
609
593
828
347
542
685
680
889
361
68
884
155
391
977
405
953
437
10
72
66
874
831
407
867
907
750
203
128
403
51
818
346
99
421
154
341
914
96
703
529
826
798
826
22
799
133
472
775
852
917
12
658
192
573
981
159
109
461
812
850
505
177
731
932
153
169
923
539
661
884
860
365
570
28
133
593
31
313
626
477
566
290
734
87
806
597
365
348
106
330
572
994
217
169
656
254
666
445
379
305
975
230
106
219
201
588
869
642
526
249
341
1
48
141
255
729
847
500
453
628
715
129
131
361
745
719
349
292
234
278
502
798
5
206
928
197
327
445
163
51
301
664
357
945
521
965
206
211
342
311
111
776
827
677
364
703
70
934
28
228
372
489
753
566
376
99
268
660
431
970
781
317
785
257
512
390
52
425
254
450
430
990
247
723
817
154
214
200
592
583
297
736
848
313
535
984
362
654
690
708
970
809
492
716
457
462
305
742
988
826
248
718
309
684
556
462
345
167
79
280
902
935
284
434
576
33
837
549
981
87
238
110
398
730
12
930
772
775
188
674
29
161
919
515
922
594
785
917
938
387
407
902
945
731
48
796
786
464
911
391
500
254
809
587
765
956
115
561
906
743
751
788
291
729
91
322
584
32
967
122
19
868
870
694
375
584
435
901
348
776
322
843
379
468
846
908
222
132
67
36
211
146
219
966
18
137
622
731
125
76
101
745
183
634
258
922
476
147
310
38
85
126
162
326
249
942
268
119
636
590
191
0
475
263
714
924
642
298
775
951
140
974
128
623
748
10
928
674
400
946
97
714
606
113
913
737
751
920
414
476
562
925
938
364
201
704
792
78
757
411
498
218
262
726
412
504
732
633
397
726
612
130
672
763
631
791
603
419
538
4
878
414
195
431
217
330
697
729
228
730
261
883
443
464
201
48
863
960
622
965
375
3
84
174
524
744
454
395
809
615
258
376
925
406
708
42
942
421
994
613
951
773
1
248
726
890
646
956
514
760
616
408
505
187
814
956
904
403
759
821
4
415
791
564
148
967
377
153
730
139
346
797
86
990
383
782
757
446
370
738
237
603
296
994
689
950
478
523
916
667
649
56
404
575
570
891
402
384
875
862
728
814
730
837
931
711
557
274
643
149
563
565
820
237
559
652
623
878
41
121
808
391
893
988
429
198
139
393
609
264
23
252
808
885
477
107
277
457
185
933
89
125
999
81
481
639
606
16
400
379
582
994
561
5
586
433
12
220
637
137
529
935
769
171
590
465
157
708
160
177
112
571
190
471
460
647
708
549
59
756
736
437
997
753
519
314
711
375
421
486
315
255
811
567
310
945
765
26
142
361
427
983
23
309
778
41
593
360
457
817
774
950
145
346
322
288
284
759
570
507
487
932
367
528
950
946
695
726
384
850
687
236
98
139
553
81
652
1
40
545
295
84
323
20
920
120
221
711
173
255
107
721
562
331
227
895
81
851
799
481
538
635
478
241
123
471
533
260
663
490
803
118
27
494
22
401
66
34
758
247
593
593
100
713
298
920
135
922
871
113
91
153
130
927
86
701
329
999
773
153
326
709
340
492
470
367
730
150
171
596
276
851
866
737
889
146
83
157
218
865
988
854
496
774
22
916
628
199
452
294
85
624
144
306
139
686
328
370
699
811
506
985
95
591
597
880
192
245
407
192
876
733
28
464
373
595
899
959
880
875
185
417
107
768
777
157
743
852
806
184
177
548
629
5
768
591
884
866
641
14
135
541
752
74
487
648
788
544
218
787
217
268
594
666
594
964
785
45
552
13
448
951
805
310
208
488
988
185
50
56
597
887
681
357
296
572
934
133
967
233
951
438
42
989
688
443
421
198
656
570
811
384
73
581
706
376
248
999
566
406
667
68
23
278
255
208
822
886
195
938
368
340
917
276
986
770
558
416
666
288
747
175
445
833
174
211
359
340
945
906
38
531
722
558
770
715
461
461
249
627
281
544
88
749
458
707
858
959
472
970
991
570
846
776
751
287
314
921
84
727
729
762
839
228
496
51
826
7
883
233
561
936
20
856
287
37
157
594
493
910
632
684
546
741
867
108
786
103
821
549
663
404
859
641
906
831
5
119
125
562
884
590
142
792
440
188
921
379
611
423
490
190
141
949
114
964
37
411
217
495
148
9
739
113
726
702
791
408
140
789
836
431
320
529
652
993
176
815
409
606
13
343
753
204
316
747
185
947
430
626
654
838
873
90
798
565
871
389
402
293
986
561
195
100
904
585
479
723
463
597
658
666
385
803
138
772
436
935
542
11
485
638
892
622
583
138
966
909
840
641
320
550
782
574
883
436
29
373
771
934
408
822
327
607
691
121
909
671
194
461
350
887
56
555
305
201
476
892
497
687
184
560
164
911
176
275
676
539
277
494
38
512
345
926
266
338
685
347
291
255
474
29
313
454
995
889
713
334
639
917
402
815
886
920
296
528
193
771
378
595
415
98
905
545
416
292
211
896
337
7
709
439
223
347
576
63
210
186
494
906
296
956
979
872
742
933
526
367
39
635
260
317
483
149
360
502
729
859
868
380
37
281
437
739
519
881
160
662
855
838
730
265
109
406
610
558
225
330
509
268
333
983
933
717
898
658
861
194
298
431
425
654
689
627
559
755
135
147
329
882
206
750
942
766
132
444
603
779
543
159
334
431
569
729
350
41
283
765
849
548
900
633
468
343
194
758
633
354
425
612
673
509
445
38
427
273
316
927
98
613
738
403
657
288
85
645
157
11
136
708
966
483
609
397
399
360
735
469
895
248
275
657
36
631
30
234
338
35
851
160
112
515
878
777
658
314
241
418
653
697
806
396
713
132
890
529
549
695
73
928
657
771
138
644
832
718
796
958
24
158
737
164
939
450
177
5
984
337
278
705
228
746
687
677
802
377
604
855
388
648
144
169
156
218
525
91
154
496
59
427
151
280
49
646
10
705
987
285
254
383
520
518
175
102
835
698
244
612
527
426
781
638
656
32
683
222
391
895
484
229
607
564
724
107
938
48
956
527
912
296
706
105
4
405
65
863
458
562
878
982
58
160
65
210
637
778
26
778
742
651
289
667
185
960
268
703
646
838
898
115
629
13
263
821
802
867
935
889
32
817
320
589
700
960
802
520
849
766
194
956
234
558
164
211
479
235
636
938
114
46
664
356
928
646
940
607
453
657
665
903
635
77
956
140
236
815
591
772
239
57
471
344
389
799
180
548
460
992
682
305
113
482
297
919
328
139
508
123
312
681
555
946
44
704
144
723
887
277
852
196
398
44
19
964
312
529
248
713
55
81
915
768
749
77
11
130
757
191
546
488
461
150
85
572
796
581
619
161
382
240
975
176
922
957
791
911
509
310
687
192
868
606
512
667
675
1
883
557
358
29
505
607
373
532
622
424
560
20
750
830
843
398
600
435
528
63
68
941
795
197
471
410
279
894
341
639
25
862
40
861
367
532
227
518
615
339
691
701
616
34
966
290
431
654
222
742
389
954
261
615
183
386
982
909
515
377
580
869
820
947
524
668
60
98
690
708
517
285
917
86
956
327
436
375
920
364
475
8
183
987
770
640
337
683
77
221
480
643
546
323
888
431
647
210
588
429
877
957
251
620
970
8
94
328
10
383
53
26
575
551
750
888
406
451
5
674
669
689
734
259
162
612
598
891
491
886
285
502
637
663
845
62
847
83
265
425
565
594
165
778
913
321
282
599
342
351
692
696
140
610
351
870
432
149
565
617
868
499
947
216
139
49
633
479
240
583
669
254
30
76
196
206
792
988
992
967
197
848
473
267
261
634
480
55
412
968
997
924
284
801
438
674
836
121
276
196
274
485
431
967
347
506
384
159
641
705
616
981
474
160
856
152
228
513
381
117
285
945
820
169
445
398
64
116
21
73
171
924
710
910
911
21
133
424
955
753
404
374
226
114
106
99
336
364
322
897
707
831
102
478
400
193
935
961
349
185
371
74
609
919
874
335
81
542
156
642
304
273
181
168
97
457
673
313
188
75
255
849
612
440
694
557
772
111
233
471
852
418
880
201
64
454
309
542
849
390
122
730
750
684
423
545
81
470
343
721
675
442
407
854
574
56
710
101
430
609
706
234
842
522
695
86
418
834
655
747
476
951
163
498
702
9
192
166
750
148
640
333
793
579
480
21
573
555
997
39
836
211
135
93
312
49
369
371
175
778
546
410
405
183
533
250
809
240
829
213
32
151
273
554
404
842
810
104
486
195
425
939
994
851
859
309
331
6
424
716
343
107
145
819
462
16
493
818
537
393
504
381
194
436
380
305
362
486
54
28
650
521
34
901
212
205
287
690
627
589
193
952
844
769
616
331
713
897
699
662
523
290
815
514
724
507
444
938
138
98
490
678
60
252
801
213
634
906
182
524
657
947
185
505
351
407
132
574
842
923
771
734
143
626
982
170
981
856
878
733
42
936
149
78
893
228
384
799
51
868
639
693
194
967
328
971
376
794
53
56
419
860
270
305
999
984
301
998
71
386
889
815
424
395
178
565
218
59
154
914
187
976
233
554
730
642
617
511
363
151
507
707
900
790
729
957
915
983
616
110
448
20
388
848
93
855
423
15
228
943
331
223
45
296
510
737
789
534
911
286
26
246
418
453
342
161
45
345
385
686
448
174
9
795
461
923
642
96
664
143
144
727
858
934
882
33
86
566
98
981
139
893
543
522
675
613
223
165
970
994
308
885
891
937
271
163
783
611
313
415
61
393
24
154
74
462
669
60
575
665
170
559
340
451
278
933
359
444
599
548
334
726
52
198
251
167
188
80
60
793
520
497
61
34
735
250
701
407
394
153
320
584
314
306
880
232
169
309
82
577
444
274
202
834
842
43
92
73
93
967
980
622
946
279
329
864
642
676
814
553
520
982
466
616
380
877
297
56
916
554
942
497
93
226
84
397
157
384
616
200
500
603
930
546
825
98
241
981
8
252
112
802
511
107
546
876
561
13
443
631
233
595
79
802
731
629
118
582
731
418
915
657
678
945
86
985
264
191
985
208
988
473
70
563
953
694
540
936
107
189
810
485
642
589
375
975
331
513
912
602
655
679
242
178
674
736
172
702
616
101
573
887
560
89
796
287
24
11
780
192
709
544
437
275
199
285
581
995
753
254
501
209
819
190
43
71
331
332
136
513
624
850
70
703
801
291
673
796
97
330
162
813
546
643
397
342
343
150
345
891
395
23
348
253
434
467
906
255
631
561
283
373
938
666
883
55
51
281
138
155
994
320
338
977
691
994
67
436
199
227
375
320
606
476
113
579
265
121
537
620
932
911
219
223
819
307
343
630
25
907
264
327
272
831
306
382
423
241
657
358
100
372
990
840
31
902
110
245
472
847
15
741
759
604
444
978
373
227
832
387
850
418
324
441
666
853
925
976
821
471
840
474
274
932
334
993
530
863
439
197
426
817
735
257
949
260
84
14
265
959
317
580
324
231
597
588
990
53
54
137
686
188
157
877
495
921
963
493
96
272
308
922
609
175
638
519
231
784
1
346
55
586
343
637
600
285
61
719
988
831
289
154
99
731
573
598
265
440
745
588
131
654
569
358
117
218
724
37
710
514
927
293
42
741
937
118
919
441
31
545
103
970
598
122
996
760
452
124
204
243
776
224
235
664
431
308
447
690
755
582
821
82
862
840
18
812
931
950
501
165
919
860
863
138
195
388
34
219
215
383
704
59
575
835
620
193
756
874
950
516
677
657
240
222
503
550
795
345
702
7
71
173
756
76
206
598
138
268
775
412
761
450
737
312
466
578
14
814
448
614
814
37
716
233
591
974
234
227
180
757
76
188
287
499
878
871
731
701
150
978
176
592
7
182
376
577
659
47
909
433
111
334
21
271
672
954
513
207
261
809
371
87
758
732
544
873
853
769
650
496
257
619
349
998
856
566
928
828
910
47
936
672
448
923
725
624
710
235
916
263
64
279
805
30
558
53
161
306
540
431
8
322
856
980
394
359
525
348
434
861
528
125
931
214
628
989
619
828
926
833
204
68
357
942
897
123
996
157
979
699
99
955
232
831
756
359
514
310
948
549
874
609
74
37
240
0
589
501
783
294
198
303
672
334
192
607
763
19
187
833
890
307
158
543
348
613
654
40
24
825
353
443
601
800
150
762
201
968
984
301
70
552
334
128
28
378
787
587
379
143
215
723
602
987
59
253
700
91
160
344
607
693
313
860
140
851
97
82
963
555
589
923
994
33
136
395
423
29
729
688
532
288
557
58
710
922
633
439
131
796
527
283
446
956
469
561
880
568
565
727
736
867
709
214
302
575
505
457
514
826
194
482
133
145
590
747
167
780
709
231
622
660
749
933
331
501
336
286
79
369
267
45
511
485
205
454
992
747
712
831
98
971
397
352
223
80
285
103
296
493
532
545
633
296
187
261
181
68
854
575
34
592
7
240
365
904
448
322
476
732
899
711
129
448
406
837
833
782
683
933
893
30
878
397
875
26
422
376
37
459
866
460
79
690
158
691
678
540
874
364
170
301
950
696
325
873
910
258
168
30
214
76
396
273
249
935
699
429
497
882
481
629
750
411
32
79
781
160
460
675
840
837
4
153
389
544
937
856
386
968
448
409
455
2
609
66
564
941
756
900
669
261
508
592
733
715
710
148
386
220
122
186
183
968
347
884
977
443
573
916
561
308
317
39
642
80
529
102
187
378
878
344
966
4
148
549
744
976
373
943
160
114
724
773
120
192
513
24
393
711
701
15
110
124
869
214
710
792
476
368
838
746
654
551
498
503
8
281
890
55
227
456
597
906
18
907
960
150
29
512
405
577
51
50
646
660
527
541
886
870
815
320
634
889
996
522
857
33
796
899
826
562
585
278
610
132
97
181
972
85
854
185
60
739
62
723
620
93
624
206
813
249
212
496
625
689
908
202
1
752
238
575
619
801
22
916
556
509
708
140
161
826
794
409
73
358
339
171
301
650
82
743
592
117
401
503
580
305
138
598
115
699
159
638
892
54
564
145
994
725
787
810
276
909
220
213
772
66
275
910
430
542
721
865
680
449
109
430
813
481
824
984
715
789
729
716
609
950
151
729
686
416
268
116
610
446
837
436
352
562
305
525
682
156
432
345
335
741
171
321
811
217
786
297
719
88
189
529
160
286
496
230
36
346
994
588
4
261
916
699
954
525
790
77
979
163
576
479
377
17
358
641
504
406
303
107
733
736
959
195
184
174
630
928
183
100
385
655
71
681
982
188
362
156
658
172
592
66
351
453
841
811
752
604
492
42
663
254
810
185
770
978
64
595
99
967
890
120
483
637
591
335
51
422
358
773
165
371
880
891
166
612
108
616
497
612
99
732
237
640
356
858
954
978
255
188
232
227
432
205
458
298
211
107
629
823
595
996
538
188
265
163
799
762
858
921
173
657
344
545
257
716
454
543
656
919
357
945
148
476
106
178
877
860
832
972
638
804
146
661
26
279
365
415
201
546
17
560
882
111
388
215
897
643
897
635
322
607
899
99
787
581
451
419
383
369
396
11
955
523
923
984
160
590
979
801
244
746
688
582
920
249
2
676
831
506
812
305
112
305
312
234
962
33
866
371
465
2
52
29
964
161
395
437
897
322
282
832
176
15
14
131
319
43
9
698
663
271
722
733
451
3
448
672
126
536
804
942
13
547
517
989
656
739
775
704
723
638
56
366
383
77
911
496
963
270
328
241
618
27
95
749
782
431
407
860
425
28
694
702
65
576
52
223
654
326
442
8
183
996
26
128
639
711
960
39
649
556
966
518
817
488
196
554
420
762
610
870
258
963
770
695
301
713
876
271
207
562
9
835
146
145
439
112
880
773
626
409
874
193
1
313
289
727
360
133
826
784
138
903
990
106
436
5
674
1
389
19
310
553
107
250
187
704
387
373
534
959
427
639
831
705
730
785
101
156
647
179
207
543
469
419
112
660
606
197
456
626
516
375
43
37
327
695
579
410
590
178
50
683
791
331
453
981
402
177
25
249
787
782
544
98
117
847
210
729
950
912
470
45
215
546
385
73
639
737
33
335
991
788
520
441
424
735
743
221
70
205
496
598
898
586
674
935
456
682
953
981
696
907
294
866
995
42
184
247
712
753
30
475
565
686
365
35
630
956
432
829
390
605
793
177
609
397
660
318
441
908
1
790
660
779
424
162
736
95
621
664
226
799
461
878
788
858
65
631
342
467
240
438
536
179
729
370
448
670
910
434
509
694
448
558
511
742
662
970
620
737
105
133
479
347
853
649
737
900
81
491
394
228
987
392
368
156
908
413
174
349
102
136
428
96
524
491
282
956
343
987
93
318
545
874
121
569
569
318
660
978
220
37
144
584
135
511
706
230
593
703
670
455
162
765
118
68
787
330
476
856
900
676
873
550
471
650
44
887
983
677
455
15
923
150
664
978
168
385
441
490
725
470
837
456
248
61
570
588
749
486
734
787
419
701
215
865
477
796
585
444
930
117
445
667
972
674
540
734
834
302
512
653
214
318
932
896
546
98
185
648
141
41
360
930
441
463
274
554
965
617
686
500
597
201
536
77
218
388
305
578
920
50
519
565
745
512
101
690
85
234
616
463
656
799
191
557
646
649
205
717
782
738
43
782
0
508
488
296
125
612
236
300
812
144
787
5
781
630
530
250
846
317
916
232
849
669
562
740
722
482
500
247
278
35
100
846
780
323
354
113
56
971
986
753
600
506
445
643
188
292
530
703
733
58
930
534
947
570
972
345
580
389
426
293
785
671
416
236
589
681
996
924
786
129
822
594
598
652
98
260
761
200
317
491
865
933
390
420
6
196
121
20
371
201
372
487
167
903
559
734
675
168
835
945
507
253
857
874
744
259
475
656
393
207
168
335
723
209
332
544
228
11
965
781
682
474
397
438
248
603
344
430
183
957
793
488
342
584
469
81
755
329
57
529
815
134
844
603
145
723
540
824
797
947
582
507
677
834
672
589
139
921
151
140
854
456
978
391
780
904
34
473
869
399
791
419
531
138
439
326
117
804
179
787
223
256
599
432
369
716
0
882
514
697
286
939
794
869
508
338
624
514
922
199
76
332
872
71
352
46
809
177
94
591
37
118
948
309
159
283
487
474
552
418
594
192
161
795
864
778
351
319
961
174
837
448
98
935
879
587
862
471
494
731
679
769
632
747
410
833
639
618
852
775
709
535
829
374
400
96
186
767
623
83
65
810
871
980
231
795
688
982
834
561
897
531
82
326
449
7
423
441
982
697
317
7
200
828
124
63
941
423
89
333
346
90
523
282
281
720
975
236
252
454
923
923
434
30
668
617
814
580
373
73
392
528
430
592
829
78
45
588
334
762
713
392
617
388
447
831
63
981
265
399
16
934
299
111
425
412
565
833
538
815
202
449
989
508
787
734
349
791
97
21
529
837
827
287
282
740
131
156
788
80
356
691
46
463
903
744
682
242
284
60
891
509
296
452
299
384
83
957
851
616
331
252
174
914
223
968
267
805
811
690
974
989
246
277
983
699
387
443
867
176
17
942
550
987
316
87
488
795
367
645
125
407
681
988
833
789
754
223
986
213
953
111
766
259
143
335
402
282
528
101
861
3
808
200
176
578
86
75
538
826
50
901
722
886
711
610
172
864
606
207
486
802
109
467
141
668
429
341
858
647
772
433
983
533
216
180
974
951
754
241
121
977
168
68
213
316
946
914
355
830
612
771
675
113
632
116
483
235
910
525
459
919
986
50
68
156
952
335
234
467
589
411
987
916
515
981
629
144
42
6
208
350
23
83
702
131
610
786
261
275
292
683
39
982
766
860
876
612
77
28
542
201
310
116
493
360
740
165
726
581
86
453
184
356
341
226
283
193
499
665
493
10
318
117
386
821
981
79
293
448
961
538
426
492
939
345
466
253
139
890
784
847
984
873
964
930
903
774
264
8
199
727
56
330
32
809
603
952
71
929
661
33
416
38
613
793
100
449
98
683
506
704
345
569
850
101
374
534
357
26
94
842
907
813
664
25
989
133
969
969
195
791
659
45
355
144
842
688
674
902
642
630
561
377
197
695
838
323
918
313
158
997
370
253
251
250
330
43
54
624
941
79
576
900
252
586
231
901
880
558
991
602
644
800
491
550
500
674
207
662
239
59
155
312
550
514
863
615
261
463
187
152
652
623
273
893
690
443
12
514
295
234
258
839
840
258
757
244
806
347
981
574
108
7
179
974
844
587
536
607
67
191
188
638
953
279
599
457
758
523
202
835
852
241
551
213
200
517
64
771
947
107
936
938
515
890
858
739
980
345
623
166
193
471
840
116
10
935
615
980
82
458
926
45
735
497
939
261
635
218
982
596
911
714
287
81
266
437
995
487
951
701
714
762
756
24
356
220
807
202
450
430
74
792
741
574
789
770
38
215
366
809
424
277
103
728
896
388
639
50
288
473
749
180
49
218
614
832
680
348
783
166
22
233
899
737
627
42
361
539
222
401
729
884
742
961
948
489
982
998
926
473
784
459
508
549
555
0
200
92
658
528
126
517
204
164
886
275
32
732
157
956
661
376
711
106
3
521
408
616
333
221
333
478
544
948
279
461
608
50
286
885
30
138
665
927
890
928
265
519
640
1
318
277
242
942
70
978
735
963
559
539
46
629
96
331
791
622
159
527
704
469
450
295
203
441
291
286
440
654
208
453
970
800
89
582
488
589
837
110
410
364
953
754
401
892
863
888
92
197
932
68
598
815
818
350
612
693
968
890
297
759
572
525
651
624
390
902
163
57
107
410
455
485
271
760
116
701
594
340
449
87
325
640
104
181
801
464
842
650
255
2
615
120
800
695
130
892
110
322
945
651
471
971
791
305
78
636
844
498
478
324
662
133
956
744
367
347
915
528
553
833
766
215
715
147
10
751
461
811
806
820
323
701
654
897
985
666
301
598
540
328
462
900
807
424
73
304
317
289
878
31
445
845
58
211
443
890
565
246
335
423
736
360
690
13
759
803
179
261
978
252
835
645
800
305
294
682
353
275
882
499
264
937
933
751
72
677
708
50
86
221
460
151
208
224
480
577
423
954
491
420
460
187
656
88
844
32
485
797
50
549
124
812
736
39
989
958
95
10
403
787
574
388
425
608
805
908
120
719
102
254
124
11
102
476
345
231
41
72
446
679
828
133
335
189
763
196
434
260
910
276
128
680
445
147
770
837
65
488
498
335
473
937
311
525
342
911
62
272
506
352
171
953
216
506
37
336
46
784
141
245
265
15
577
378
153
543
909
405
872
667
46
941
930
530
325
60
462
374
69
291
158
679
697
417
963
939
755
208
253
172
20
893
690
708
32
8
305
109
109
214
917
125
41
696
87
601
489
519
845
383
344
926
932
190
806
567
977
486
293
427
75
595
238
626
103
595
349
256
912
155
986
266
566
31
939
217
497
996
261
696
789
129
52
539
907
465
791
777
150
246
900
294
723
130
920
771
846
215
746
593
97
98
274
448
467
612
241
610
848
760
849
266
550
104
551
733
783
403
845
536
888
786
399
23
786
89
335
237
994
452
443
660
155
920
169
917
663
167
257
117
793
790
347
463
378
274
195
367
207
404
451
688
26
699
349
775
977
232
288
291
608
889
148
938
949
869
824
809
68
86
978
462
852
233
485
785
279
418
520
324
694
799
560
654
125
32
746
300
768
624
781
788
232
396
924
365
742
93
225
796
991
619
149
612
68
438
304
744
955
58
272
556
29
857
44
64
213
661
77
282
617
947
208
162
783
315
542
197
170
863
774
24
167
182
747
86
489
107
606
427
557
126
103
240
492
554
989
807
758
173
598
492
943
622
165
569
835
873
304
253
218
687
154
320
401
201
675
623
729
223
527
56
735
576
743
261
17
563
380
263
961
485
238
523
283
725
989
198
186
807
914
577
850
895
974
485
649
906
984
824
317
263
127
982
771
874
59
140
712
477
424
756
285
274
133
571
373
973
712
194
759
298
645
664
365
951
513
67
777
458
868
65
784
181
15
507
804
993
944
800
733
83
697
315
806
83
230
817
325
2
884
716
257
457
680
468
235
991
846
0
553
179
597
135
506
555
582
167
178
486
639
290
775
544
242
966
778
889
904
620
967
85
598
817
393
484
889
37
678
608
9
845
42
705
350
970
983
792
142
584
589
42
889
58
302
309
340
424
791
206
39
206
944
82
88
149
500
840
141
659
745
989
818
497
451
210
915
460
559
424
155
390
897
626
684
858
11
759
848
215
603
21
131
854
393
198
401
241
299
943
888
746
696
147
969
799
932
334
0
754
126
603
130
526
728
244
144
302
224
446
252
399
775
225
681
936
503
316
78
409
419
172
674
707
601
81
152
527
688
865
996
463
925
777
173
47
7
463
204
895
651
920
207
417
34
851
720
36
429
676
540
7
736
607
965
233
820
842
411
349
421
463
635
103
236
59
711
588
35
660
164
388
540
360
136
278
758
218
632
988
746
755
350
454
82
404
428
715
347
236
777
38
737
827
12
877
508
445
453
69
608
843
821
626
249
960
129
507
261
716
963
99
686
15
729
956
963
769
765
985
383
798
624
306
142
318
795
109
106
200
768
669
921
254
869
179
65
49
2
224
172
987
692
747
441
339
593
715
953
826
526
972
495
382
995
684
586
122
589
76
757
322
625
65
17
484
357
255
108
701
815
104
83
651
537
660
694
80
351
563
853
636
549
196
71
180
310
690
442
750
959
838
92
1
242
432
751
46
624
237
121
104
93
869
934
147
4
261
380
623
165
327
707
338
246
854
824
518
388
642
596
554
530
685
543
951
684
810
913
431
736
133
728
500
873
440
694
686
640
899
692
404
187
96
750
152
399
127
449
41
748
970
169
748
304
536
349
189
22
515
97
84
209
188
444
70
98
201
473
334
516
144
2
876
290
952
848
221
554
608
217
940
259
147
907
546
556
68
757
421
271
953
884
853
638
464
711
114
973
412
459
395
138
572
781
202
291
844
849
990
978
599
350
801
253
914
212
242
490
724
578
163
204
191
60
76
2
688
295
313
879
732
978
48
940
611
808
452
368
456
658
104
280
759
407
28
377
173
186
720
636
28
108
173
108
322
360
215
535
860
520
140
709
487
678
117
602
791
907
514
983
679
201
46
922
102
465
447
216
381
659
983
810
978
504
929
426
963
386
257
983
27
781
261
966
157
944
618
697
197
842
579
627
119
648
78
152
902
834
207
367
526
73
863
712
234
793
704
201
848
770
297
197
117
259
339
18
948
219
82
588
661
683
155
901
48
355
279
707
578
881
533
5
392
781
301
252
813
7
934
568
369
891
269
900
987
725
28
115
709
428
162
301
883
325
138
17
676
387
371
565
903
220
700
740
297
51
789
292
544
766
352
226
974
733
37
370
143
34
855
643
894
398
496
45
468
551
436
754
404
522
109
838
221
387
707
744
314
623
880
407
81
108
208
173
232
400
236
344
296
245
708
745
26
281
53
645
783
159
26
384
566
677
172
95
931
383
264
15
616
102
611
892
718
355
551
441
593
112
352
895
263
552
372
731
548
416
319
898
867
578
127
491
189
621
110
406
690
559
25
288
550
850
221
751
641
550
756
850
618
20
806
499
663
577
498
696
302
55
415
655
142
907
321
356
487
61
133
679
840
891
508
764
341
322
979
277
454
952
82
925
20
167
269
923
520
426
736
312
982
262
520
132
506
133
383
598
997
808
692
928
950
56
767
521
881
533
72
438
128
471
576
149
426
570
634
146
251
770
317
929
33
807
153
409
707
756
614
524
286
424
180
942
350
209
837
174
728
686
96
160
485
262
187
879
772
273
760
733
370
140
277
581
586
485
783
4
208
92
415
2
76
811
707
395
856
612
905
134
718
972
473
579
145
37
319
113
117
471
150
229
668
10
572
2
524
210
636
891
55
625
24
975
888
710
471
640
24
349
336
950
387
703
914
100
883
419
302
726
34
171
899
955
79
216
427
299
369
723
922
442
930
713
370
163
534
546
542
456
451
205
643
647
937
943
431
462
211
292
240
944
102
234
687
925
568
312
261
625
34
919
963
267
421
656
749
976
451
167
36
405
416
403
468
91
997
947
805
613
111
751
72
49
76
163
145
495
361
637
373
387
369
189
944
185
965
890
815
882
519
337
690
215
346
313
609
490
217
674
87
420
169
683
389
366
527
93
17
721
700
389
317
175
868
226
689
966
788
818
329
75
277
834
779
312
664
398
831
138
89
126
231
378
47
279
895
626
543
782
931
447
655
480
686
166
179
418
566
206
424
319
861
418
216
610
81
753
843
566
743
813
635
684
826
61
670
40
163
684
779
986
15
802
529
710
913
435
206
899
93
146
106
965
856
315
889
839
481
447
927
788
196
509
794
655
405
571
411
413
708
118
493
647
363
379
875
480
400
734
816
926
75
73
296
474
26
321
691
312
362
956
707
183
752
438
351
346
446
362
997
459
361
285
820
509
887
266
708
566
304
959
565
113
378
33
531
880
164
828
890
737
152
255
892
876
665
464
584
546
516
89
167
349
541
85
337
675
926
621
691
31
449
803
643
730
323
812
173
182
654
76
620
446
782
333
265
612
782
833
691
121
322
244
121
741
248
881
675
422
291
497
347
456
471
318
145
443
814
456
476
566
401
628
334
833
214
191
325
563
316
622
518
85
281
196
91
680
33
338
182
966
173
230
458
596
617
373
471
337
975
507
81
439
173
841
60
767
514
520
952
893
43
558
341
577
928
304
965
884
401
54
651
125
481
381
864
464
184
279
543
278
350
97
522
286
978
338
132
694
366
319
590
773
195
609
804
801
109
388
82
188
498
578
772
641
201
176
389
380
983
693
764
751
836
816
890
303
15
235
824
488
847
745
163
484
450
59
588
859
693
192
74
282
475
936
696
547
557
896
747
308
156
227
910
218
804
812
597
817
116
644
244
985
725
377
373
746
106
84
49
555
215
868
136
227
180
748
658
767
681
31
814
54
225
717
795
807
221
584
836
487
331
583
878
292
749
426
583
322
346
963
627
922
411
755
539
918
504
451
754
383
276
307
957
352
941
86
157
621
684
621
280
953
738
905
749
988
533
429
753
718
286
326
547
445
24
966
15
825
539
38
185
433
155
458
147
894
483
371
497
116
303
764
332
555
75
342
823
190
800
923
603
446
819
612
316
639
788
51
574
394
657
366
629
474
115
732
824
685
184
752
652
479
319
973
824
267
789
733
332
857
303
421
48
834
155
208
541
248
855
699
422
828
461
454
497
976
566
519
932
255
50
598
308
594
315
446
802
815
62
462
903
130
894
391
605
943
67
780
19
28
692
16
296
733
697
665
872
906
968
667
334
296
23
242
649
141
577
979
935
337
273
116
49
381
522
874
254
933
792
976
245
280
20
46
740
755
718
393
134
397
168
497
422
488
31
21
527
520
965
636
868
479
718
636
404
126
153
841
446
747
460
787
226
343
329
487
707
19
263
927
395
918
573
832
759
814
991
77
993
509
405
446
771
874
26
477
90
139
59
715
635
302
484
514
815
526
677
183
243
887
826
131
212
721
420
517
698
292
992
661
620
993
441
471
829
423
294
614
889
456
740
25
751
847
898
109
44
90
883
674
644
171
862
601
280
965
657
72
669
521
978
7
535
618
270
793
737
306
64
943
372
965
459
379
986
810
750
695
850
927
51
486
913
532
937
255
260
391
240
218
961
729
751
132
445
904
4
165
580
993
324
732
214
244
484
963
65
495
335
175
574
671
658
732
933
519
216
777
177
679
244
333
635
856
830
540
700
294
235
32
502
185
858
616
57
516
255
187
814
755
8
978
765
36
464
405
743
361
370
670
13
136
463
539
953
433
248
614
96
570
174
93
397
363
43
571
828
853
703
147
318
479
202
819
847
715
696
257
975
943
156
956
472
97
551
893
937
940
302
340
87
448
921
608
591
674
862
914
960
785
415
50
623
151
542
298
200
516
751
794
541
882
554
663
389
267
287
207
796
305
440
494
150
28
907
721
937
977
499
86
479
64
937
862
383
653
774
192
731
343
976
154
403
112
94
299
58
943
22
151
35
395
909
566
311
212
497
574
768
775
484
837
657
901
413
355
632
909
420
603
972
25
123
111
345
17
543
939
719
492
354
583
844
151
638
908
705
993
610
505
878
99
113
865
572
992
408
165
13
499
263
559
677
475
865
487
13
928
115
671
395
486
474
872
663
460
621
462
113
976
269
87
961
94
972
385
924
914
785
481
84
193
71
9
261
560
943
820
606
554
578
662
310
393
100
323
21
27
180
153
357
932
53
53
381
868
934
358
73
852
225
208
169
736
832
54
192
935
805
471
427
999
591
416
111
224
943
611
91
718
755
683
714
651
824
615
995
578
593
630
454
358
906
753
42
677
96
274
591
109
190
729
569
590
451
290
395
591
340
635
477
541
128
839
832
613
384
24
192
575
390
687
945
373
249
546
437
871
445
54
151
140
127
355
972
190
3
799
980
460
637
918
431
449
861
456
224
261
801
395
538
257
667
403
996
199
510
881
853
823
777
985
142
387
972
813
312
82
165
161
842
793
75
456
407
676
379
745
996
282
622
940
720
545
962
60
462
258
530
588
43
149
668
134
404
414
529
206
504
425
279
383
944
722
175
256
384
662
320
730
643
649
981
445
927
789
861
8
265
77
703
193
143
107
705
331
655
54
9
153
423
297
935
511
451
441
970
99
168
993
212
507
142
481
894
646
964
507
155
391
549
493
247
9
519
928
986
523
286
556
463
620
133
434
196
677
890
937
228
992
42
136
585
366
350
960
605
698
593
913
402
341
255
639
689
530
499
99
408
579
226
347
180
804
73
530
60
527
464
122
110
815
85
606
908
469
743
854
912
199
11
931
721
477
866
301
526
111
74
974
158
526
975
281
482
667
683
676
565
808
241
400
580
812
522
268
162
776
726
445
332
962
599
973
759
4
17
682
536
196
957
858
819
511
930
894
803
457
871
171
655
213
339
217
80
684
4
581
55
931
908
21
346
19
223
945
90
829
497
305
934
975
350
640
330
145
193
205
790
954
91
156
32
176
518
151
266
962
386
379
354
942
363
941
620
348
140
377
312
508
552
175
771
990
606
40
508
253
118
790
335
779
919
318
320
999
718
92
340
278
652
884
819
786
854
621
203
150
356
188
458
569
37
370
795
611
373
652
78
478
813
112
779
931
272
52
18
659
776
404
728
413
963
542
731
174
428
991
461
936
547
71
910
287
425
530
95
285
406
518
774
472
486
498
115
489
628
788
830
439
796
335
732
686
123
444
279
397
273
284
628
126
364
907
917
571
72
5
407
464
420
19
690
616
31
712
389
509
565
954
916
202
717
704
165
163
87
937
897
181
605
530
27
379
825
783
557
278
408
755
418
442
822
258
776
554
140
381
583
966
619
67
550
132
426
172
790
409
253
594
214
282
61
255
263
499
389
506
17
718
990
946
630
331
917
788
693
582
302
225
408
297
459
877
653
104
437
138
564
913
852
474
267
557
871
513
696
914
336
561
782
47
353
725
975
977
578
372
89
596
151
524
470
159
654
615
652
372
407
362
978
455
81
722
195
876
42
146
746
917
103
532
110
723
853
335
170
316
58
983
452
283
247
278
271
753
530
603
640
931
935
959
440
71
527
824
255
34
508
128
996
125
591
32
190
557
8
893
240
693
233
508
601
551
479
803
362
782
630
143
345
451
935
772
572
270
422
658
603
460
612
178
374
179
328
796
614
818
784
617
885
868
143
730
711
279
234
504
297
924
709
840
940
128
370
884
10
775
890
133
711
287
399
46
319
768
592
473
466
412
996
731
867
991
712
191
231
948
401
712
525
948
30
233
941
487
930
621
240
455
544
760
651
561
45
841
205
55
187
445
424
420
301
355
97
383
801
783
285
13
875
770
296
93
831
381
352
971
44
508
131
698
714
297
392
530
23
931
780
927
100
966
667
224
237
409
415
901
575
892
393
207
801
394
663
905
189
465
708
46
378
934
564
728
344
981
13
753
610
65
474
639
831
477
543
148
651
53
625
524
75
432
633
998
640
374
209
216
787
413
185
527
906
707
427
185
51
560
209
320
742
776
450
228
457
147
83
539
953
696
611
240
383
729
667
345
630
507
397
35
719
58
869
264
983
688
850
877
201
429
722
679
433
631
815
125
461
913
504
231
849
42
477
611
713
101
603
201
104
55
134
83
274
749
96
30
154
408
613
908
275
164
810
507
512
12
398
682
597
755
890
369
883
153
338
655
555
112
602
780
973
477
897
244
153
925
579
830
570
389
17
705
786
626
878
715
440
545
972
252
646
377
542
723
479
80
61
80
255
412
447
505
56
636
734
794
512
136
22
550
933
869
95
499
737
41
198
236
61
660
733
970
21
247
252
845
216
424
351
900
279
407
50
90
648
358
750
755
956
293
41
624
72
578
516
566
736
517
210
197
532
513
837
713
206
131
264
756
449
340
367
387
840
716
31
338
937
496
321
610
462
724
297
620
531
472
41
401
11
258
679
918
409
916
742
52
433
827
698
82
520
565
926
595
515
679
65
690
300
818
648
730
360
880
467
788
814
21
989
913
153
392
7
146
356
766
200
723
847
646
743
197
751
948
522
119
344
17
532
28
312
37
411
599
935
751
623
0
737
620
174
561
960
419
83
133
540
297
621
727
452
966
653
15
699
240
568
296
263
985
929
662
478
121
345
402
45
889
238
684
598
93
460
732
246
727
984
855
665
588
131
325
686
273
156
630
617
696
757
347
550
788
551
960
56
981
148
311
208
548
540
389
887
349
678
735
866
936
518
233
611
763
362
902
884
739
478
217
328
59
946
334
205
433
594
709
131
512
110
801
144
282
111
712
524
77
816
247
106
710
390
82
206
480
101
8
938
787
467
489
607
525
354
340
561
822
834
501
937
344
235
72
470
499
467
87
312
846
467
497
78
324
119
927
474
184
494
569
549
753
742
256
276
277
28
881
291
324
432
749
691
343
799
375
231
38
582
718
246
860
690
775
517
583
572
540
313
96
981
373
68
980
776
497
478
612
645
248
585
167
726
894
175
105
399
536
913
151
302
124
706
616
877
73
910
672
774
221
111
644
113
773
742
226
424
280
917
375
660
238
461
841
702
960
388
823
606
161
231
522
621
629
873
928
603
422
355
193
362
469
529
942
861
216
749
860
481
986
219
329
4
341
579
760
493
642
947
330
364
670
531
989
32
492
530
153
437
652
668
757
502
621
18
426
241
41
191
115
610
398
756
659
680
231
146
691
974
860
466
864
773
27
755
991
257
294
414
288
191
556
110
532
772
198
873
209
581
175
700
1
793
819
591
419
952
769
307
701
830
372
952
878
956
946
128
238
204
532
967
393
901
384
949
568
827
647
846
87
961
312
692
876
344
59
571
423
885
697
692
706
451
503
945
572
82
20
706
356
938
154
158
902
812
223
300
750
413
703
630
756
808
921
210
190
333
807
577
327
687
727
659
62
1
82
372
260
533
141
700
909
836
62
763
439
809
106
856
484
95
408
97
865
277
977
999
88
852
381
998
324
419
898
74
136
38
652
782
826
510
905
862
591
263
565
819
821
583
63
928
84
852
736
831
627
149
270
180
671
105
722
90
799
948
716
248
15
711
333
375
188
792
306
125
551
427
51
962
465
783
973
388
197
979
182
924
553
477
755
311
554
497
937
559
791
218
896
828
157
486
353
306
115
164
904
115
895
381
349
26
115
165
319
466
765
895
371
987
988
116
918
803
607
147
563
697
213
843
51
662
700
857
803
423
728
22
926
395
22
719
365
971
233
466
518
361
908
83
833
611
569
361
883
52
87
722
823
319
548
912
14
582
340
745
461
975
840
165
858
701
452
296
111
890
530
207
528
820
661
589
313
76
985
279
412
465
680
124
265
325
936
26
459
839
7
60
310
292
266
419
184
488
732
130
2
589
142
743
947
144
374
112
886
396
496
852
967
330
2
820
465
603
547
590
308
428
64
949
911
519
529
136
839
456
978
959
15
691
177
722
817
523
133
972
233
435
600
264
878
223
550
642
739
670
239
772
362
734
29
734
969
955
178
210
855
760
88
184
618
497
114
696
385
136
801
884
471
885
840
56
148
728
984
638
244
829
991
549
276
337
78
708
924
957
207
149
49
156
866
843
968
761
570
546
908
514
752
414
925
828
562
952
79
849
136
166
324
271
17
56
679
105
665
734
602
977
101
633
918
942
855
312
336
319
647
696
762
549
736
894
185
99
632
587
275
944
71
580
59
837
427
898
652
522
696
669
308
330
249
909
751
443
312
771
666
734
194
369
852
577
586
232
759
580
87
314
716
253
225
417
92
242
638
228
656
668
523
454
14
954
717
666
501
541
476
7
364
737
311
519
871
773
960
631
466
140
947
331
280
8
19
659
591
219
836
290
64
280
886
339
157
500
959
621
323
814
329
918
721
767
723
931
483
358
50
683
717
184
79
409
94
231
104
731
876
259
496
185
567
551
359
679
861
38
381
613
870
42
659
610
931
767
584
540
139
125
804
885
273
20
926
822
714
323
368
421
618
260
423
637
288
185
39
974
132
859
70
919
507
457
18
973
721
425
365
117
488
387
809
886
252
16
378
358
110
804
473
24
973
602
964
433
783
675
647
701
944
958
278
166
483
286
249
628
637
249
745
876
765
775
843
977
360
199
63
667
669
718
145
743
568
346
522
928
988
681
77
31
224
286
539
984
359
997
883
554
280
198
503
615
905
718
308
454
902
635
222
409
539
759
290
911
902
338
936
585
471
53
414
10
445
267
543
779
956
794
757
1
782
973
545
198
975
892
27
109
89
673
284
28
439
764
913
797
729
157
126
306
135
888
994
492
582
345
578
702
883
273
906
586
100
299
757
482
925
107
716
458
498
968
28
939
118
34
368
826
57
688
16
876
671
513
491
663
130
32
20
898
419
811
461
766
201
286
913
154
295
252
398
354
884
79
717
340
38
307
610
833
127
528
100
278
195
901
390
451
206
944
762
353
412
437
89
507
670
43
108
580
827
362
12
130
650
592
898
141
263
949
997
696
812
272
307
510
473
559
74
252
674
544
128
175
781
307
685
435
91
276
97
944
936
342
482
978
599
104
615
405
371
830
746
781
371
439
595
958
3
280
470
789
870
692
94
834
285
465
36
576
663
735
91
161
401
747
299
672
101
168
880
830
514
637
606
587
812
926
643
14
959
494
626
164
854
961
405
203
898
756
931
933
431
411
712
807
172
474
868
872
293
307
934
974
264
958
791
17
202
339
829
535
977
768
645
757
908
290
196
230
540
467
475
966
297
883
772
229
175
263
197
194
222
672
441
617
632
328
211
657
500
750
349
447
129
166
753
528
957
369
187
95
819
21
404
823
315
272
531
600
926
894
319
150
923
107
131
98
561
226
476
352
731
193
742
37
933
746
55
552
671
766
51
273
177
360
943
825
837
457
920
897
728
165
269
563
794
219
690
903
879
816
128
972
72
708
527
448
895
265
43
26
508
899
377
968
283
312
474
220
469
575
856
330
566
108
124
195
465
489
167
672
252
163
479
508
19
10
953
859
587
281
570
750
708
850
105
298
151
452
721
986
922
651
117
393
756
814
226
120
937
325
274
607
259
361
897
32
130
622
729
953
665
960
648
626
306
368
348
977
272
977
405
834
496
192
37
38
647
461
904
185
865
159
491
583
484
316
362
949
735
905
668
69
194
321
708
798
869
345
79
154
480
843
701
257
959
206
856
913
566
283
234
558
610
569
186
244
548
366
230
434
756
588
578
807
474
546
773
176
30
292
707
260
846
457
920
362
885
738
987
592
425
884
489
200
200
770
452
254
183
141
383
275
634
661
716
501
629
582
983
604
222
654
122
937
105
190
418
554
254
311
990
0
62
952
488
211
470
108
611
994
147
525
11
572
720
166
190
651
788
257
730
928
816
634
203
137
267
698
811
119
230
672
886
233
993
776
606
161
955
560
42
185
584
402
606
677
500
473
668
21
590
523
395
94
612
812
1
408
441
180
32
76
571
647
422
3
717
106
310
964
620
542
1
379
986
827
645
481
34
110
384
10
745
583
913
494
178
939
890
788
859
580
523
174
854
145
432
522
38
128
935
84
330
147
764
604
388
723
648
406
676
36
412
280
300
934
632
998
532
922
874
145
480
64
260
375
609
984
98
731
914
239
520
641
847
995
52
386
541
682
610
392
257
409
621
553
920
843
461
997
745
521
731
382
773
28
927
42
745
569
383
528
461
307
755
884
126
331
969
843
997
345
635
406
959
252
686
34
368
944
546
753
140
670
124
645
743
48
56
969
883
853
672
262
268
720
243
589
981
206
572
803
200
86
538
12
949
107
146
566
661
825
964
720
868
345
527
491
553
727
386
550
894
209
41
72
730
961
623
326
708
621
972
193
945
434
969
909
133
383
807
975
167
318
539
440
915
685
468
784
830
236
878
456
60
56
127
99
619
534
181
525
998
189
42
101
549
676
937
102
931
718
385
348
668
907
756
207
938
306
432
925
621
280
670
691
417
535
601
656
297
692
380
948
931
107
194
590
344
90
185
709
679
689
962
804
197
183
646
44
683
954
709
169
230
392
971
954
401
512
834
646
203
82
756
646
24
689
476
9
716
137
360
469
983
283
287
819
431
157
562
259
493
150
894
427
358
874
963
589
823
845
191
410
334
938
989
576
898
812
812
309
524
786
569
180
879
211
829
293
694
415
838
540
472
60
590
506
55
441
221
196
790
139
237
904
297
660
923
971
982
166
985
45
226
263
263
782
755
843
483
507
838
6
731
605
777
988
976
246
960
68
550
11
650
562
838
28
732
427
886
240
248
544
591
348
932
726
922
867
782
42
179
681
39
486
710
409
725
931
731
266
64
206
189
404
174
466
95
462
756
479
875
242
911
868
450
986
522
211
147
334
548
818
972
156
174
137
301
173
509
962
301
181
940
864
959
597
356
782
279
840
408
79
921
322
861
280
779
65
850
7
975
24
920
412
71
401
245
204
614
652
44
152
298
12
683
240
54
33
967
28
552
96
1
317
93
295
890
448
224
552
531
42
108
371
609
450
80
191
994
56
735
591
386
668
882
173
239
735
673
312
733
587
738
185
551
754
451
70
102
778
829
830
539
545
576
434
419
344
540
0
257
208
151
631
477
512
31
975
989
531
947
208
359
758
957
163
804
974
573
608
107
161
115
634
651
817
140
93
953
20
130
564
873
767
736
583
464
937
810
450
451
558
140
845
426
412
665
640
631
778
19
824
721
270
872
365
434
129
126
509
149
328
117
11
861
278
667
602
82
70
905
136
753
933
216
869
870
198
822
987
799
175
909
599
736
492
877
561
743
112
690
995
926
264
936
271
366
353
473
561
775
772
886
330
807
680
361
119
137
759
359
221
217
196
141
465
32
271
689
140
919
66
724
902
838
79
95
763
316
115
741
576
546
860
63
868
511
980
911
872
861
799
269
126
942
873
890
538
578
364
740
989
110
533
351
468
844
218
281
114
451
412
820
342
723
390
647
840
95
847
84
264
521
312
871
996
734
981
846
919
64
2
626
194
999
920
825
254
368
82
701
991
724
288
957
182
24
275
991
540
706
608
280
249
757
797
836
513
510
50
698
135
795
568
949
244
843
81
682
925
368
471
231
321
793
946
45
830
602
906
237
221
374
168
555
387
415
234
95
631
562
670
658
187
322
29
885
504
147
730
106
685
8
267
744
449
766
205
495
241
114
512
930
660
498
99
354
461
43
504
547
37
816
891
900
897
473
539
936
187
240
148
729
357
956
907
229
26
870
920
374
263
838
987
324
9
186
28
736
425
872
619
258
922
18
16
183
410
173
696
322
647
790
265
899
129
342
698
285
447
339
224
77
379
502
192
529
179
473
727
299
181
466
824
145
617
180
594
144
662
953
286
510
408
503
67
644
621
24
300
625
39
328
356
281
276
609
353
236
398
181
736
177
405
550
272
220
99
468
265
314
846
773
792
532
837
448
692
114
655
159
642
418
412
172
751
203
917
335
642
186
580
241
756
785
514
573
972
2
237
243
992
492
727
609
256
892
692
829
470
518
538
86
352
23
441
508
29
407
368
861
429
181
416
269
933
128
910
270
119
420
43
40
518
765
996
862
739
416
928
670
807
767
728
378
176
378
185
223
179
993
706
604
975
286
9
261
179
156
24
903
251
651
528
648
279
647
115
931
191
540
304
422
159
198
531
621
537
494
404
87
998
778
170
621
372
446
788
219
774
274
837
167
28
535
337
367
492
331
37
942
696
239
862
480
501
407
933
505
759
174
128
151
300
261
836
866
893
854
767
567
967
66
573
101
222
555
581
741
86
299
511
344
297
493
604
217
342
954
640
575
504
834
814
99
218
780
673
115
507
783
317
608
174
668
149
121
969
43
897
731
831
471
431
704
618
910
925
942
296
556
312
264
384
97
767
949
393
585
564
386
540
117
899
882
616
914
95
853
647
8
863
317
656
459
56
298
681
529
293
952
114
980
456
691
160
399
537
333
147
571
979
450
118
322
260
380
347
668
72
733
12
436
541
349
918
174
680
334
648
271
173
286
178
925
891
759
598
941
894
1
351
415
80
524
560
367
34
306
585
168
401
598
850
778
348
445
833
450
482
219
603
359
954
338
766
901
85
71
799
264
153
705
262
881
672
490
267
965
623
107
829
504
21
323
274
112
777
472
614
20
624
501
29
406
206
972
423
989
127
403
66
240
423
608
925
80
760
87
13
300
269
6
8
143
723
595
733
948
796
676
146
209
541
217
96
107
706
143
221
96
400
437
861
64
787
393
727
819
751
383
320
675
105
307
720
520
809
19
62
107
869
464
874
464
849
290
791
182
978
500
460
510
387
605
587
862
174
336
870
446
955
781
365
762
281
998
206
486
643
848
764
868
118
445
780
349
780
597
534
9
925
146
838
120
916
200
526
416
937
466
178
9
740
560
247
934
888
650
897
413
273
450
917
928
274
77
297
263
47
66
920
108
502
497
859
141
651
558
312
109
527
395
369
72
904
658
926
413
558
199
212
357
261
14
145
712
873
662
725
401
609
391
985
75
382
592
375
628
976
905
271
225
194
130
528
51
266
672
739
33
453
598
175
62
373
125
213
767
790
453
998
554
47
403
57
671
693
136
457
978
907
442
519
409
65
690
357
408
913
255
682
616
300
684
352
743
880
904
810
928
565
262
953
289
988
847
226
355
174
181
193
509
641
780
126
440
375
906
851
631
711
428
937
996
922
146
35
548
807
571
371
470
322
28
516
40
487
410
772
682
972
297
673
949
818
319
799
85
951
279
802
612
470
212
15
665
64
758
124
581
800
753
329
927
153
600
169
403
733
131
888
166
980
149
886
357
1
587
215
902
377
535
393
779
154
127
813
282
865
358
725
618
784
390
169
210
442
803
150
328
557
873
55
259
618
523
722
959
65
880
208
662
743
722
465
308
732
371
549
349
955
943
722
309
212
552
815
260
716
661
8
700
716
45
414
305
686
869
285
691
446
614
939
169
871
381
155
828
651
912
336
914
729
307
435
387
808
297
622
324
157
282
522
996
550
722
741
352
167
838
20
825
795
5
340
995
713
10
32
570
534
941
434
162
956
200
748
623
47
998
543
607
647
568
191
404
455
514
121
294
798
69
231
842
458
794
909
997
700
901
275
248
583
714
513
302
279
928
537
441
652
987
331
881
894
146
496
631
449
905
381
28
778
278
850
988
198
558
585
244
162
346
412
49
479
177
829
846
848
252
60
268
931
800
443
262
588
193
911
90
443
336
948
907
943
978
254
139
742
71
28
873
607
637
922
563
665
320
720
263
881
409
687
514
250
306
895
642
203
562
229
718
31
88
178
679
262
26
817
222
546
336
451
344
244
156
972
753
362
427
187
685
813
697
427
543
612
668
541
28
572
587
346
462
46
639
249
659
523
947
389
452
175
334
629
909
992
830
803
136
248
168
925
429
331
111
479
508
581
94
883
371
643
320
504
646
422
495
101
539
278
408
181
977
867
395
950
404
799
377
347
114
208
66
12
986
334
998
141
3
974
756
338
632
302
637
963
686
935
732
8
173
411
868
898
983
136
26
988
197
387
839
33
887
584
799
548
852
63
0
690
631
8
311
734
75
69
27
690
843
417
142
874
183
749
29
829
821
927
620
773
593
596
209
8
843
964
135
472
897
6
676
866
230
213
136
832
602
776
7
230
298
857
125
384
142
605
222
117
818
714
806
842
835
126
173
724
765
247
496
994
646
749
156
146
952
158
859
353
736
91
239
976
758
907
992
941
465
594
252
102
213
97
369
649
157
241
94
358
169
814
860
462
776
583
562
180
750
475
129
314
367
852
987
569
617
847
434
868
933
963
260
509
795
48
573
748
694
472
324
534
712
381
142
901
264
444
246
842
190
617
136
416
24
577
147
607
174
112
65
911
204
599
379
12
51
462
766
673
972
843
311
45
699
1
442
727
790
914
458
612
205
290
114
990
725
188
984
554
710
505
332
610
541
124
667
973
109
348
397
753
972
378
324
198
338
486
463
530
483
433
245
990
514
508
256
330
300
419
670
262
529
142
688
121
871
243
149
150
24
232
626
299
701
993
697
59
394
509
799
601
625
745
797
88
130
823
87
722
29
700
306
559
534
551
471
940
710
861
764
898
306
630
635
153
788
188
46
604
13
787
732
788
755
367
353
953
789
232
350
360
15
582
710
403
572
554
297
210
36
449
259
471
517
111
940
934
822
757
541
752
3
324
201
2
198
908
519
492
571
206
477
713
367
841
882
94
152
62
877
283
939
120
675
960
354
487
139
719
888
830
26
755
210
102
845
191
802
371
616
417
788
12
165
458
166
646
853
704
308
603
589
99
747
331
680
838
893
661
509
33
305
164
933
460
585
187
769
764
959
477
573
738
724
623
22
663
180
614
615
309
240
653
352
466
27
221
54
665
276
662
990
377
397
341
138
98
425
643
156
5
242
629
642
600
354
663
101
285
5
254
911
928
69
308
504
717
391
159
480
196
991
455
33
484
270
573
688
755
847
326
995
843
181
88
517
73
908
746
886
606
855
534
466
382
755
137
874
841
642
245
363
486
725
25
964
48
554
841
568
408
537
609
39
902
374
259
373
217
241
627
379
499
998
337
445
745
229
104
557
732
573
983
248
33
902
97
947
332
868
226
314
685
205
301
633
613
644
970
413
478
22
19
935
704
434
202
716
531
202
757
544
268
324
513
446
951
80
564
256
756
869
300
940
274
375
844
639
867
481
74
998
282
78
361
261
400
774
918
448
808
52
707
448
448
755
610
308
61
931
414
59
974
931
11
900
763
723
129
46
342
90
692
287
764
458
121
471
202
964
386
989
757
109
995
524
832
150
914
828
144
319
694
861
398
890
384
905
278
934
682
706
681
265
330
678
873
446
130
901
430
501
874
193
127
458
271
991
37
478
262
426
246
259
321
759
515
143
460
139
644
700
528
325
445
323
705
158
599
622
267
821
876
201
729
502
713
427
764
651
113
646
981
382
892
642
594
841
416
93
679
495
286
844
389
881
390
624
759
233
691
717
554
150
524
49
496
860
921
546
190
809
199
17
487
53
683
342
974
477
232
647
172
105
597
827
801
882
295
607
977
886
76
295
170
232
620
646
224
819
222
409
169
987
662
779
859
96
808
87
826
825
695
92
904
253
581
72
283
403
299
276
289
761
410
383
971
844
766
139
966
814
234
63
892
856
119
729
575
580
248
432
228
740
687
724
11
391
725
577
265
817
488
557
109
2
256
686
714
337
453
358
282
805
139
624
850
779
792
469
858
525
85
496
335
21
850
94
878
907
631
23
76
889
584
426
437
964
491
176
767
509
774
847
52
146
436
619
428
247
877
203
157
145
815
329
106
937
344
834
159
770
465
238
914
679
762
812
180
871
773
126
505
833
615
736
234
349
297
984
21
312
756
309
691
37
928
992
759
878
342
59
466
62
672
12
706
771
272
82
670
98
903
293
947
987
259
430
366
237
936
737
256
705
645
553
159
751
742
360
249
408
661
56
33
209
218
43
383
459
227
61
222
959
904
23
585
607
425
318
121
677
969
628
185
707
787
501
786
285
717
307
723
500
796
692
711
34
345
683
695
300
866
311
205
113
352
59
516
540
598
999
788
635
558
658
495
231
876
868
89
718
726
77
48
173
985
69
296
786
322
271
694
944
710
619
499
257
116
625
184
739
302
837
877
721
176
957
85
948
366
701
12
868
204
839
471
895
786
722
634
188
549
776
823
769
184
483
963
607
310
146
147
885
789
597
250
194
947
922
286
539
478
329
163
716
237
954
353
612
74
489
938
453
417
635
359
988
643
521
186
125
652
588
866
284
112
396
245
601
682
702
196
554
224
169
997
258
470
451
726
83
252
561
963
331
701
130
817
122
753
830
506
118
514
141
870
67
792
711
951
819
70
886
197
749
112
367
316
274
88
311
24
937
6
993
127
784
170
770
5
245
28
789
956
908
780
248
996
881
959
608
468
289
734
278
233
997
175
477
499
25
602
408
283
539
951
879
872
961
668
656
36
759
907
163
163
606
421
981
108
888
85
380
411
653
488
760
465
894
577
845
818
247
374
38
428
608
816
556
792
158
909
776
176
597
500
434
350
976
370
945
831
91
124
125
222
271
657
266
928
818
687
664
740
560
851
719
113
375
307
57
21
497
915
314
556
168
884
568
907
191
928
857
755
710
549
850
252
563
542
759
903
953
353
266
540
443
280
634
991
89
948
633
848
773
191
542
702
806
889
669
467
148
84
312
49
359
881
81
511
945
693
346
437
375
983
641
937
904
531
586
836
249
940
392
554
635
351
430
291
159
921
647
92
458
50
441
358
208
93
877
346
727
3
339
949
545
435
927
311
158
183
739
995
905
728
468
156
749
655
985
909
785
369
188
514
752
21
683
765
912
249
115
639
951
448
128
645
932
231
340
267
975
757
970
515
0
414
960
216
151
832
689
819
698
372
89
219
138
383
123
446
416
690
361
85
704
350
629
223
173
630
615
152
211
96
336
29
292
52
500
338
355
63
407
131
397
659
439
334
156
858
36
529
498
688
904
518
462
963
794
692
494
153
476
750
521
203
991
325
708
823
756
420
345
163
737
357
977
339
8
101
248
745
730
432
131
446
213
861
450
893
925
487
724
892
289
41
495
845
214
417
510
819
674
193
636
800
105
601
860
572
584
742
466
172
54
980
30
996
490
14
843
32
723
939
642
491
386
659
841
285
128
57
5
733
439
458
240
334
46
313
395
158
340
311
714
135
104
503
166
311
44
952
493
375
754
709
581
494
620
629
580
100
814
159
430
562
947
872
236
969
551
59
210
604
550
978
908
774
728
258
341
9
447
638
439
692
316
486
695
310
30
657
461
440
263
262
747
70
179
941
113
500
824
776
282
124
311
149
399
874
115
609
378
151
625
615
902
551
673
910
497
769
649
619
535
431
8
402
954
424
120
243
812
901
933
950
210
57
516
682
637
806
414
258
554
625
120
206
248
168
757
20
783
808
764
575
543
595
536
626
951
158
353
959
312
284
188
781
78
786
465
597
34
789
554
90
749
871
440
550
180
846
207
521
576
287
306
551
885
652
635
7
742
973
111
83
505
948
177
221
76
93
909
545
143
286
619
976
913
998
180
480
5
645
825
537
116
279
766
632
422
412
957
473
654
404
665
579
62
286
86
208
947
423
947
667
614
370
637
872
934
344
120
513
751
442
241
888
82
182
560
647
237
334
219
379
411
454
531
120
242
426
596
840
188
799
529
371
200
160
821
760
743
811
166
676
681
143
685
931
754
828
689
489
692
376
747
450
560
22
838
757
121
800
605
473
619
217
233
208
292
593
867
509
856
19
899
643
217
131
547
43
329
710
774
756
908
612
3
650
323
898
943
586
842
872
209
803
405
697
355
521
162
384
442
154
770
163
593
995
532
567
188
768
89
686
158
713
101
870
649
4
311
902
331
992
635
889
18
814
726
89
876
604
234
582
359
833
58
649
62
294
300
658
810
509
174
793
597
145
593
174
894
799
445
636
78
842
470
518
334
883
525
101
532
479
387
94
338
105
188
460
517
302
691
731
341
366
643
353
558
790
377
56
830
452
714
442
801
194
880
747
640
726
889
351
895
426
594
726
672
76
194
807
140
704
903
817
20
9
959
468
577
77
319
734
881
682
975
962
447
515
446
637
479
828
200
172
51
575
422
575
957
974
455
374
923
160
443
796
17
843
966
478
130
432
48
733
322
745
275
142
243
843
584
496
873
825
719
606
259
598
470
680
792
379
141
896
670
450
631
328
285
292
913
185
26
622
914
447
918
953
251
533
208
171
657
48
138
827
218
344
673
510
702
812
667
893
984
796
438
646
681
348
876
178
419
106
289
139
758
364
913
995
449
269
265
895
817
318
660
554
574
369
270
668
611
861
392
946
864
783
193
981
517
262
854
242
935
781
638
431
292
809
542
384
178
959
85
967
386
735
196
529
369
183
519
171
426
658
224
899
286
865
806
728
15
393
174
274
154
696
836
631
236
549
562
396
41
732
491
687
992
15
801
81
424
188
611
904
723
663
589
817
493
286
283
399
61
414
883
15
44
183
460
245
71
23
943
686
96
119
188
140
152
207
732
315
699
595
994
829
492
564
908
161
859
712
166
699
963
915
669
0
723
425
778
851
844
396
113
151
284
486
935
578
325
217
134
791
534
73
600
943
45
600
836
837
450
315
316
928
922
662
525
271
443
558
231
212
727
978
194
824
101
788
707
763
591
732
286
975
186
692
117
465
245
815
691
509
115
366
647
427
525
534
895
886
783
174
146
217
28
273
797
18
389
806
484
553
718
165
805
287
804
871
731
824
586
661
921
431
923
437
129
410
920
316
724
370
213
547
771
522
165
457
15
111
975
338
117
387
246
236
570
147
405
729
471
936
760
616
510
805
824
159
900
532
147
124
556
108
164
335
306
487
837
758
234
936
588
166
251
328
957
104
263
804
153
920
744
971
341
158
549
576
624
351
137
887
258
635
269
872
200
631
15
918
56
193
838
109
331
496
533
149
224
764
663
358
813
525
386
891
316
28
403
255
669
847
349
843
87
796
119
598
999
612
496
652
483
227
227
382
728
592
507
348
95
675
748
461
619
980
715
882
174
882
935
304
431
395
945
814
377
624
658
421
82
140
313
611
964
107
426
472
260
516
106
477
401
579
355
2
288
514
53
797
386
929
605
298
664
826
115
816
553
510
692
230
538
924
85
623
559
943
360
690
434
79
904
149
965
824
436
659
835
125
205
858
413
197
980
599
654
765
218
637
66
154
751
195
588
425
218
863
245
743
592
525
100
606
195
990
994
858
442
952
163
120
127
435
330
761
976
149
620
7
488
149
889
797
475
898
723
522
981
802
927
266
348
123
523
733
736
508
572
94
542
785
714
605
523
369
446
620
847
88
64
234
959
958
294
217
664
887
13
68
785
713
399
207
770
456
979
504
874
187
423
230
490
169
681
821
916
407
846
232
682
462
309
524
537
847
58
787
781
551
237
307
641
960
437
387
737
83
79
302
389
627
671
741
552
26
368
224
534
256
918
929
600
912
198
330
275
924
540
50
580
737
608
849
429
794
831
293
504
595
130
287
677
280
485
386
436
809
67
890
745
612
921
676
196
576
409
135
31
626
764
786
825
360
519
4
151
957
526
80
294
878
222
916
559
717
587
234
928
