150
311
403
603
814
12
777
118
772
829
610
842
805
833
977
3
135
284
889
179
785
82
737
441
39
499
100
815
577
989
916
641
564
864
837
469
733
447
988
386
812
32
100
895
771
342
497
795
328
292
678
878
999
387
745
44
157
4
946
488
582
126
26
653
36
195
449
476
618
650
76
167
717
63
204
138
19
5
484
527
776
736
330
303
734
838
262
243
936
448
940
488
52
909
309
803
820
630
27
631
250
688
645
194
541
21
302
738
571
397
742
203
515
411
112
488
27
494
209
421
655
684
661
884
297
493
310
516
56
767
882
837
879
145
681
976
925
828
42
224
543
347
449
951
102
94
439
79
376
994
321
33
168
515
302
793
552
954
375
134
431
540
960
144
989
815
0
676
200
233
971
657
144
903
832
243
13
106
549
453
9
756
870
873
782
857
972
276
279
269
270
407
71
55
366
342
752
466
63
486
904
64
902
15
46
505
998
530
378
971
60
912
766
367
687
412
233
850
345
33
110
459
386
207
157
150
20
827
636
102
45
858
476
683
288
895
426
745
292
388
808
298
154
965
168
54
64
821
201
167
80
300
4
478
308
167
439
553
628
735
645
659
704
429
90
307
307
148
347
353
547
987
76
397
884
833
34
920
866
767
783
263
114
537
487
461
796
467
230
226
722
788
692
22
9
137
744
581
415
607
141
818
445
972
688
51
491
210
442
12
312
398
61
823
213
765
643
721
614
279
491
445
932
992
611
380
239
735
748
97
652
995
923
862
967
21
816
683
652
454
220
241
243
142
976
354
273
773
8
67
541
697
918
19
970
4
3
15
37
567
951
865
346
270
331
33
728
539
805
102
933
761
354
349
101
158
698
224
261
756
328
496
784
483
630
176
486
3
129
374
821
874
585
711
524
936
176
43
71
869
831
38
988
52
41
3
356
573
844
893
394
487
514
43
48
993
741
288
328
422
193
59
814
118
539
118
38
4
78
853
499
990
273
920
265
193
366
366
758
487
180
406
618
285
640
182
733
946
966
948
912
677
222
541
298
671
143
260
478
15
4
18
982
201
372
384
378
786
147
293
536
801
933
5
719
360
217
62
297
231
466
483
294
844
755
27
501
585
31
325
673
342
827
410
350
303
511
202
419
0
125
304
96
447
393
515
215
585
398
412
989
146
831
71
831
225
876
395
303
454
343
537
4
83
193
619
541
139
90
827
155
458
136
402
536
974
72
414
565
778
103
341
630
198
420
336
806
429
48
223
34
130
667
736
668
944
890
309
18
775
683
508
122
747
568
457
475
795
450
53
149
837
104
850
965
126
555
169
69
10
402
749
11
132
863
138
429
232
832
888
820
91
535
314
806
71
600
314
57
97
64
695
661
625
212
307
324
625
217
417
400
654
278
27
229
644
65
3
166
99
603
392
302
899
31
611
884
499
423
835
92
425
323
715
755
792
104
171
34
535
875
51
852
231
886
462
456
475
293
765
539
103
542
6
758
18
851
41
460
393
673
625
353
123
605
91
797
993
4
141
45
551
26
801
252
864
262
997
694
912
643
924
285
986
720
603
305
474
394
643
528
3
111
270
633
12
512
379
845
613
519
851
147
251
867
897
687
374
811
885
3
807
349
481
665
38
275
756
136
186
565
448
841
997
943
188
159
161
156
909
878
338
618
92
499
68
173
168
188
12
334
902
144
414
735
8
511
835
0
216
951
74
398
145
60
196
427
0
469
827
555
907
944
74
768
150
830
340
288
758
215
740
90
4
764
679
340
951
82
391
815
834
481
808
700
299
600
67
407
361
921
13
211
3
794
832
500
161
329
531
0
753
509
100
648
403
910
918
189
851
755
842
45
166
419
268
825
597
153
7
287
89
141
362
486
45
133
630
785
255
194
589
186
998
654
474
587
826
147
349
182
478
65
629
520
10
275
180
413
865
787
302
414
958
972
350
528
362
241
357
56
685
553
109
121
554
747
708
498
113
164
33
344
84
746
186
20
358
734
226
191
472
651
958
572
612
288
860
686
252
173
110
626
8
838
18
529
748
11
156
262
160
655
620
548
417
447
317
269
186
749
3
487
27
877
685
495
390
314
398
407
13
89
991
760
138
625
278
328
547
406
547
238
839
505
224
484
117
985
418
833
988
283
276
195
310
554
423
490
91
235
199
790
65
573
571
542
33
49
888
265
623
282
597
669
134
31
733
794
160
950
463
473
643
648
222
112
267
268
343
309
425
238
57
579
317
201
221
753
743
468
731
279
680
0
672
427
432
828
546
880
978
771
293
143
281
161
460
71
818
105
226
62
370
404
15
810
650
552
478
198
104
379
743
340
26
897
680
662
285
226
77
202
288
565
202
818
581
115
623
521
134
532
761
72
570
192
846
982
572
311
142
19
154
322
64
574
200
492
852
48
578
348
245
947
879
721
925
741
995
214
753
231
901
609
979
672
333
916
758
132
380
4
1
971
474
676
904
252
91
244
582
762
704
919
308
970
353
843
190
748
183
337
675
630
618
578
930
204
80
746
169
8
481
545
612
276
606
602
239
974
13
861
447
691
387
58
546
438
6
919
953
620
147
486
690
371
842
410
509
543
353
367
218
371
528
696
410
29
909
656
485
949
33
508
392
14
961
753
980
172
413
786
775
711
375
263
904
132
286
199
262
238
768
983
811
823
805
10
35
868
23
848
553
813
170
306
859
554
322
783
308
18
821
118
440
282
348
260
4
834
989
288
998
577
968
852
491
901
208
87
123
781
726
571
606
627
3
0
761
358
591
949
899
835
741
910
737
278
717
7
448
41
689
364
111
262
538
781
747
128
968
159
774
45
317
112
218
583
104
226
568
288
196
610
561
11
410
603
884
32
352
271
448
280
834
211
726
515
570
724
554
611
565
863
526
960
874
951
66
797
83
544
698
827
494
323
417
755
713
440
536
106
231
196
754
627
60
61
633
61
721
270
139
331
415
33
349
825
116
192
839
72
857
71
700
319
134
807
834
251
243
143
763
478
543
663
163
904
346
720
511
417
691
848
565
19
916
229
461
816
989
723
129
53
481
435
694
444
388
29
510
33
966
51
138
24
530
108
429
482
264
84
931
325
50
289
129
827
627
799
565
65
308
284
539
796
724
692
300
130
233
418
3
140
441
42
661
521
708
340
103
509
411
60
179
70
84
214
109
141
451
50
770
11
559
185
4
4
665
197
674
249
514
286
178
532
207
759
15
193
459
889
420
49
363
327
473
467
483
311
153
98
586
22
892
284
4
451
65
599
30
398
947
992
153
413
319
978
11
754
453
246
883
554
367
25
58
769
3
618
682
204
140
55
68
965
319
613
93
739
361
662
208
222
59
47
779
589
659
896
267
351
361
19
468
722
320
240
769
511
279
199
859
129
904
999
23
35
374
200
910
683
230
720
617
761
910
144
75
168
779
419
5
903
502
831
7
893
614
92
410
22
78
417
179
890
976
883
926
96
895
736
76
424
801
350
449
333
959
373
921
460
370
377
179
211
383
759
118
573
22
488
146
15
555
791
277
296
216
231
255
596
280
269
674
927
65
708
151
980
650
706
580
149
515
576
393
508
666
382
878
754
951
916
330
717
875
886
49
205
132
352
665
94
461
395
487
73
665
271
701
489
356
786
142
270
482
855
983
417
804
362
380
845
725
505
874
969
320
551
26
570
336
962
350
420
95
377
862
304
435
1
686
897
418
237
687
284
616
766
367
152
8
931
159
736
994
569
33
457
589
177
814
873
850
365
759
979
323
19
8
563
872
867
421
67
145
778
832
510
824
720
79
855
192
26
57
670
327
55
116
704
692
115
69
229
403
93
883
297
22
5
836
897
23
0
363
64
368
979
990
67
302
12
27
121
24
974
241
505
179
363
508
910
86
715
665
625
243
78
99
862
457
833
39
802
36
9
643
775
97
849
100
871
26
592
834
384
863
533
104
565
625
992
608
842
974
13
777
705
666
551
442
188
212
295
190
284
897
52
465
665
684
235
713
711
649
365
144
15
952
93
580
541
472
325
345
234
117
340
410
165
83
788
123
419
156
653
154
495
30
43
844
115
46
564
8
360
401
653
271
33
258
207
424
195
448
288
7
197
33
49
214
298
122
892
317
65
418
883
320
943
642
26
923
175
347
463
598
286
864
223
725
181
143
208
706
959
954
59
421
592
125
962
446
676
44
47
980
618
829
33
309
166
263
103
552
443
548
344
879
419
881
373
0
168
762
615
339
784
464
78
813
718
592
446
646
615
459
8
821
923
264
344
439
586
974
555
983
359
12
638
946
981
0
860
3
531
36
40
481
256
989
571
436
784
75
952
95
871
986
339
752
750
122
924
193
979
151
41
265
892
131
344
434
856
862
196
881
781
644
760
509
692
229
427
192
821
732
396
561
700
579
871
63
98
391
705
627
767
188
517
959
714
636
277
689
386
697
403
483
140
900
298
721
487
795
400
87
343
935
544
355
725
504
229
990
270
797
404
668
378
536
496
296
680
507
177
471
551
708
487
46
987
707
716
865
926
444
305
453
81
267
814
28
754
851
814
43
30
385
193
433
470
267
626
620
411
808
468
716
312
410
111
635
187
684
841
404
675
85
806
351
208
148
566
308
115
76
210
315
491
561
974
2
766
286
21
79
93
148
641
118
102
163
734
781
18
968
840
29
954
868
185
594
153
92
38
965
455
16
822
769
301
126
118
577
378
68
907
852
250
568
780
227
651
274
218
242
636
118
872
98
172
285
873
473
866
138
747
363
708
236
570
782
572
32
976
711
766
62
788
509
569
148
365
450
896
64
11
925
750
93
636
941
538
149
567
165
404
270
762
212
878
526
431
856
15
209
878
52
958
471
478
169
911
937
607
996
479
713
103
604
137
584
14
124
61
1
567
601
330
307
38
147
968
634
71
954
249
842
3
782
893
790
794
576
721
37
802
528
410
137
525
132
892
260
903
119
67
505
818
776
193
433
318
810
836
678
951
664
121
504
736
505
446
362
484
36
956
767
568
417
234
476
912
806
450
603
333
22
314
966
23
113
170
711
0
793
173
455
269
250
636
1
970
79
806
663
993
241
492
358
168
785
861
261
688
821
758
735
799
962
539
404
188
576
335
325
501
631
195
855
628
232
0
241
647
877
669
348
411
15
462
43
85
158
799
502
0
54
210
819
70
819
880
368
295
759
952
757
393
4
992
404
205
51
891
207
705
584
111
404
682
282
578
736
1
85
446
931
217
32
383
54
957
729
102
297
748
598
326
701
211
649
592
370
516
300
326
242
377
911
787
725
551
366
221
268
772
262
0
576
282
331
353
26
266
33
46
107
769
728
450
166
507
229
47
325
862
222
339
256
786
372
219
514
177
567
528
707
778
942
658
500
172
375
25
68
985
195
751
117
700
20
339
349
329
154
173
449
280
854
958
849
694
990
305
12
387
541
928
63
764
13
103
174
878
677
366
173
963
101
968
261
201
436
940
474
649
981
276
353
591
528
646
678
44
433
134
984
751
960
218
962
425
726
795
243
22
339
382
443
399
3
992
493
7
835
278
2
0
351
14
196
348
662
152
928
319
464
417
539
680
713
774
764
41
319
595
143
317
654
589
14
15
469
206
527
20
633
619
674
172
633
615
935
884
259
491
779
553
903
519
39
176
433
214
455
74
965
259
845
215
1
3
95
72
728
720
279
106
791
622
381
85
389
744
836
64
866
173
321
497
899
204
972
377
625
205
21
164
33
870
659
349
952
680
597
183
750
338
683
982
621
555
256
345
153
98
0
18
667
956
746
71
879
780
383
213
892
719
606
606
184
926
360
344
53
407
956
3
422
492
487
465
970
187
625
69
856
33
826
240
986
424
551
730
743
572
375
907
330
557
286
732
507
211
334
165
292
820
977
997
260
956
555
11
691
460
328
340
166
790
579
752
675
279
876
925
782
132
723
65
522
782
323
245
54
373
745
110
820
990
101
380
297
517
69
185
827
449
230
446
406
255
120
720
830
130
581
333
688
484
607
296
688
368
112
790
238
648
129
539
809
345
96
457
62
324
567
840
982
713
33
302
823
57
807
337
898
482
112
180
298
450
222
560
869
455
226
89
30
197
689
547
940
247
494
962
847
1
105
629
922
795
5
788
385
993
269
792
879
19
751
632
657
187
763
965
65
444
907
921
960
403
950
56
149
122
431
615
938
266
442
29
415
548
0
38
708
867
329
482
353
353
541
558
314
175
874
754
821
516
273
673
92
373
660
141
6
589
707
162
918
278
448
181
801
710
494
100
51
284
492
129
98
66
562
993
179
887
514
987
31
911
359
579
122
445
567
594
45
751
63
604
337
449
257
457
857
517
952
993
71
256
290
64
73
37
977
147
370
370
270
318
12
930
282
581
642
917
429
200
891
726
314
970
166
448
181
19
407
704
128
572
281
541
577
991
789
315
876
5
209
774
724
32
931
877
462
65
501
77
996
841
485
666
224
369
187
844
821
205
254
241
850
376
936
86
599
147
937
10
86
297
942
8
438
435
665
717
921
55
918
974
965
583
713
131
822
684
290
145
877
696
956
619
459
343
33
661
44
522
24
863
156
374
208
596
34
553
1
719
21
748
925
808
381
2
583
140
721
204
220
67
368
320
293
133
911
759
225
925
476
818
34
202
741
691
355
505
506
692
559
39
150
696
647
679
254
296
744
556
457
827
136
267
842
187
216
404
302
204
693
24
266
665
404
75
792
451
59
650
615
854
357
286
503
856
270
967
581
419
335
305
820
994
313
320
91
617
521
662
64
701
199
650
78
935
960
192
975
20
855
53
757
908
186
984
711
649
996
80
646
522
494
471
646
99
241
29
796
590
49
790
486
471
400
222
883
886
409
357
93
353
429
555
869
21
64
926
388
974
317
651
193
955
285
7
423
867
69
848
246
40
674
367
739
424
171
998
45
674
395
533
122
199
354
757
875
792
655
465
495
912
808
749
874
29
496
134
477
1
208
954
739
379
988
12
109
869
623
325
492
663
275
5
474
958
490
862
20
631
118
137
509
18
410
170
196
271
8
288
873
616
821
20
875
514
476
830
854
292
168
662
45
647
858
577
682
538
589
631
648
534
448
61
696
102
471
227
647
708
761
805
838
187
164
567
644
598
635
744
500
281
366
659
14
340
489
440
31
453
127
801
164
659
681
649
202
377
608
330
496
232
26
933
253
55
937
345
886
176
851
515
50
658
184
31
2
17
57
542
100
117
245
198
544
302
935
929
826
844
586
31
777
461
16
278
594
530
272
11
813
4
297
588
57
73
325
358
340
549
486
462
617
771
853
270
467
20
3
391
277
298
429
261
827
222
391
609
96
560
682
630
531
609
384
157
646
863
669
67
200
569
555
739
999
825
418
661
509
10
715
14
245
110
314
419
527
471
431
575
99
975
753
542
461
730
132
461
317
795
25
918
909
822
11
580
732
680
945
102
75
14
538
790
134
199
4
22
682
315
74
593
843
539
85
517
650
842
955
332
920
610
698
851
275
560
504
923
449
383
179
994
453
935
81
467
149
487
174
866
134
922
404
368
118
319
746
7
589
532
130
922
682
749
467
752
758
20
324
648
927
841
46
257
724
352
868
846
873
1
227
207
0
50
252
270
0
379
555
754
255
506
391
12
510
738
267
855
434
220
57
347
165
126
53
426
166
228
447
328
22
402
10
968
212
746
47
692
720
571
240
419
896
100
588
829
163
221
675
59
114
101
453
970
637
268
760
974
761
595
226
803
339
200
88
713
273
651
53
807
948
440
463
0
652
602
566
229
3
79
690
501
6
900
66
121
314
648
390
459
486
482
572
277
724
402
380
814
255
883
898
82
783
4
954
486
967
734
652
92
276
377
793
839
664
734
923
103
309
349
56
628
401
960
162
910
202
697
403
4
101
162
82
324
899
469
993
932
8
842
339
539
646
4
386
116
73
733
836
233
377
357
939
548
414
251
938
268
654
805
322
161
622
157
153
484
140
661
290
91
92
458
712
78
967
25
370
543
590
643
67
654
790
934
955
201
385
74
839
426
15
999
61
38
110
413
341
937
175
323
579
716
132
655
625
758
150
394
904
261
148
925
670
366
196
885
37
689
739
823
89
346
335
746
33
555
668
155
83
601
180
374
804
645
318
835
295
760
426
320
865
356
175
187
566
459
824
199
88
913
602
133
11
47
13
181
163
265
280
477
848
526
806
44
596
373
45
933
591
608
783
166
389
420
725
340
174
908
312
666
64
530
15
993
529
249
280
36
586
361
10
14
96
388
497
561
122
911
87
264
360
665
357
119
644
428
704
866
45
653
460
70
30
525
443
451
978
218
423
278
313
458
222
123
742
400
909
516
224
508
636
172
66
321
554
328
83
361
62
651
452
490
487
966
315
979
683
277
7
157
516
850
372
846
761
55
607
120
64
686
557
246
190
201
38
275
304
154
627
554
440
890
319
27
159
20
728
850
821
874
247
777
748
974
729
912
298
961
757
21
353
489
512
841
323
93
868
940
46
239
463
379
123
633
270
136
207
260
340
782
666
883
789
2
11
943
970
528
393
211
779
952
251
320
794
520
375
259
31
293
764
759
504
138
509
492
824
794
478
894
866
14
134
5
5
622
456
289
922
149
198
657
787
41
619
204
343
836
605
738
960
563
275
980
623
518
276
224
17
164
407
71
632
504
411
984
24
574
550
4
73
194
46
653
862
342
150
235
911
14
789
743
185
626
995
345
18
504
193
171
290
61
566
612
747
870
930
532
175
962
69
18
195
282
429
78
645
623
756
699
170
196
177
108
347
805
179
332
759
581
808
8
325
727
332
985
341
571
164
327
344
234
628
737
7
832
119
143
588
203
631
420
526
739
67
372
703
421
615
897
735
151
850
544
97
201
213
638
403
589
604
656
139
825
191
82
972
539
771
599
650
853
91
824
389
38
494
170
373
329
257
684
597
22
537
211
992
615
652
64
283
72
485
743
37
698
751
586
860
463
225
498
614
1
116
234
57
730
92
833
997
684
266
872
410
127
592
924
56
994
283
376
934
989
639
442
155
40
971
282
748
714
818
333
117
11
871
336
497
105
19
300
843
769
128
829
827
323
577
584
924
541
145
678
521
344
738
933
560
26
662
188
920
279
715
365
206
835
663
138
35
893
955
652
261
15
132
352
513
877
80
101
437
195
719
208
926
88
663
379
608
804
195
705
120
127
943
663
673
183
26
45
77
122
547
107
992
553
177
193
934
90
917
822
5
39
764
211
20
209
473
634
247
22
901
227
941
513
206
492
15
708
19
168
933
516
996
490
559
689
853
706
365
933
396
613
338
247
372
435
86
595
984
899
779
147
719
819
980
191
475
954
840
784
998
472
876
395
132
672
968
7
963
321
947
341
622
230
475
619
9
952
562
101
769
204
820
718
503
673
923
837
837
187
652
50
118
975
923
386
803
520
90
25
801
731
333
207
350
472
989
322
148
115
717
587
675
771
55
845
599
863
841
56
452
233
129
662
299
2
940
535
612
972
815
61
388
869
909
603
290
212
821
24
946
356
790
43
961
829
785
312
544
63
831
441
987
231
448
11
816
326
986
401
321
226
636
126
758
770
767
801
979
530
149
332
880
694
13
456
191
178
465
446
580
148
633
103
9
760
589
89
39
693
579
859
957
277
987
903
406
583
15
860
787
528
811
701
15
244
543
735
74
578
795
430
382
747
601
870
807
938
794
314
441
183
518
76
645
33
595
0
586
722
686
12
381
950
432
292
693
145
835
449
588
863
139
271
245
690
988
786
385
25
335
851
37
743
293
399
111
996
656
658
95
357
918
107
393
304
213
612
128
253
793
968
850
719
589
85
371
209
174
657
21
806
140
969
901
998
919
351
63
41
747
0
179
117
131
720
17
816
722
203
648
965
3
224
19
14
513
837
867
314
11
853
385
467
808
702
411
400
52
4
581
203
600
0
937
222
70
975
648
252
84
72
453
112
20
276
970
788
689
508
516
116
834
905
557
418
38
789
840
677
119
795
763
287
421
187
21
943
4
184
93
822
228
45
71
349
803
30
5
135
517
204
315
334
741
34
226
68
210
359
426
305
996
298
57
534
807
4
803
317
110
654
306
295
604
509
210
31
375
883
130
458
845
117
4
398
822
244
119
14
182
554
656
32
86
616
587
449
122
78
646
604
155
341
193
687
63
742
106
12
168
970
631
574
1
866
892
586
415
204
496
695
684
443
900
135
532
669
324
2
343
698
8
571
503
206
339
885
575
867
708
812
73
45
130
886
243
378
615
10
341
140
410
528
758
986
304
732
306
21
112
101
648
756
153
359
887
27
642
678
780
787
243
891
549
249
370
368
303
13
983
789
245
426
72
884
635
139
503
758
834
797
307
452
265
251
614
262
557
415
168
757
657
67
694
681
907
877
3
330
42
130
451
45
804
618
250
625
310
192
295
13
488
485
120
368
205
135
245
852
211
356
616
11
192
742
190
388
369
504
696
647
276
4
250
698
815
784
929
501
716
456
330
766
44
908
791
189
897
27
716
140
965
586
944
374
127
429
775
273
16
63
65
518
356
831
100
411
160
635
861
739
886
580
492
99
908
450
168
437
850
473
541
767
33
344
286
73
76
583
559
437
434
555
253
221
63
685
188
542
348
40
762
793
34
667
562
387
583
554
2
5
917
3
356
446
255
520
572
215
206
184
407
975
851
169
464
86
358
334
5
706
951
288
32
636
717
807
873
199
880
14
332
297
62
236
845
346
576
311
754
976
658
551
299
607
986
542
845
544
764
339
994
464
344
335
635
681
575
640
772
983
352
690
473
509
162
651
270
695
756
966
142
784
469
673
226
367
959
182
365
966
314
98
451
855
356
831
264
722
189
53
73
691
965
732
375
68
862
284
625
434
975
137
734
300
812
904
541
484
546
525
408
232
204
889
458
572
341
359
147
303
475
7
202
192
215
711
287
940
185
969
869
36
13
42
767
491
426
198
88
272
870
45
374
8
360
210
498
243
350
161
57
993
808
7
260
929
451
646
515
201
769
418
427
201
495
929
784
559
170
272
744
630
399
153
931
369
645
624
635
165
608
551
629
261
507
118
110
445
300
148
589
100
186
104
894
14
145
768
784
380
924
252
33
248
989
83
822
852
10
578
554
927
286
801
705
396
440
698
415
628
755
797
45
461
522
338
495
403
918
996
555
55
21
575
813
610
576
731
539
839
889
710
124
941
769
868
320
248
567
493
50
267
191
156
631
9
946
855
933
269
690
278
109
743
605
494
807
378
360
260
406
592
112
66
760
971
38
512
590
682
973
617
599
24
402
299
132
730
350
367
380
602
612
372
872
201
681
256
147
229
921
93
658
999
455
112
606
612
119
353
84
140
18
468
37
995
4
328
996
112
348
641
870
92
614
533
700
797
955
125
842
576
460
210
273
830
112
552
854
146
973
257
570
84
672
675
294
851
659
289
491
145
627
998
195
46
317
96
607
820
137
284
697
392
58
127
685
663
171
825
981
525
689
460
121
5
944
801
262
58
896
231
92
557
156
16
751
274
242
925
8
254
2
152
926
7
651
650
382
783
826
85
228
880
530
265
186
977
749
810
47
19
206
919
165
108
33
16
355
891
182
704
261
175
832
359
699
509
42
982
75
867
912
468
835
167
82
284
93
893
163
801
54
133
372
541
223
558
776
327
45
740
634
14
106
396
240
144
32
154
436
122
818
822
113
44
404
789
598
26
663
895
757
282
950
320
989
715
660
25
200
814
330
943
364
378
520
186
509
300
982
113
205
879
155
681
370
239
550
59
336
221
288
211
914
539
145
791
735
36
474
162
281
256
736
307
186
165
285
835
11
128
148
221
289
814
4
943
13
707
349
35
774
102
105
948
70
68
363
450
514
393
795
51
885
840
694
671
33
847
41
867
765
585
978
850
411
924
417
412
80
43
237
81
953
935
563
321
113
998
419
121
385
737
622
422
932
999
985
196
547
167
45
680
131
900
944
360
846
522
843
100
486
500
939
4
494
505
271
42
1
8
617
498
436
476
60
935
794
345
223
596
505
333
377
506
1
551
0
242
145
114
750
29
855
303
789
975
721
294
7
624
771
335
626
183
606
798
587
242
234
576
495
783
466
671
19
199
346
326
777
720
231
45
4
550
681
156
672
813
926
270
810
264
751
442
965
445
19
239
905
330
723
151
44
563
482
759
389
632
137
872
3
709
382
4
972
73
339
660
310
525
97
500
73
539
956
884
752
549
308
678
873
955
338
160
662
996
639
486
626
16
529
230
2
894
549
535
450
348
978
386
580
633
482
768
422
220
70
808
287
986
519
943
722
892
240
478
948
571
954
395
59
84
863
969
607
703
189
126
167
752
120
453
719
340
979
741
603
165
356
857
71
158
352
32
320
282
847
661
904
367
383
419
69
232
74
174
738
65
452
378
906
274
163
218
908
709
625
590
764
468
251
704
566
375
866
130
553
568
479
333
283
204
613
165
665
472
631
504
911
808
230
944
771
164
13
186
886
304
396
14
531
487
14
311
627
182
345
687
393
76
992
658
106
616
682
916
318
51
283
990
826
762
655
328
448
117
157
227
535
704
407
710
242
889
585
277
910
489
147
304
871
155
596
761
875
685
730
530
47
461
51
165
950
827
748
571
913
320
935
595
998
710
884
764
399
555
637
586
193
550
357
3
369
242
423
848
516
877
19
824
577
758
931
902
654
870
164
110
719
884
512
20
644
754
132
152
340
991
759
421
130
183
29
467
238
66
355
820
590
40
91
463
966
406
869
746
236
610
119
4
794
490
434
132
514
663
441
313
370
448
681
36
696
830
760
194
281
452
227
311
79
231
127
73
340
14
377
7
938
344
431
350
451
428
859
571
462
208
937
681
981
691
161
658
380
37
169
756
401
832
390
274
126
132
658
3
200
21
4
504
10
995
337
579
329
891
532
809
743
166
3
538
721
567
69
931
245
696
316
274
669
624
516
366
547
129
624
122
26
120
271
234
850
259
794
513
569
288
899
32
852
133
299
637
419
418
260
397
716
94
840
676
274
998
565
525
42
69
278
754
235
267
584
11
205
754
690
321
349
227
8
416
765
448
335
268
862
325
310
813
386
78
516
328
52
185
49
3
99
691
533
526
380
319
512
960
151
945
672
217
283
19
889
69
150
475
339
333
978
713
202
585
851
657
9
255
333
518
930
282
82
200
354
904
902
17
505
423
202
508
133
895
91
387
642
194
562
219
445
882
798
231
376
623
202
708
216
337
466
100
569
260
16
890
0
22
180
625
7
82
349
908
104
801
126
149
211
853
591
780
496
630
612
491
662
430
891
835
463
268
923
33
856
739
203
317
934
101
909
6
918
213
251
720
563
524
368
338
252
939
773
76
143
928
376
666
621
4
344
327
367
359
61
256
984
50
795
963
802
641
535
672
158
947
617
804
416
672
518
513
484
106
302
788
168
4
730
991
419
983
423
167
598
580
468
673
918
517
244
162
906
823
34
619
660
242
643
561
687
469
307
48
740
15
196
912
252
969
773
147
654
76
362
1
583
136
975
826
969
225
69
796
855
810
686
463
45
70
20
634
969
594
255
467
380
351
319
295
894
329
756
236
350
576
558
258
830
634
9
16
42
271
271
958
131
970
408
429
338
12
791
561
86
927
178
987
293
84
3
858
904
168
626
41
919
406
53
45
683
5
317
475
445
717
756
45
980
0
164
279
523
484
899
37
719
916
991
352
217
227
849
56
899
445
21
155
647
453
547
585
569
817
29
876
123
915
474
589
318
794
331
433
548
396
770
167
203
314
310
444
558
216
448
876
977
843
927
541
366
980
317
145
62
223
394
295
83
55
533
440
959
723
117
601
339
167
517
610
584
498
52
972
15
970
735
284
500
238
749
348
636
173
170
81
699
948
357
704
995
79
4
12
163
641
858
437
278
74
108
605
63
54
923
25
141
504
194
360
129
611
177
414
389
324
203
775
702
495
217
52
1
103
326
975
923
9
188
4
593
951
71
607
105
886
85
334
830
603
688
0
293
273
219
753
278
987
359
250
205
3
328
868
867
682
86
66
457
1
733
199
410
465
32
832
340
869
79
717
962
480
471
947
214
36
665
339
3
128
226
993
795
744
547
947
977
732
298
163
489
250
252
858
51
491
244
896
657
211
670
746
745
35
423
477
824
674
78
896
426
904
962
575
260
918
3
137
253
46
89
201
49
739
203
249
702
715
771
518
750
365
798
176
69
273
245
976
515
599
592
11
454
423
631
727
594
850
456
521
588
282
112
876
384
774
546
353
3
504
0
107
725
95
106
315
135
925
960
45
427
80
7
418
207
491
621
840
483
513
338
102
4
264
848
370
836
780
18
74
557
285
748
123
954
362
629
458
150
110
405
470
681
990
30
99
610
891
775
688
5
985
14
267
836
145
594
395
722
71
678
95
33
101
688
874
500
218
401
148
147
9
66
942
702
314
881
840
346
804
304
324
288
84
0
669
445
441
305
2
173
831
294
323
93
6
865
149
767
731
102
122
632
297
45
240
792
876
634
727
672
109
157
610
827
578
964
748
636
992
142
334
914
771
271
840
98
428
240
582
672
96
383
177
636
878
302
926
43
328
763
177
116
115
173
164
81
239
797
922
110
37
527
247
869
795
745
613
722
859
314
19
608
47
198
401
280
374
838
671
509
564
637
121
61
329
312
179
442
466
33
895
181
918
498
188
395
769
847
109
68
925
63
310
87
214
544
204
424
890
19
564
451
888
197
551
547
312
510
907
797
802
447
8
692
150
336
305
335
938
615
51
279
703
523
703
303
141
365
878
218
198
267
985
534
145
122
355
244
952
522
27
679
337
584
150
700
589
830
251
642
66
322
4
343
660
773
653
433
821
512
25
404
227
50
152
381
448
655
841
870
398
572
0
2
595
296
704
20
236
814
980
114
226
953
64
25
299
259
744
299
56
298
230
952
32
149
2
220
419
115
402
531
528
779
168
20
590
723
188
561
82
663
982
24
154
60
874
664
383
147
835
726
811
267
946
45
945
641
68
405
628
175
558
65
966
774
602
982
27
853
6
136
611
698
925
570
614
932
893
349
289
942
464
902
913
437
174
64
4
621
458
22
687
146
997
807
621
724
56
661
468
85
442
198
193
160
538
575
620
517
765
367
79
499
279
115
300
60
126
33
278
184
570
51
45
904
878
179
50
193
184
600
114
338
189
107
41
13
585
231
517
917
729
852
70
606
288
159
712
1
510
918
432
251
276
964
98
49
364
107
920
377
373
514
676
983
143
180
0
789
489
440
660
68
671
19
33
156
11
470
492
535
457
957
41
626
20
204
259
577
916
376
84
786
944
852
128
393
23
834
432
825
265
803
54
428
133
834
390
552
607
659
802
199
469
217
167
499
12
400
316
694
265
166
234
325
366
520
313
169
855
631
12
477
786
187
64
98
426
206
109
837
105
925
434
217
69
742
280
226
947
176
275
737
24
231
779
181
595
955
568
851
883
882
820
811
310
57
276
905
341
310
538
599
592
902
231
264
844
11
396
465
172
711
453
585
327
239
533
460
722
691
315
692
384
596
908
404
22
925
555
883
848
80
591
429
298
506
341
169
266
212
833
243
138
203
981
389
4
272
384
152
669
642
692
997
472
20
162
769
627
992
31
913
1
172
375
804
45
94
397
923
766
866
359
21
622
426
416
51
311
685
40
97
204
984
987
211
561
384
149
578
464
934
479
20
133
854
576
822
115
17
429
771
955
85
495
107
781
989
119
271
686
575
317
49
231
887
905
254
810
949
740
745
35
544
859
0
424
265
253
147
209
268
579
229
66
337
618
497
336
981
791
594
971
843
712
159
173
172
26
637
184
275
785
503
59
65
420
755
337
58
344
34
599
600
170
688
720
746
626
3
651
717
539
777
289
800
554
201
783
556
521
342
166
737
695
118
468
168
74
1
66
942
704
646
749
493
221
907
974
724
736
186
309
860
930
656
16
746
216
734
971
358
853
982
14
831
817
609
239
187
809
476
924
230
898
88
195
344
831
456
336
404
964
201
597
598
757
191
769
696
68
438
767
80
884
654
284
546
748
166
848
467
863
677
814
74
263
209
146
952
292
317
501
90
110
11
458
463
155
626
502
15
339
515
896
683
404
88
530
207
406
736
728
515
510
491
767
38
58
183
496
502
192
844
199
278
737
498
64
580
884
607
359
205
888
27
881
304
238
690
863
395
874
629
242
329
702
129
65
232
379
878
424
241
3
477
312
955
168
90
431
415
719
687
475
519
554
640
787
69
8
3
501
50
286
109
93
804
794
338
5
15
457
388
160
376
874
146
281
267
1
146
704
826
913
569
35
549
48
32
442
165
645
64
33
643
584
509
397
891
922
73
96
394
17
346
823
489
101
776
151
781
882
360
599
191
432
511
161
509
613
562
78
347
409
45
676
655
127
950
684
649
121
190
952
490
125
55
804
486
287
933
828
379
228
649
95
875
800
471
982
485
132
450
286
99
386
611
415
984
289
355
464
437
978
188
649
20
322
320
788
219
780
228
277
65
110
618
371
680
614
916
894
499
413
19
211
551
525
748
346
69
480
838
226
980
61
110
144
84
722
653
894
490
56
128
371
209
774
361
163
928
245
898
993
468
564
784
528
378
342
395
387
780
10
477
229
250
764
19
641
757
622
921
4
997
415
302
790
341
177
299
330
186
756
99
975
300
602
98
809
861
428
906
523
364
834
260
670
1
213
781
387
997
940
46
785
765
813
911
377
678
700
466
4
158
909
195
635
730
743
249
393
273
580
458
289
730
130
435
360
343
16
931
4
388
94
733
303
973
747
816
804
12
995
34
842
11
22
489
373
547
959
175
959
275
487
684
133
195
297
243
93
537
938
477
608
726
251
430
383
70
797
564
24
888
916
746
269
18
814
705
624
67
894
886
594
983
339
334
90
49
51
294
988
766
441
12
476
458
70
286
165
643
248
130
586
835
191
159
379
707
886
90
318
628
791
384
351
12
2
235
141
41
134
744
300
197
460
685
730
862
855
755
0
541
879
317
396
823
994
973
682
137
356
576
758
218
790
196
3
544
316
91
232
921
903
393
148
313
364
699
66
877
34
194
403
880
26
29
427
213
625
114
868
840
296
4
353
950
118
978
417
528
667
324
957
410
610
208
94
953
5
630
810
365
156
696
429
0
575
684
606
638
0
115
519
76
744
371
742
283
3
737
432
434
802
931
291
707
790
93
66
412
384
275
347
370
163
762
74
220
701
310
20
102
601
981
927
826
60
27
934
420
693
39
260
2
273
237
26
331
4
848
41
713
595
648
262
648
758
352
594
738
4
464
260
991
289
982
878
224
863
780
415
260
141
7
795
128
367
842
371
606
888
615
415
116
32
610
526
720
613
144
908
7
178
8
832
643
656
121
312
371
495
426
178
7
36
507
120
975
173
655
662
495
11
961
65
162
654
340
107
992
180
737
240
228
810
625
764
709
909
739
139
721
163
128
545
505
169
603
64
57
12
596
494
140
592
85
366
186
865
951
376
517
426
343
338
835
160
159
270
561
32
939
911
713
890
650
816
879
265
743
475
367
143
752
284
167
940
887
531
794
76
927
545
185
176
111
0
870
157
693
742
449
939
242
27
894
370
933
289
367
433
336
650
187
21
136
409
851
579
332
55
68
700
708
530
0
180
897
238
567
575
26
14
545
508
87
662
310
436
131
741
861
100
874
343
5
448
956
484
146
361
188
880
773
2
519
698
135
103
553
326
903
308
665
904
517
889
81
224
713
941
837
345
56
370
914
191
128
345
372
857
451
335
4
12
10
262
167
865
577
196
65
20
11
881
778
100
13
586
820
121
937
804
34
192
450
100
269
172
61
777
88
888
63
2
26
409
188
653
823
461
327
276
449
1
984
961
272
238
66
151
970
501
916
246
76
160
329
461
86
987
584
157
539
259
946
294
13
404
439
506
772
243
561
250
11
95
931
457
109
349
132
404
30
121
931
684
381
64
520
491
874
376
747
727
798
452
498
55
422
822
206
18
854
645
768
402
239
36
77
289
765
352
325
823
785
683
71
964
148
907
165
36
905
272
529
971
885
479
587
359
408
305
726
729
133
188
972
167
72
994
543
947
445
900
76
500
627
175
736
82
203
809
681
213
19
413
655
68
181
833
376
254
602
534
701
94
952
773
707
403
185
466
295
238
596
793
535
699
58
223
800
403
144
19
250
979
924
65
681
437
653
842
781
299
972
331
943
365
549
562
541
307
669
226
573
691
303
159
42
222
215
785
107
219
999
42
776
702
541
746
294
71
549
354
860
130
630
169
699
943
620
858
175
174
200
834
147
711
585
491
821
252
129
820
493
170
770
790
35
60
512
329
893
261
319
777
743
138
275
711
537
584
668
734
462
267
356
179
837
920
723
197
592
274
594
875
143
658
507
916
219
520
532
553
782
740
754
957
210
293
78
73
931
558
887
83
264
390
164
828
133
835
809
854
249
678
917
122
897
584
595
369
243
428
793
241
374
839
2
724
682
985
215
871
304
669
74
109
164
850
532
502
161
3
952
393
648
40
633
915
793
662
71
589
421
499
164
50
659
85
795
313
362
469
220
987
565
96
732
56
262
0
894
707
570
821
666
732
734
338
175
489
806
10
403
32
974
55
762
814
896
182
966
205
145
250
262
837
409
846
18
278
230
1
635
955
165
680
181
364
448
825
347
71
110
385
783
195
523
460
17
387
10
875
304
919
82
191
578
958
709
515
553
8
3
509
869
129
252
246
19
4
77
813
671
913
753
104
108
759
463
186
283
951
68
781
619
660
800
591
796
244
378
615
745
944
948
778
237
149
186
285
855
183
600
226
244
993
856
197
360
131
630
51
67
355
375
78
577
966
455
32
735
752
148
248
612
521
970
244
133
973
658
500
456
378
799
331
37
546
831
232
322
63
353
585
403
426
861
506
529
419
618
354
130
341
984
946
225
936
288
366
179
2
482
512
253
60
3
3
247
997
242
810
91
125
634
186
596
0
96
6
975
302
529
695
561
350
871
743
747
753
904
812
268
560
572
961
294
476
437
535
547
356
889
710
296
110
193
531
395
841
588
127
49
165
838
896
563
24
33
823
933
556
246
328
267
632
915
367
129
265
653
94
912
218
213
915
165
724
622
599
817
308
407
746
68
568
922
862
739
142
774
67
66
314
44
596
130
118
366
535
410
200
343
212
707
659
385
163
516
654
302
625
26
650
260
311
469
271
495
951
170
318
19
707
856
815
739
416
173
265
828
161
701
21
151
254
365
736
19
676
344
318
48
831
515
982
607
893
191
225
394
185
770
44
950
988
607
465
704
10
441
277
852
747
133
851
359
844
830
382
710
588
807
285
404
496
2
662
745
773
175
151
19
74
180
659
248
101
103
190
41
571
960
915
144
416
635
110
112
524
766
21
464
438
423
839
166
522
174
420
272
92
61
307
528
182
529
954
607
430
6
748
407
934
542
625
790
971
562
465
601
881
46
997
117
1
551
562
84
252
220
522
39
639
1
479
800
369
735
572
899
438
232
473
851
239
508
4
647
687
48
864
881
262
4
797
882
646
134
502
187
16
917
3
9
437
647
953
519
593
20
753
733
8
420
445
759
5
99
611
605
907
795
487
523
935
334
465
388
805
219
948
455
944
861
261
37
534
538
520
325
603
600
751
575
953
461
192
183
669
183
723
913
970
615
76
97
8
915
823
980
393
615
144
905
293
136
416
521
127
54
136
777
476
748
322
429
983
865
508
243
642
712
121
614
658
321
374
924
63
219
970
154
32
670
437
45
595
793
660
757
28
18
838
442
18
215
786
846
37
64
326
359
787
392
240
62
298
501
701
44
526
606
911
90
500
284
213
825
503
43
65
142
178
999
339
618
652
315
71
857
766
800
449
702
771
729
495
5
293
653
413
867
899
462
929
528
46
269
571
948
52
233
130
909
111
91
561
79
59
257
837
507
823
379
526
940
879
471
911
24
129
293
304
832
336
278
492
3
481
13
750
277
979
69
649
203
23
316
674
647
90
293
780
743
247
20
888
104
212
425
521
578
828
869
526
744
760
625
262
510
373
301
963
218
184
302
619
818
11
378
141
780
855
924
62
61
763
520
177
237
290
118
721
25
640
591
844
510
260
481
968
79
203
4
692
928
749
113
742
553
640
193
21
474
165
629
240
699
16
99
813
14
154
666
22
471
985
127
193
85
22
328
3
14
77
180
303
151
243
787
484
738
614
955
965
257
144
601
127
779
124
120
371
255
161
699
593
287
173
932
880
440
272
608
604
164
296
776
275
562
651
16
712
32
968
334
590
873
692
517
143
906
106
814
385
374
326
210
185
105
586
859
710
443
428
118
466
377
567
951
577
779
565
791
686
993
294
667
364
783
227
630
616
696
600
299
194
209
804
394
143
574
720
562
279
498
142
757
703
399
278
651
20
114
815
1
63
913
505
668
990
740
262
3
966
197
967
413
487
938
129
285
460
311
45
783
489
153
966
0
370
477
531
559
642
337
442
704
570
813
600
609
651
232
607
690
919
987
450
732
32
571
723
109
494
17
660
1
5
661
439
82
69
409
457
276
576
856
756
515
112
268
334
511
723
565
434
758
261
885
151
569
189
348
718
930
870
833
293
633
843
849
5
234
391
481
632
56
315
754
886
340
423
943
720
172
326
158
513
38
517
666
637
444
511
192
123
357
0
949
571
409
986
788
347
617
726
449
237
311
708
933
401
200
218
403
76
754
671
924
222
136
452
58
658
3
1
228
955
308
246
338
608
753
101
84
936
388
828
179
573
806
896
725
136
14
432
4
120
233
108
605
907
14
899
9
941
125
304
610
790
312
321
840
417
814
426
511
739
281
375
272
701
971
786
346
532
651
821
890
109
838
246
657
402
824
4
923
92
719
631
318
72
823
12
931
933
652
126
156
750
81
729
223
301
772
295
742
926
176
122
354
762
62
309
582
270
271
660
141
392
955
85
952
773
898
97
219
1
3
529
884
359
125
357
561
680
960
1
837
960
374
769
116
381
795
129
961
33
862
225
573
912
591
196
113
757
379
376
124
419
665
208
357
135
590
57
327
113
593
398
596
125
960
622
135
407
791
563
119
442
461
783
399
573
560
458
896
200
944
528
906
721
254
4
846
417
368
759
993
904
632
756
771
990
272
485
743
932
86
311
755
274
184
545
146
964
204
7
320
150
92
245
773
358
871
165
569
598
986
978
645
560
826
595
929
74
616
755
536
879
842
680
743
648
449
854
97
532
209
277
570
750
234
218
585
764
106
33
13
200
21
525
326
654
109
664
756
591
667
935
576
809
575
990
565
847
895
427
158
628
288
63
285
460
236
315
871
657
402
780
524
935
913
957
334
242
427
679
710
72
357
389
541
658
424
22
242
521
343
336
31
178
107
171
676
240
967
74
366
771
925
970
621
232
878
698
269
80
181
960
452
753
760
382
992
155
424
889
5
3
735
541
721
21
200
97
856
606
262
709
528
686
196
630
520
331
499
246
2
368
172
772
642
367
2
215
659
863
65
388
503
205
394
11
374
16
877
657
615
78
397
480
970
351
385
421
295
87
740
106
625
125
614
666
221
632
949
818
129
566
502
807
294
887
492
196
250
451
211
816
899
421
993
865
300
177
572
617
644
831
42
771
976
915
595
966
527
265
243
722
54
510
894
324
378
0
322
846
520
258
259
220
844
252
373
479
793
71
954
787
601
241
965
523
65
961
240
59
916
624
185
532
11
219
540
839
76
304
508
642
462
25
327
6
206
447
316
384
491
614
682
482
993
162
302
46
776
152
315
436
724
377
34
431
453
95
337
599
933
778
956
22
400
229
332
727
615
363
688
55
967
66
83
157
526
381
91
627
0
985
269
108
778
4
187
516
848
417
58
689
694
760
695
397
643
60
385
740
271
192
408
776
541
255
467
890
131
664
714
137
55
487
260
39
474
316
708
221
292
679
432
293
354
747
608
560
270
55
26
609
39
750
888
945
670
22
252
871
173
101
363
995
748
853
95
481
2
725
190
241
892
23
551
238
393
764
72
40
798
486
7
841
997
303
4
162
678
657
20
521
291
761
809
576
94
234
710
667
231
534
332
931
762
4
367
743
144
141
707
858
414
329
605
292
991
289
258
30
989
766
202
995
992
409
647
63
717
449
605
770
33
35
738
478
97
992
57
771
574
947
735
372
777
151
591
27
493
340
388
189
960
349
962
38
788
776
303
163
272
202
552
937
737
253
515
873
919
348
656
137
239
565
142
680
406
304
362
63
892
762
792
467
0
973
173
894
330
570
453
34
113
598
578
548
374
10
70
444
676
890
104
430
742
106
80
394
537
488
436
458
796
19
848
444
839
221
344
599
214
116
735
640
44
491
778
359
971
519
479
128
294
689
293
557
163
122
525
988
133
405
173
38
315
243
35
288
707
285
686
291
795
141
333
105
360
601
257
261
420
492
768
145
645
898
738
473
536
252
520
893
231
157
300
212
329
237
739
790
771
654
435
855
46
99
742
833
175
241
855
67
0
203
531
655
5
454
771
952
736
460
647
910
168
705
625
258
459
468
229
630
15
961
155
328
609
704
179
233
145
127
248
571
420
468
551
429
320
185
821
130
995
50
848
850
140
91
454
10
979
634
772
956
93
545
632
734
98
380
837
599
234
867
807
690
112
139
754
38
356
408
862
194
312
63
622
86
225
280
0
263
161
369
456
147
182
184
732
824
35
183
485
847
495
745
898
10
113
39
471
139
259
795
387
736
40
941
122
598
812
955
286
798
138
351
531
998
374
535
756
245
176
542
547
982
179
620
73
684
704
267
246
310
542
224
147
670
477
359
813
728
618
45
898
912
385
752
948
383
260
749
775
344
145
354
162
323
532
411
636
541
249
491
483
525
893
556
18
556
817
858
372
161
289
324
479
478
712
98
653
715
513
945
298
732
72
229
289
966
778
544
610
439
2
86
426
203
844
849
974
490
389
244
845
955
416
127
38
53
409
557
649
824
126
598
487
613
944
126
178
565
61
355
760
498
873
365
613
998
803
770
73
346
42
932
768
498
170
184
420
749
460
403
159
895
487
286
39
823
904
512
768
68
61
181
642
663
554
255
989
190
389
47
743
297
487
324
995
984
441
968
367
964
151
966
327
412
636
50
978
669
844
687
600
172
291
737
4
75
391
822
291
582
453
777
795
654
578
760
890
317
686
624
252
410
242
636
957
932
892
274
315
250
262
573
111
680
106
893
100
638
323
75
1
142
892
530
460
636
607
634
5
506
474
45
405
246
163
88
285
694
536
59
918
288
358
676
507
113
204
32
161
282
475
934
419
259
221
771
668
463
276
205
774
589
767
622
415
804
530
137
147
588
841
569
152
172
738
295
15
439
911
313
818
432
131
447
291
568
571
361
734
8
428
499
298
887
707
568
661
26
414
158
107
717
746
16
15
684
211
15
750
19
1
589
549
428
681
289
62
456
115
693
561
823
180
920
727
751
296
735
479
367
367
252
878
107
413
905
153
48
381
149
533
7
697
405
576
603
483
885
587
899
328
223
980
105
789
792
809
228
210
98
619
277
494
816
190
813
939
320
235
525
39
45
966
916
41
988
11
233
942
472
72
939
961
976
327
774
490
812
245
484
708
5
59
82
182
222
156
77
619
950
37
875
121
490
912
419
796
285
835
888
880
482
502
763
335
635
558
150
245
832
40
420
542
440
130
466
402
727
597
976
957
533
395
845
586
443
441
367
907
873
997
19
888
452
456
60
132
711
28
342
70
106
531
354
598
471
372
102
25
941
33
20
246
657
92
19
52
344
559
902
417
641
478
597
384
403
251
501
268
472
545
753
892
268
930
235
141
519
91
801
11
330
118
3
317
502
978
258
53
672
68
406
47
816
701
251
429
107
91
577
921
561
401
78
872
292
298
752
551
509
172
247
196
962
527
781
15
838
698
312
865
895
927
1
621
421
27
598
333
508
791
876
669
543
946
393
523
15
796
341
619
710
760
629
42
897
76
284
672
807
628
215
40
985
267
879
171
179
224
46
147
817
144
892
877
932
109
149
857
845
639
328
822
724
199
565
190
188
8
480
629
439
67
585
830
151
182
303
460
937
88
846
741
226
797
802
274
5
279
164
48
108
797
644
297
259
413
281
578
961
402
107
550
20
141
106
994
1
34
210
328
250
350
213
12
917
200
342
3
238
698
774
562
284
413
64
872
123
653
482
635
364
132
211
752
503
820
409
258
131
297
669
465
511
354
524
235
930
728
795
24
902
51
785
359
184
932
248
723
691
295
169
738
999
655
138
771
251
422
757
374
65
900
457
799
54
505
658
350
81
263
724
394
369
70
904
723
966
988
85
2
719
255
3
394
656
35
914
842
865
778
71
975
875
595
25
645
989
906
916
945
464
119
513
84
475
203
840
225
750
163
667
401
175
143
106
23
63
763
67
127
955
395
969
199
26
802
493
408
424
790
837
76
561
275
652
855
99
698
890
668
280
453
138
22
815
500
967
0
572
476
226
566
357
98
888
170
182
311
270
266
958
473
281
998
113
957
548
198
970
389
112
384
565
951
455
165
534
921
381
919
607
970
879
3
138
278
247
785
644
446
633
601
283
826
845
306
298
405
323
159
945
300
509
959
565
94
125
639
124
659
310
233
347
917
738
232
31
241
781
673
33
388
246
431
114
345
113
819
460
887
821
0
3
754
2
773
153
123
673
824
213
656
113
974
785
672
291
763
698
48
401
764
828
301
136
889
258
678
3
8
562
101
335
510
501
533
800
707
897
549
188
256
109
612
585
999
39
405
444
568
65
847
190
714
950
456
779
109
512
70
277
89
478
740
981
838
64
221
867
3
62
93
395
780
362
357
624
2
450
907
525
969
37
910
774
465
603
30
43
87
455
834
607
583
269
248
712
524
64
29
312
315
14
165
516
393
228
180
134
776
970
751
103
80
963
84
946
153
534
125
959
123
356
305
730
153
274
337
417
176
759
68
431
831
88
690
805
714
171
812
330
470
7
74
139
386
590
50
909
84
912
849
403
852
428
455
941
739
319
665
916
836
395
710
375
439
703
787
587
631
587
893
22
585
30
889
573
30
225
306
32
65
221
348
543
704
354
656
406
465
453
161
861
113
277
270
59
70
456
759
684
129
418
686
400
237
153
719
844
470
749
690
393
896
575
46
392
703
720
334
695
935
668
567
70
619
668
742
574
300
306
442
10
861
143
386
318
649
299
615
62
672
951
929
441
841
215
613
33
410
527
451
147
519
832
248
206
963
555
632
155
950
534
47
922
13
453
945
537
656
320
792
180
564
11
476
610
919
870
670
717
786
129
857
840
920
879
510
893
34
432
826
701
91
360
683
257
798
551
752
388
238
115
157
165
844
153
100
434
127
307
33
891
845
597
684
937
654
646
220
52
741
582
329
247
752
100
296
244
328
480
106
473
880
124
0
767
783
749
194
335
880
949
1
825
652
999
852
121
210
505
13
85
496
685
130
711
26
95
32
789
328
937
256
852
646
274
606
243
627
129
249
583
385
646
485
356
606
803
14
34
120
347
617
561
388
255
41
51
634
814
36
0
504
470
11
725
354
50
319
595
888
241
4
346
128
0
483
155
533
318
261
671
316
395
675
865
78
629
26
765
263
77
924
115
729
773
24
515
322
117
156
773
5
869
751
596
618
80
641
903
463
817
242
731
907
628
96
791
600
452
600
623
178
872
253
20
988
982
217
178
259
41
450
849
14
65
1
691
104
115
98
522
26
315
94
90
14
399
772
26
19
303
466
984
934
382
214
133
880
160
876
724
629
555
228
984
316
259
833
435
799
87
360
480
283
29
11
808
968
916
367
762
168
241
590
100
806
166
28
880
976
399
253
517
60
431
638
578
337
696
108
454
727
989
304
784
567
398
149
746
859
380
587
183
263
150
432
693
441
702
81
187
726
743
176
307
22
861
832
621
685
459
633
519
519
983
644
309
975
486
619
219
978
671
297
340
36
537
960
513
146
476
746
28
646
456
242
3
990
206
824
297
445
141
376
353
838
636
604
656
23
348
86
128
195
983
580
499
378
732
800
421
82
7
620
886
536
747
610
380
872
744
27
306
717
908
305
50
86
817
462
550
519
15
504
122
602
161
63
835
959
165
269
469
610
255
242
773
149
180
158
530
420
326
398
338
275
961
418
483
850
347
115
636
189
412
922
437
488
791
78
558
163
220
807
879
185
663
674
89
628
375
1
825
637
104
191
731
45
293
407
842
439
318
0
722
921
738
976
638
662
431
297
787
912
127
226
61
123
120
630
740
482
455
660
977
151
2
921
833
183
576
510
399
594
425
997
309
479
123
557
58
71
203
963
73
110
15
459
941
478
2
675
225
464
568
469
508
840
856
840
632
861
20
429
897
874
834
36
528
466
215
435
231
509
499
126
78
511
779
571
499
562
486
976
492
291
428
579
132
30
625
331
383
452
813
350
381
343
680
301
584
356
143
746
474
465
170
684
393
753
700
112
928
526
311
676
387
282
978
170
423
154
14
843
63
217
572
490
16
727
564
51
874
25
104
588
453
965
176
716
660
47
69
569
548
114
876
852
981
593
486
378
887
327
499
240
426
178
393
285
973
562
93
449
495
46
9
336
216
979
161
14
405
730
66
99
505
290
897
610
10
291
423
377
760
707
768
911
132
355
415
34
532
661
309
50
135
16
689
235
51
615
860
803
817
8
879
105
415
174
462
488
850
162
59
922
949
142
592
48
0
153
944
848
30
951
9
69
971
637
950
9
0
525
709
487
104
545
746
312
226
126
317
644
465
86
528
79
901
262
443
490
376
438
474
806
845
319
270
992
510
222
289
58
208
668
439
808
313
664
47
74
704
958
286
674
680
149
710
439
524
984
65
731
891
862
983
612
120
270
23
454
817
786
233
321
364
72
668
520
290
319
891
240
266
513
495
371
222
83
33
483
318
864
501
414
650
828
936
117
189
304
859
183
9
819
522
62
854
316
526
206
430
759
951
420
443
351
302
303
884
575
246
757
14
979
419
153
953
951
4
258
546
122
324
611
789
424
477
122
247
261
558
575
294
772
879
173
422
6
217
520
78
786
630
783
993
810
509
809
875
888
127
379
720
349
539
660
880
393
5
208
11
835
555
661
59
596
724
632
643
747
446
695
498
468
778
370
314
936
392
250
961
114
126
238
783
242
418
470
551
498
585
643
512
46
342
415
882
97
210
767
602
316
30
334
534
9
393
254
299
350
9
516
710
858
483
420
130
697
872
611
306
637
434
557
808
277
230
234
718
823
431
617
420
946
120
498
296
749
300
750
363
45
444
540
428
266
34
354
879
566
402
957
26
48
932
55
110
166
38
20
727
294
945
33
4
515
561
898
254
428
176
494
934
225
630
668
382
506
440
101
580
234
162
61
544
855
302
521
398
52
144
78
863
980
82
445
746
119
615
798
659
937
188
161
713
505
374
976
469
81
48
448
701
913
363
734
605
560
577
812
669
725
35
15
333
780
902
425
166
722
402
121
17
913
751
601
89
3
26
149
856
71
935
3
3
178
423
800
287
180
575
762
868
768
889
867
397
367
530
51
649
660
219
959
814
128
220
267
568
318
34
207
222
201
82
84
359
659
233
844
76
426
879
152
897
975
459
103
306
2
662
875
387
491
727
529
897
6
32
783
992
561
627
732
994
637
951
35
101
930
256
346
162
258
588
57
185
675
64
987
21
359
167
84
742
3
467
47
738
220
190
514
67
110
697
102
9
108
70
311
341
283
872
571
193
677
531
220
98
21
534
594
490
111
256
187
42
997
620
175
452
123
812
510
538
11
406
791
758
449
85
922
316
493
683
558
676
32
55
799
243
895
858
697
36
48
211
570
737
439
2
715
309
3
365
664
819
377
288
5
305
4
979
941
320
599
724
927
583
29
464
176
204
307
254
824
767
734
472
807
818
289
396
967
496
777
527
28
976
492
739
60
125
78
987
4
439
320
355
843
180
678
994
517
721
978
293
818
388
885
99
146
218
417
651
690
815
187
675
295
225
150
360
793
750
155
748
534
227
271
417
605
848
246
10
433
998
337
335
471
632
843
233
521
161
189
359
718
739
101
669
456
177
425
782
3
318
450
267
215
302
860
897
235
442
876
369
541
863
633
942
699
838
382
307
366
720
836
516
151
416
4
758
772
86
418
341
299
805
48
3
578
328
478
66
606
171
44
29
572
160
435
151
691
781
257
760
110
553
284
128
92
784
148
459
478
247
929
17
594
688
913
45
302
398
911
992
880
734
740
135
323
289
263
714
409
906
732
491
108
974
113
821
102
916
542
931
572
66
801
193
554
498
980
742
908
55
254
376
732
807
654
539
708
365
908
104
332
437
766
4
823
134
47
396
774
545
536
25
534
543
793
405
809
795
603
401
834
369
518
581
883
891
48
652
216
675
263
958
797
160
708
78
259
921
536
484
941
439
243
280
391
335
91
543
33
857
89
896
7
192
355
349
271
207
655
714
476
696
103
131
278
438
172
670
2
377
532
798
828
242
246
0
190
125
105
767
282
606
895
240
22
342
329
155
740
14
115
819
576
213
679
566
752
282
328
55
635
455
2
837
667
409
541
578
266
371
288
5
685
84
218
679
521
907
370
271
182
447
321
104
920
75
296
582
202
563
960
833
84
905
310
427
150
3
755
351
676
365
913
757
313
100
326
552
330
758
415
133
639
355
479
692
652
30
192
954
125
34
787
40
809
31
3
192
522
861
29
255
77
821
21
665
547
65
428
478
521
595
666
244
826
325
515
994
492
160
699
647
139
807
270
805
550
42
647
433
30
16
559
765
444
332
319
382
387
255
139
11
250
991
634
975
166
950
104
714
601
455
63
632
819
48
339
668
649
386
453
883
573
168
609
568
634
384
180
599
212
948
251
365
387
370
962
474
202
77
138
83
605
15
529
520
47
898
773
101
19
4
715
549
869
217
24
273
669
620
506
543
648
337
415
777
26
68
430
73
893
448
116
171
9
622
196
709
89
247
324
186
847
468
582
361
624
771
496
292
806
472
271
749
119
675
262
985
985
33
689
200
737
429
299
192
776
692
187
300
834
397
578
999
64
475
658
403
526
620
794
879
369
990
902
433
23
111
122
65
298
987
90
104
648
653
608
552
704
130
660
5
824
381
737
694
508
943
444
669
31
40
839
405
536
382
947
118
871
603
551
384
238
936
51
200
155
21
338
176
880
3
321
41
245
479
152
46
296
46
260
832
952
236
744
471
289
5
3
270
807
91
673
757
569
434
986
75
913
285
117
549
946
933
101
233
235
881
32
69
206
17
318
3
248
890
918
41
307
328
647
832
232
651
756
438
737
257
149
846
199
936
356
609
4
943
583
603
34
51
59
789
478
208
391
864
22
357
118
896
787
740
73
387
730
219
939
349
875
161
371
330
879
620
380
487
941
997
15
380
332
929
769
753
741
772
88
629
37
206
321
188
383
176
200
61
503
11
26
724
843
245
534
391
81
353
266
477
221
156
326
30
942
336
140
38
5
859
753
370
893
546
19
216
192
305
897
620
703
150
12
191
0
166
3
785
481
479
656
154
530
118
677
699
143
248
116
503
94
770
49
19
394
562
163
295
325
589
82
661
796
855
216
634
920
412
927
326
880
244
154
66
856
252
851
510
41
32
445
594
43
765
900
669
12
170
448
8
983
902
23
474
411
877
387
385
35
491
452
223
13
293
442
130
806
577
942
660
67
984
662
581
487
160
335
188
370
9
755
424
318
647
4
102
203
248
844
492
405
454
580
730
605
206
827
647
440
837
440
866
216
306
975
513
83
391
926
722
641
889
392
758
278
960
442
69
915
830
868
493
268
342
944
68
562
810
708
457
2
566
434
497
652
33
798
486
56
665
322
850
655
921
89
622
148
717
628
517
236
605
100
164
16
712
790
992
217
808
684
946
887
793
130
832
72
655
638
227
354
495
821
488
931
475
209
594
463
200
518
171
407
805
176
482
385
637
707
93
611
622
903
440
138
267
413
151
200
807
972
847
916
479
508
142
244
88
231
68
188
615
628
916
281
821
288
377
400
291
844
278
452
945
525
729
134
528
877
313
993
178
896
484
792
474
430
594
762
366
64
575
545
989
905
532
826
19
381
224
320
108
138
407
888
610
351
142
104
746
837
764
936
116
792
559
324
193
233
862
954
459
903
271
210
404
139
772
357
495
109
303
307
646
321
726
546
33
29
586
453
780
100
905
998
843
174
719
562
714
219
771
526
593
348
992
819
178
606
251
5
951
713
260
4
392
65
611
3
575
676
816
198
8
563
14
201
103
895
901
187
45
388
63
303
173
234
402
718
601
393
684
289
525
782
41
60
987
652
899
119
553
714
189
100
667
8
790
195
209
273
85
891
918
64
562
193
309
295
344
442
151
26
953
3
810
855
886
651
844
887
785
434
542
306
692
320
219
629
332
876
924
336
0
858
453
682
424
92
551
25
906
14
389
550
234
262
440
217
674
375
481
736
510
58
804
94
305
925
73
591
640
47
82
740
442
334
662
232
488
756
546
700
123
575
885
92
186
221
523
358
789
331
359
338
568
30
526
368
357
438
44
449
825
845
939
132
932
8
793
280
90
747
775
545
368
871
320
861
415
579
184
64
46
586
32
876
510
270
720
331
155
189
301
63
491
397
494
84
145
667
156
934
182
185
251
714
95
19
4
22
727
175
104
267
200
276
711
1
0
550
190
84
991
304
894
554
88
7
924
166
516
793
114
481
892
774
107
204
653
699
14
487
969
516
361
639
801
798
126
996
159
0
179
120
941
336
31
756
169
26
54
338
412
260
529
118
531
26
30
244
719
827
810
748
808
64
545
106
522
839
851
480
861
835
319
5
265
867
107
66
76
11
400
527
914
940
100
416
132
207
225
308
91
82
214
325
622
998
481
628
6
49
965
121
12
532
555
351
976
796
319
793
912
937
98
135
899
379
144
247
882
917
8
21
436
377
678
137
265
539
716
80
539
178
94
5
150
675
775
774
864
78
108
295
324
896
320
545
454
420
734
340
157
25
329
236
952
199
999
305
570
487
663
107
81
696
815
113
197
403
22
703
96
984
738
359
658
606
152
617
332
514
534
816
973
9
996
214
820
524
586
390
420
236
2
228
2
555
61
182
605
861
404
287
146
708
593
581
388
857
584
548
507
932
326
13
541
702
221
375
163
603
219
774
59
368
165
139
522
621
53
879
266
921
57
578
308
259
333
28
535
364
467
527
344
488
839
758
240
173
216
101
952
0
490
971
236
48
20
417
329
211
548
91
733
330
702
475
148
76
676
745
894
343
271
156
480
477
228
518
236
382
24
505
951
290
24
874
637
162
8
996
40
300
470
373
985
70
313
167
46
66
308
261
924
800
529
361
529
602
814
342
883
665
350
49
86
15
115
639
726
190
420
549
59
300
437
197
2
932
667
702
582
558
617
417
3
899
360
856
66
327
4
512
238
267
252
298
893
199
566
950
315
288
13
291
305
581
461
607
358
857
720
229
317
871
532
3
44
169
251
804
515
943
641
472
138
566
548
88
952
87
771
370
374
937
790
909
451
284
23
318
560
543
928
829
829
315
575
614
631
49
208
158
32
878
739
670
706
63
253
161
885
809
942
130
164
983
241
453
912
262
572
300
117
87
339
35
367
257
919
24
89
33
670
567
830
657
232
411
12
308
211
678
573
449
501
693
391
655
768
185
915
16
362
10
404
568
157
418
410
816
280
99
880
177
833
989
113
803
650
852
207
156
69
795
80
737
443
206
209
471
404
733
840
117
798
725
815
188
424
61
53
901
757
595
66
7
19
0
962
309
215
532
772
524
996
469
74
961
614
14
242
742
19
969
421
438
589
127
436
796
4
778
977
320
33
584
895
487
748
262
797
97
579
418
557
928
16
21
313
131
883
677
726
224
64
83
355
238
362
869
102
571
994
362
138
636
32
410
518
278
676
77
520
977
981
192
951
615
411
588
795
215
671
216
629
649
298
448
193
286
762
482
153
705
195
714
999
798
164
69
567
191
895
917
537
47
760
635
444
293
549
121
329
83
964
935
432
866
169
82
66
828
232
501
272
988
132
574
91
371
132
534
681
842
566
923
403
506
971
804
426
3
296
204
274
992
296
102
97
740
400
302
680
290
751
250
902
332
808
4
494
258
895
379
780
69
910
27
583
249
115
4
1
597
794
227
922
783
874
227
803
952
200
639
276
273
114
849
22
623
821
556
741
497
673
704
858
375
384
697
353
385
194
207
702
262
517
231
221
5
303
204
614
269
262
77
287
631
141
527
706
784
501
481
556
83
138
321
441
335
117
653
559
802
394
737
601
146
328
518
828
701
681
540
878
894
300
302
457
127
839
83
178
103
556
162
96
154
445
765
262
15
45
699
285
585
650
287
202
244
853
238
163
166
136
152
910
794
950
136
183
868
536
635
522
73
443
892
31
186
179
428
133
588
480
474
436
679
548
490
753
126
82
830
5
607
407
250
454
33
395
33
915
218
608
726
204
442
84
551
990
753
364
710
107
135
776
202
531
923
87
144
632
94
343
864
295
197
894
333
501
197
805
708
55
941
81
198
423
161
582
492
386
90
833
569
356
102
4
755
276
360
25
443
294
630
621
800
384
166
777
33
730
947
398
486
484
2
3
398
59
511
950
808
74
273
773
746
202
212
577
541
779
615
110
640
610
338
651
104
254
401
592
14
40
524
295
896
172
483
960
1
893
62
58
279
594
663
580
16
859
999
789
882
248
951
912
879
16
243
106
943
668
4
144
766
142
82
0
73
492
912
540
312
208
486
719
244
317
479
246
999
520
166
493
136
312
5
527
538
180
450
792
355
213
600
412
74
103
622
238
3
61
51
367
910
813
244
61
664
103
919
190
907
459
313
65
80
623
180
340
543
535
0
434
730
462
495
14
636
824
597
221
854
464
570
781
560
280
171
249
364
759
336
127
485
572
660
866
688
653
910
293
969
215
455
509
791
12
675
674
300
113
864
651
55
22
168
632
386
383
290
796
183
221
493
265
211
356
21
291
971
425
491
592
570
680
695
229
432
165
919
742
715
265
738
700
386
874
914
740
786
976
724
616
907
689
364
425
698
84
935
331
10
939
257
649
588
532
480
385
135
131
840
662
518
469
419
464
931
347
719
419
566
656
103
825
52
164
620
335
786
150
585
903
399
0
596
180
52
319
831
523
118
254
386
552
748
98
664
641
326
507
601
492
618
42
1
869
32
624
976
59
144
72
754
694
644
914
402
179
101
535
170
454
486
85
205
515
382
138
435
256
5
516
408
58
524
890
643
107
93
673
773
732
173
667
286
371
158
354
577
39
504
848
371
231
494
306
841
296
366
455
166
20
534
782
908
631
939
106
387
67
413
4
28
423
179
765
13
729
831
530
350
480
656
152
954
879
643
861
173
777
101
250
7
797
807
100
611
570
955
942
920
601
200
471
216
452
943
777
305
541
548
338
221
327
542
122
992
193
344
870
514
591
572
282
63
8
46
752
538
882
938
921
570
922
30
719
229
588
797
829
816
13
79
112
136
409
753
948
96
559
461
564
764
751
747
903
141
4
716
824
657
737
156
467
462
429
223
417
309
393
217
219
323
430
716
199
415
236
149
947
741
312
374
966
866
595
368
964
493
94
21
59
650
73
439
435
750
152
79
538
493
428
323
74
10
587
838
141
436
865
318
529
64
946
227
345
1
688
971
869
270
621
585
874
499
146
394
799
775
519
526
132
343
484
406
580
86
447
700
388
397
103
280
683
462
45
515
494
666
113
710
151
557
672
906
860
130
272
796
882
90
434
480
128
345
572
745
257
826
45
551
595
705
783
805
268
491
884
16
554
689
778
783
893
687
267
123
377
591
881
319
657
714
937
387
783
379
926
465
732
224
0
447
370
118
818
748
794
707
905
953
678
956
760
372
212
119
25
200
165
250
626
548
474
419
651
563
89
956
720
77
493
62
157
437
21
201
500
798
155
30
759
643
263
657
992
80
437
143
583
791
376
626
102
533
133
888
535
136
4
155
440
750
432
540
827
544
707
635
881
362
451
389
75
915
917
188
337
915
253
781
576
785
208
59
836
9
118
728
614
617
977
234
446
387
330
283
66
884
576
239
143
986
144
941
533
497
319
943
614
197
440
293
467
280
15
966
90
475
618
905
594
515
950
722
173
695
450
304
786
390
131
882
481
159
976
180
26
66
271
726
194
349
885
673
938
982
337
655
800
4
58
818
786
896
484
986
994
557
413
4
579
742
879
390
706
118
869
805
137
75
33
304
822
19
653
495
118
997
960
700
272
606
459
528
879
154
367
147
232
857
100
937
34
33
435
432
949
645
909
243
995
996
26
106
3
728
4
944
110
459
568
225
716
488
198
380
220
855
942
329
65
377
838
258
298
344
809
439
795
951
576
330
572
915
984
744
499
680
693
659
449
824
455
241
456
30
207
450
682
601
684
701
64
925
692
830
259
70
256
579
430
686
1
760
800
944
651
776
166
284
29
818
772
230
152
469
614
677
283
848
183
457
897
933
521
608
271
887
919
242
3
926
958
323
96
250
375
556
814
861
474
182
821
320
779
808
209
128
319
570
2
10
901
349
170
280
744
69
14
183
962
290
235
86
304
9
324
918
557
101
646
99
286
450
673
330
617
43
247
260
630
102
196
103
161
317
921
643
638
350
371
858
119
664
721
549
295
279
631
365
123
603
235
452
938
619
797
314
941
15
889
346
970
620
530
327
33
715
579
519
566
634
541
748
551
73
141
865
510
980
919
483
308
387
472
65
849
974
396
19
408
980
491
10
936
769
583
234
382
623
74
331
421
548
511
210
259
583
890
438
106
296
203
702
547
890
579
503
56
1
486
766
418
408
61
700
274
812
157
234
15
520
44
281
544
968
304
115
914
942
124
640
15
580
756
978
347
344
200
82
868
28
329
31
392
306
192
979
950
973
833
247
60
881
658
353
224
275
665
723
387
191
951
56
417
212
119
397
332
145
12
924
289
953
826
725
3
239
628
969
26
635
174
104
142
178
772
167
122
692
742
12
896
455
912
63
493
296
199
0
858
271
649
67
435
5
752
652
835
838
814
377
651
497
621
43
128
783
903
462
154
503
416
16
498
111
704
521
26
189
413
827
239
511
323
489
846
146
632
37
239
543
943
742
768
934
953
515
666
578
398
252
149
465
862
26
198
586
268
846
804
944
0
673
254
804
568
665
380
181
416
499
199
492
982
896
959
594
596
772
124
268
397
819
894
529
809
759
940
883
724
230
616
866
539
382
805
170
636
541
678
179
4
957
431
597
495
595
464
569
24
91
328
626
507
650
110
392
881
154
239
289
142
373
748
968
634
337
114
813
332
243
711
112
943
619
131
47
151
323
365
767
94
435
406
982
57
481
612
136
460
639
258
216
925
472
586
473
194
304
582
237
267
503
562
621
160
552
884
516
91
362
533
979
444
64
746
19
149
258
967
226
533
59
250
550
976
29
671
777
504
963
921
878
291
516
16
457
245
545
731
168
140
894
257
899
946
156
990
850
551
5
873
364
266
702
771
87
184
102
593
563
209
368
912
947
376
209
949
961
641
582
308
199
957
473
35
93
899
293
534
935
237
851
603
517
575
221
528
904
456
154
301
198
816
4
306
593
670
786
835
258
653
549
219
19
922
653
514
5
667
4
382
184
550
870
653
637
199
649
379
279
568
555
73
973
91
676
844
207
355
276
582
210
387
90
630
925
797
520
389
583
948
5
539
20
579
232
722
202
4
341
478
3
900
441
482
865
335
819
351
38
180
668
18
627
677
181
375
80
830
47
435
140
135
726
691
94
377
119
450
845
157
429
82
855
123
71
688
318
1
955
604
140
925
774
606
973
159
71
623
562
214
456
961
421
601
226
959
545
20
5
686
535
845
476
759
830
868
711
161
553
560
124
606
903
757
128
453
299
787
922
203
191
317
135
160
320
264
126
900
778
663
415
481
670
418
585
753
3
554
15
577
881
578
461
154
837
102
398
