584
660
475
59
395
66
955
82
45
510
130
318
3
556
742
309
5
407
534
236
231
722
45
481
217
300
523
129
700
12
31
594
607
636
75
825
961
221
508
817
26
620
487
4
170
851
221
356
653
397
880
130
195
718
612
73
783
4
217
0
365
649
255
139
0
743
210
565
39
5
30
247
84
241
824
270
4
4
783
343
8
708
45
694
14
268
32
851
10
794
474
131
155
7
230
698
846
15
117
803
84
243
519
138
226
978
265
144
5
5
5
3
3
495
355
913
422
199
858
45
555
121
3
577
754
48
493
166
830
65
243
375
712
190
19
886
116
243
653
33
21
200
866
329
4
344
863
466
173
615
698
236
192
589
58
1
335
151
543
337
127
79
3
175
845
2
919
38
34
239
777
965
754
744
671
132
157
2
200
764
957
893
624
582
44
774
284
935
5
566
235
145
441
127
900
704
53
407
532
88
841
166
826
527
90
70
540
208
475
727
50
0
873
709
84
251
495
401
952
885
136
925
107
58
835
760
3
447
26
981
806
576
299
520
376
288
245
183
113
894
631
45
840
91
169
433
879
512
377
90
338
39
118
992
197
434
105
293
448
19
265
22
747
326
64
72
53
826
951
383
705
791
186
542
654
261
748
287
421
760
310
579
194
874
295
11
22
200
89
516
348
250
147
207
86
667
756
54
426
605
450
940
548
723
964
781
678
770
651
456
103
232
43
984
598
301
161
404
759
998
148
970
999
165
526
15
882
152
966
983
958
373
215
385
278
84
265
524
318
13
746
818
823
118
486
734
2
215
557
401
585
963
2
2
870
989
185
48
24
783
267
995
884
454
22
484
11
746
4
816
974
594
334
4
861
511
504
578
10
154
603
14
26
20
51
6
115
290
250
361
25
503
46
1
783
62
542
136
861
4
698
670
175
615
50
504
920
814
654
806
95
734
809
4
978
394
323
5
519
846
698
312
606
606
502
505
767
673
827
460
971
258
178
27
146
113
147
178
362
797
130
628
129
120
102
84
279
92
298
922
832
721
349
296
191
803
12
466
955
0
4
488
368
880
715
7
677
107
568
356
344
22
432
793
773
375
930
13
20
967
178
55
993
740
66
707
609
120
276
997
329
264
203
139
221
801
4
864
400
0
329
20
800
64
127
614
78
777
510
4
949
698
14
552
423
115
234
33
643
91
404
199
977
942
238
617
4
298
14
4
883
291
219
5
728
520
11
4
49
696
448
692
240
84
883
393
173
826
101
673
791
0
363
529
443
734
477
16
386
379
937
626
994
11
82
515
336
163
565
36
641
334
689
795
661
163
4
4
512
575
775
453
406
1
209
318
242
19
361
188
31
508
85
3
366
55
0
0
97
96
961
448
182
674
140
415
42
392
22
118
135
768
935
33
838
106
415
262
79
3
137
703
457
733
47
335
466
259
924
110
713
0
46
751
367
510
8
21
499
749
810
33
3
754
992
947
64
170
62
502
966
386
586
3
26
264
800
15
206
508
746
86
542
984
318
400
824
445
504
19
529
38
61
621
992
445
888
318
703
534
534
793
614
2
51
49
26
606
5
481
2
251
26
485
261
163
661
12
879
264
160
366
622
298
836
622
251
18
476
712
718
432
833
320
17
856
970
363
924
595
52
2
198
132
554
951
101
166
762
500
822
659
925
833
805
4
16
291
683
239
889
561
709
602
91
674
631
321
732
423
388
399
117
704
800
92
14
229
356
183
66
746
185
570
308
482
90
26
937
29
328
116
63
370
500
343
635
199
65
451
989
822
355
252
833
4
866
157
9
47
69
283
492
743
477
222
666
818
916
746
19
795
873
862
298
677
912
665
207
241
290
174
460
4
378
852
20
972
660
42
417
515
753
806
105
193
32
299
413
615
739
103
950
142
345
187
428
612
253
0
63
390
12
974
654
7
654
865
32
480
21
573
14
515
150
736
869
396
580
636
724
710
363
445
878
130
291
326
15
4
280
27
118
750
266
361
968
872
547
200
831
634
3
61
138
805
610
668
583
418
91
557
874
167
743
161
0
0
150
4
719
312
41
989
541
145
775
114
965
509
803
996
615
778
762
34
821
737
945
576
674
919
305
186
269
564
266
223
779
33
841
491
428
21
933
19
14
65
801
260
3
921
487
988
243
470
319
0
2
919
16
357
516
15
94
490
353
923
289
180
884
93
469
112
696
732
12
94
428
251
389
242
760
411
33
530
442
953
360
228
730
520
228
12
677
14
219
270
100
88
106
533
526
736
78
209
82
667
47
661
606
73
713
742
875
165
0
882
163
3
678
103
91
306
23
157
102
437
310
800
162
278
220
98
919
480
614
38
142
219
4
616
859
101
3
498
844
196
340
33
169
683
110
594
740
9
758
531
333
302
292
596
530
506
118
1
989
317
384
262
376
0
45
45
66
154
413
136
442
7
76
107
390
63
4
925
567
879
635
66
293
112
239
156
843
578
364
490
311
32
941
335
593
897
599
708
129
439
200
329
637
340
691
753
411
1
634
579
59
299
943
350
696
902
254
267
188
371
454
227
358
635
679
330
450
46
650
127
357
487
4
590
82
646
439
744
349
165
3
812
660
947
602
402
216
81
26
61
974
65
29
722
164
649
828
101
225
256
2
2
136
352
625
503
488
126
568
398
56
180
746
132
166
14
451
74
320
977
819
285
485
123
99
273
61
453
680
106
992
383
277
807
166
786
758
427
653
632
766
758
674
468
921
208
74
526
322
459
504
988
334
653
377
746
648
20
307
64
339
18
0
594
844
441
0
434
802
535
248
295
287
795
499
156
104
916
763
91
134
166
687
67
794
376
20
33
11
368
20
608
776
7
156
674
4
95
240
133
78
952
122
417
98
945
106
219
532
564
200
538
34
790
599
179
295
379
670
808
19
994
357
384
138
7
685
672
909
169
545
33
21
203
3
3
951
386
716
691
105
886
756
794
423
19
3
3
856
161
268
762
348
540
682
34
476
695
334
995
633
94
45
884
699
705
345
104
534
199
392
10
828
707
895
728
179
499
789
76
683
161
879
823
212
187
83
1
328
369
3
66
400
349
579
707
787
929
658
340
259
5
486
4
657
344
651
105
336
933
229
516
641
312
684
745
97
21
709
8
748
381
541
185
298
346
45
973
487
624
295
222
51
799
652
118
159
513
351
0
497
360
402
669
17
903
317
274
812
46
722
926
216
989
951
581
248
289
570
32
457
290
177
360
260
740
941
71
502
779
431
20
60
595
595
820
15
59
427
16
210
4
911
719
41
33
251
460
903
609
787
464
11
913
200
944
383
590
339
529
757
815
137
72
552
361
4
3
756
734
442
619
816
47
246
236
400
849
734
3
541
698
199
164
531
678
211
458
504
33
130
10
893
971
42
63
61
116
12
593
395
165
26
308
545
719
487
213
396
370
808
429
326
906
737
36
315
137
55
61
951
765
744
12
265
447
429
954
196
121
961
31
665
32
140
665
209
90
16
73
595
826
274
226
284
293
681
169
987
801
531
63
942
933
165
44
747
287
288
91
8
411
130
183
209
639
900
4
203
141
583
115
184
197
477
503
262
680
816
14
101
318
211
500
617
260
173
533
100
481
121
47
815
210
5
186
738
118
323
718
33
946
11
609
674
542
62
927
875
112
239
71
815
950
355
159
530
224
262
26
63
82
675
732
191
643
238
2
379
296
66
229
467
121
101
892
176
916
442
587
948
158
820
370
738
200
841
874
58
426
476
761
238
8
415
91
733
93
505
15
33
288
8
606
919
56
971
33
932
250
610
262
943
15
600
110
665
149
149
38
539
223
774
64
300
416
263
420
141
759
651
310
192
840
519
455
888
23
896
387
45
4
0
141
19
328
797
175
444
643
192
253
960
521
262
649
193
388
525
64
907
852
223
317
749
655
214
547
0
822
293
2
31
204
231
103
827
1
509
551
286
165
744
222
879
356
308
7
787
261
429
323
617
853
905
234
250
292
126
834
473
229
5
5
833
664
731
779
347
850
20
727
846
34
737
715
942
315
154
687
437
51
826
11
761
889
495
842
373
189
1
59
284
293
333
130
456
570
254
23
73
527
896
299
32
891
324
616
63
201
379
934
118
189
498
859
208
544
835
942
478
628
603
927
16
250
629
69
875
404
648
424
4
430
480
634
807
750
329
551
161
303
773
168
959
959
437
971
540
219
255
873
317
549
572
20
69
324
19
395
954
720
302
282
643
0
871
651
376
476
4
438
848
503
4
678
13
42
532
3
445
187
15
946
94
519
881
830
119
943
7
903
495
746
196
326
173
998
52
922
156
515
509
66
932
667
977
780
524
887
586
260
987
496
278
551
132
178
434
885
665
591
46
49
107
889
344
64
654
19
117
171
873
122
752
664
729
436
589
803
567
293
4
4
787
64
143
245
755
24
933
843
727
757
84
701
316
771
346
486
33
304
806
528
277
192
98
336
93
625
676
106
341
773
819
614
268
521
237
809
46
118
431
101
811
2
66
982
982
4
0
136
166
0
322
332
66
863
367
786
85
778
692
415
387
367
98
458
410
327
510
277
438
466
614
390
696
751
433
113
403
773
234
440
393
388
534
672
32
390
354
971
659
188
46
901
252
115
524
896
0
698
741
337
813
111
298
48
656
884
135
4
146
497
64
2
88
100
113
352
349
327
141
159
4
4
1
490
295
537
249
349
228
818
122
69
620
165
750
105
30
555
908
220
123
550
950
200
724
509
670
13
204
2
22
944
724
213
82
179
84
522
454
551
258
522
647
63
264
8
608
561
190
5
652
755
7
412
557
420
33
300
992
154
668
270
303
261
649
112
766
570
16
350
4
45
3
398
487
843
425
128
539
393
322
201
164
882
64
181
226
465
21
814
680
438
190
610
541
647
270
9
578
716
505
397
626
826
555
765
20
33
140
753
45
126
14
897
68
325
935
139
664
739
914
813
621
541
828
432
24
101
122
0
70
3
260
377
410
593
720
455
65
878
816
368
643
220
2
513
32
102
4
395
3
686
576
760
669
600
847
684
844
704
987
2
452
107
438
19
26
879
568
175
879
980
776
692
4
545
798
44
134
4
565
0
69
211
516
914
445
292
624
14
797
655
8
84
0
656
6
417
537
784
314
404
993
360
200
544
491
945
124
576
857
408
204
548
32
146
165
873
113
878
581
852
183
92
321
560
166
20
65
3
941
318
21
575
509
107
239
33
786
386
100
359
419
20
304
15
779
697
743
211
572
950
32
289
33
755
949
269
106
68
90
32
45
1
912
68
49
858
837
175
765
939
179
59
79
545
722
450
813
848
627
790
5
485
132
455
970
628
942
528
714
11
292
124
83
12
731
532
504
381
781
42
452
292
848
4
790
516
626
915
403
848
492
785
9
244
689
506
22
479
26
360
184
465
793
415
420
65
176
566
15
906
759
271
881
367
610
936
154
185
150
484
404
91
420
842
122
302
122
444
163
45
457
557
160
10
625
310
1
463
966
936
271
979
851
744
3
700
299
165
659
178
45
868
687
112
271
45
68
65
138
4
1
832
469
795
3
32
104
633
515
45
407
5
87
85
516
241
983
166
273
126
268
986
5
905
890
141
59
768
999
664
235
520
357
21
784
912
161
608
3
816
382
453
26
809
63
28
101
335
838
246
572
478
769
121
457
592
333
382
249
123
392
757
446
74
208
438
45
785
410
965
8
386
29
45
776
161
245
349
86
653
74
56
719
845
3
863
212
570
965
748
481
122
8
516
676
321
519
821
732
4
683
307
22
6
152
385
115
88
400
83
463
337
581
554
5
404
167
132
320
507
934
739
139
955
790
722
219
5
943
804
890
0
261
33
636
100
3
3
294
71
645
696
241
623
137
212
410
14
429
934
32
448
307
631
22
891
404
825
572
876
968
61
484
141
279
11
106
9
60
776
786
424
2
131
486
962
366
628
484
88
708
2
353
69
646
351
100
235
39
42
250
74
691
825
297
288
20
467
88
370
181
933
347
743
103
494
96
122
57
33
155
161
774
575
734
163
29
947
910
215
48
15
217
2
303
935
16
15
526
283
435
237
855
749
11
143
486
26
531
576
162
879
13
281
5
510
899
771
885
555
238
0
943
512
38
766
865
271
907
157
669
441
585
968
554
996
517
45
172
475
74
317
969
727
855
901
3
254
972
97
726
168
80
756
786
49
673
461
566
154
592
56
91
281
268
619
45
761
759
902
210
618
161
455
915
19
960
77
663
745
702
172
877
700
104
676
126
211
418
778
47
982
877
133
795
561
325
180
579
534
839
417
890
498
86
734
974
658
151
570
480
597
428
65
801
603
997
242
976
911
4
4
79
741
12
152
679
278
186
49
84
321
771
109
267
226
635
2
955
639
501
234
267
468
91
844
317
205
402
26
85
314
487
84
830
500
143
927
71
544
597
583
432
888
411
878
373
472
16
413
9
161
267
159
103
847
483
710
55
78
118
657
798
612
291
1
32
994
102
555
45
966
900
582
22
429
8
511
5
429
721
731
51
45
407
104
864
8
313
315
996
15
76
974
15
136
865
414
186
302
260
17
20
861
250
387
157
54
166
73
909
163
5
5
97
998
601
745
795
194
282
44
21
744
265
870
3
221
666
63
842
5
0
488
739
838
20
53
340
856
10
619
888
514
318
855
721
15
283
149
350
798
747
61
693
196
569
440
952
755
243
529
0
0
967
933
369
294
461
736
712
7
170
530
914
648
40
657
357
898
615
232
22
218
371
947
4
575
295
584
968
138
886
33
401
113
411
487
877
460
611
5
980
22
77
593
137
326
33
286
3
9
554
476
269
90
328
757
410
606
236
319
946
66
427
329
9
224
226
300
711
268
283
480
27
845
388
130
3
374
910
311
356
650
727
150
213
226
146
489
526
772
610
89
410
450
739
743
573
892
663
738
300
22
752
0
556
293
591
737
5
97
465
559
300
996
4
4
48
166
365
93
326
295
707
795
487
309
673
304
369
229
303
54
857
684
486
216
449
507
648
15
536
119
417
426
518
71
909
658
228
999
999
200
576
357
649
69
354
243
67
234
154
141
509
974
34
691
980
328
123
15
435
353
412
543
7
679
782
715
166
699
987
896
630
219
272
242
82
668
976
148
812
426
7
4
938
240
534
1
27
704
268
627
461
550
601
22
692
441
572
0
166
670
613
437
303
242
429
2
40
28
823
211
0
929
287
22
335
340
12
3
675
419
530
892
505
201
370
394
216
997
904
346
33
690
226
880
569
149
80
555
172
893
34
430
352
899
420
865
270
789
303
703
122
903
842
140
703
627
984
761
543
665
269
873
274
46
838
516
679
951
647
757
664
357
147
27
248
10
2
150
8
111
65
538
853
13
101
517
516
183
144
631
221
21
3
622
282
881
676
321
106
702
270
178
611
585
8
274
358
68
619
812
37
617
844
122
581
403
878
544
723
155
906
142
565
204
283
335
457
45
880
714
231
346
516
0
733
194
913
899
190
221
103
820
528
723
324
835
715
3
180
78
839
575
730
644
569
892
26
34
149
348
880
381
462
595
116
180
685
356
967
396
0
117
457
908
970
821
0
1
127
656
9
507
521
151
75
170
969
722
330
292
840
145
7
49
570
569
233
897
478
179
498
30
611
890
626
179
414
555
810
4
959
203
24
367
295
106
783
724
841
254
681
9
18
530
186
671
267
404
10
670
277
928
765
419
952
816
161
962
13
851
181
822
146
250
0
435
638
288
510
55
175
852
816
499
925
218
391
128
793
29
69
859
857
943
276
228
232
795
134
367
874
21
33
252
440
66
224
15
169
150
632
424
5
941
3
3
440
972
14
150
576
984
343
164
494
14
937
59
162
672
278
762
110
997
656
489
97
262
384
260
88
14
645
224
856
684
76
24
374
459
887
739
296
45
623
250
40
78
180
159
34
722
255
417
922
155
375
876
108
528
939
928
81
948
582
110
801
850
33
786
305
225
878
187
804
336
863
629
344
501
669
32
72
406
3
797
131
87
725
1
525
498
814
860
776
1
63
539
667
428
870
975
265
150
905
970
214
767
44
104
317
26
436
123
523
475
353
54
13
878
160
932
915
174
598
11
555
515
328
605
823
11
319
682
368
276
543
4
580
274
0
115
795
68
831
359
335
520
131
4
256
69
14
306
927
707
3
3
217
361
397
649
5
32
244
57
309
828
543
615
495
795
778
835
576
122
831
921
126
473
984
442
206
0
239
1
544
458
131
94
628
568
166
2
8
3
270
32
140
837
230
793
153
2
273
5
10
8
21
391
345
7
622
294
359
66
68
1
3
1
482
900
417
921
273
541
997
101
643
3
920
256
640
575
529
921
392
4
350
22
3
693
87
180
22
394
436
453
271
286
47
130
470
233
868
547
305
9
950
434
276
31
615
851
151
841
201
852
598
123
315
569
501
156
887
14
271
679
660
15
144
21
246
595
917
12
50
669
840
870
631
285
293
390
663
522
45
796
122
375
858
607
616
489
318
522
355
713
185
33
770
973
33
115
0
580
381
2
19
26
916
20
296
361
11
396
605
980
118
970
258
335
45
790
339
224
975
655
19
163
351
1
594
310
804
130
3
415
603
947
819
289
694
64
520
855
743
449
605
1
73
817
245
343
111
750
319
466
14
341
569
4
407
888
14
506
214
456
293
752
5
195
71
18
725
569
583
551
577
86
73
755
704
195
764
232
490
109
631
1
313
872
906
213
775
46
11
208
10
509
335
0
392
103
419
730
374
444
80
108
729
207
30
704
266
3
123
516
706
0
0
37
920
45
126
420
355
236
293
64
965
607
800
356
903
174
746
284
12
536
426
138
807
19
304
290
4
462
780
398
4
394
21
248
549
3
395
255
546
196
152
71
707
21
976
147
729
540
809
242
348
98
307
11
84
0
974
266
959
300
960
7
182
559
527
19
571
453
677
313
680
647
431
17
646
828
626
211
65
121
314
61
103
628
326
753
756
521
160
26
226
759
5
830
64
427
903
304
343
154
525
232
983
490
33
886
85
951
344
21
827
4
90
3
287
369
162
537
511
587
715
738
9
127
926
586
145
774
854
206
205
868
762
883
676
135
893
629
796
703
861
877
415
929
142
286
641
420
657
600
479
757
513
344
764
719
3
1
881
490
551
737
252
281
661
106
886
492
101
991
462
504
157
56
713
141
943
541
25
127
897
915
350
122
82
320
945
138
704
179
575
98
553
461
440
765
906
959
332
637
28
625
231
600
111
314
288
804
421
912
559
479
291
494
653
99
431
551
649
364
579
173
209
325
289
404
812
179
3
379
764
11
545
851
168
84
984
920
666
280
343
54
833
338
577
110
186
559
407
758
67
162
15
77
313
51
552
148
381
945
86
797
322
63
475
381
128
78
255
287
19
4
217
180
65
504
649
571
149
196
269
560
547
883
99
99
506
847
381
176
872
245
907
897
806
452
219
45
435
859
325
393
512
11
760
46
533
525
374
4
471
873
928
403
548
344
149
41
68
452
149
450
443
562
385
236
82
521
986
944
543
161
426
896
199
319
521
246
82
888
85
955
29
63
822
170
245
494
814
686
100
578
560
302
895
534
195
505
89
173
672
981
492
403
166
722
874
293
450
930
402
745
943
494
917
692
34
781
573
495
401
194
730
933
584
91
614
308
340
546
128
584
213
458
811
152
68
874
179
813
562
563
900
388
514
151
270
607
189
674
176
560
597
985
914
260
865
373
296
591
328
148
567
8
686
0
741
769
204
956
304
930
500
896
981
41
972
218
670
874
56
304
45
98
12
841
607
874
193
806
745
431
534
578
100
942
353
211
728
209
58
69
795
279
520
87
495
923
350
16
335
871
658
277
37
406
865
68
952
841
886
487
917
367
51
202
200
816
496
535
29
571
33
529
145
618
844
675
404
749
38
584
69
378
566
173
975
585
588
3
746
804
572
147
177
213
4
976
501
528
115
499
758
671
9
191
636
213
866
422
810
1
199
293
122
72
8
331
401
941
384
382
450
559
974
311
589
144
4
947
351
397
975
223
284
807
971
374
773
919
266
316
324
119
969
921
532
122
840
809
249
806
873
995
591
920
310
302
232
969
98
33
146
630
90
876
288
172
721
896
358
831
280
312
303
146
676
224
494
57
4
337
597
412
266
778
548
944
59
607
440
102
61
64
215
792
382
73
238
656
197
21
512
760
623
350
9
281
119
22
115
747
0
526
47
154
794
758
300
894
140
166
867
251
508
579
367
515
302
307
175
636
583
641
73
960
321
655
2
515
990
114
157
611
35
123
31
651
831
13
580
289
3
0
22
128
191
424
276
902
969
195
680
641
323
659
644
963
170
310
328
207
344
268
818
297
167
237
328
151
343
943
81
180
306
915
302
56
793
55
84
905
837
647
724
351
332
320
6
894
324
104
80
643
372
749
813
687
845
340
282
753
724
366
865
46
614
783
635
406
265
861
211
431
389
35
884
912
13
898
471
931
144
164
539
451
428
486
463
835
836
388
648
103
109
784
858
111
46
15
673
270
429
701
96
896
969
624
870
935
960
501
423
363
325
32
451
107
34
138
735
849
819
191
419
579
638
22
303
255
174
320
601
713
937
717
896
498
273
967
509
777
33
740
501
445
78
966
681
715
140
285
304
477
849
997
49
56
834
274
76
15
947
433
318
409
757
53
747
782
13
257
708
459
772
808
193
852
418
867
201
584
93
64
69
575
949
89
911
975
190
541
899
704
58
901
288
27
314
533
705
344
332
498
482
799
330
29
71
684
106
875
705
637
633
249
8
302
378
770
509
87
901
635
27
744
714
574
479
963
234
642
974
622
197
567
968
243
434
110
388
235
147
753
384
389
15
371
367
432
262
288
760
918
783
461
864
814
20
959
756
889
374
5
996
280
911
1
832
979
763
973
233
558
448
752
744
680
149
951
950
103
779
579
693
74
415
482
636
243
420
141
404
91
270
6
640
101
453
48
380
520
13
792
181
473
636
62
509
256
187
450
53
831
156
65
969
5
57
719
147
17
141
725
178
269
874
364
246
200
562
126
242
110
379
914
145
420
121
880
13
26
270
365
12
642
231
789
625
24
221
653
314
696
183
769
38
259
673
770
74
702
128
459
388
241
409
887
847
425
41
751
308
22
632
689
2
992
373
571
561
377
409
61
790
270
162
121
487
258
993
37
211
345
935
374
26
14
103
508
899
30
129
210
139
348
825
684
836
780
860
437
918
548
951
158
490
419
578
937
737
957
196
799
847
837
160
922
0
275
226
417
360
771
508
790
544
862
123
212
131
615
388
70
758
186
193
354
323
450
993
253
377
72
496
26
261
928
421
39
652
403
199
202
908
577
256
509
722
672
673
759
942
775
621
45
786
661
695
814
393
476
166
934
408
125
261
6
737
949
306
328
686
712
735
242
343
288
458
32
405
719
221
201
98
555
649
659
50
948
590
704
950
395
187
62
337
742
427
672
85
754
916
20
887
429
62
21
851
454
593
489
449
15
243
359
670
957
622
879
276
170
204
520
612
99
563
514
376
548
926
654
682
298
940
652
565
845
800
124
213
39
200
84
951
300
415
741
133
910
382
86
678
272
917
363
426
960
970
797
8
59
919
766
82
161
728
283
895
973
298
601
568
595
130
553
707
299
358
82
394
989
557
485
993
824
590
303
228
837
81
48
88
556
374
971
272
954
249
899
26
13
562
12
337
421
374
102
478
244
112
180
262
580
42
880
998
47
238
163
217
641
797
385
594
5
1
16
34
738
520
768
320
802
790
457
79
10
676
313
957
46
479
262
916
337
161
14
672
67
446
834
43
781
324
617
808
574
433
719
707
7
438
231
137
902
465
393
325
30
377
876
27
515
613
387
821
248
257
155
981
168
320
605
985
333
470
401
940
613
432
878
263
303
479
506
739
793
587
131
706
621
891
289
309
100
884
569
626
967
229
901
432
662
655
921
992
106
660
205
781
579
618
190
504
151
312
478
329
925
978
975
645
216
454
3
61
981
539
359
826
173
192
509
307
289
743
665
881
587
12
82
831
8
787
989
263
798
442
856
737
103
203
985
687
270
374
591
176
97
329
717
359
777
2
4
492
993
84
493
717
5
944
146
925
423
916
535
717
493
218
323
108
771
674
753
36
261
12
657
259
212
370
541
38
320
0
288
585
580
462
216
256
760
762
6
201
48
243
22
319
838
130
795
779
352
203
726
235
252
30
195
124
257
897
689
541
275
636
790
243
134
892
876
943
246
180
192
322
903
184
319
619
250
943
86
188
97
204
255
52
342
418
848
404
780
975
100
744
571
886
840
751
657
588
193
601
22
706
145
428
531
615
19
284
945
556
118
659
69
498
14
711
880
193
278
329
373
250
395
120
5
491
562
884
586
846
396
33
575
480
122
988
738
328
733
388
483
197
109
491
896
906
297
985
478
990
384
137
663
478
704
64
164
748
699
308
357
76
756
272
132
409
238
539
647
553
30
845
874
887
69
24
654
211
197
873
714
840
525
867
429
73
562
633
304
871
271
684
578
876
435
533
832
410
554
738
731
10
16
21
848
219
266
602
458
354
102
814
569
20
725
571
257
941
17
45
906
13
933
403
71
90
247
383
165
832
403
944
373
356
978
646
800
982
884
882
924
316
282
267
482
172
142
405
136
536
999
596
1
510
888
165
51
961
300
433
95
306
430
387
225
387
683
821
182
104
893
239
433
12
2
477
449
258
349
899
244
244
956
720
151
955
575
711
710
67
14
654
368
231
425
451
302
366
425
546
429
434
215
886
336
807
880
768
191
676
761
200
4
240
146
318
491
337
738
939
270
600
748
618
72
606
948
916
853
598
19
915
154
191
100
862
402
528
880
278
488
596
735
693
55
567
759
523
660
517
651
952
877
818
839
558
378
232
742
416
580
141
697
918
265
589
328
406
485
826
234
398
926
453
215
644
743
901
980
408
986
471
777
798
601
802
577
713
637
59
654
3
301
535
408
312
587
774
806
842
888
536
992
297
852
720
271
627
551
138
789
385
808
332
921
171
419
457
281
664
784
421
602
196
841
992
821
896
7
632
561
845
755
615
527
693
737
762
245
188
221
727
380
284
168
727
207
345
33
447
69
338
459
315
765
299
414
487
481
747
983
940
94
382
723
827
570
248
670
936
199
378
183
65
992
644
559
155
456
15
548
243
65
359
260
746
185
149
592
904
895
913
52
955
835
875
994
951
293
106
481
5
97
268
876
907
828
483
583
468
615
966
895
856
325
643
36
641
910
797
268
492
385
572
687
338
109
328
638
35
705
64
252
122
33
64
306
15
436
751
4
855
178
0
462
118
197
999
459
6
556
357
881
455
988
240
669
629
26
726
915
553
755
808
257
313
474
644
561
539
224
601
439
33
512
16
19
379
892
47
765
920
652
187
456
156
91
513
951
484
285
548
251
952
139
765
925
563
176
137
260
805
80
530
353
171
899
243
869
408
632
395
757
810
160
93
603
832
773
158
577
33
118
821
926
130
91
872
750
365
621
551
54
768
3
969
786
795
976
629
101
432
923
76
807
990
21
64
812
585
311
247
449
463
199
276
460
311
252
691
577
619
850
257
427
168
451
184
130
625
851
304
506
34
200
440
386
924
673
51
219
5
285
588
741
240
937
518
486
218
39
234
848
104
866
865
1
0
218
932
15
264
255
946
477
805
520
341
823
877
966
580
483
531
361
4
336
972
612
296
26
67
421
258
867
354
471
362
230
997
110
219
578
923
165
210
887
3
242
80
714
722
38
632
224
34
546
19
483
114
851
700
585
5
92
119
91
618
694
643
64
789
492
669
199
788
376
530
373
61
113
18
974
826
593
191
327
835
64
937
787
161
63
191
650
12
421
14
187
359
137
78
668
799
202
473
310
753
129
212
435
403
215
198
974
63
375
448
982
112
514
240
295
509
28
115
464
77
176
70
26
325
233
844
415
412
184
746
978
939
415
984
985
240
120
532
804
373
925
203
239
662
109
285
351
626
166
649
622
699
642
861
604
834
507
797
782
359
493
374
632
732
41
747
920
19
192
708
495
838
379
21
343
63
737
719
40
901
322
175
481
459
262
212
391
24
763
65
2
586
0
251
968
415
903
203
242
942
475
549
21
237
363
360
446
599
100
190
191
688
633
710
33
19
498
929
231
766
183
963
103
340
4
786
307
888
604
792
377
254
330
481
630
652
928
813
599
573
310
221
340
267
175
929
204
739
983
585
26
3
3
404
121
779
517
370
887
7
575
233
653
184
380
235
172
493
522
950
869
133
491
593
541
338
539
824
77
653
976
907
783
710
63
75
974
760
1
374
61
257
305
455
328
4
790
4
334
2
186
617
114
740
656
364
11
65
723
80
351
403
841
302
762
691
76
774
74
986
945
715
726
397
419
328
893
60
513
475
389
694
51
631
393
960
311
276
739
549
111
600
4
491
474
13
812
801
872
715
577
575
21
19
171
0
702
964
788
20
735
869
443
871
929
608
810
678
819
816
809
216
270
599
7
854
896
304
605
897
651
445
848
45
22
188
65
998
593
873
263
225
940
653
707
261
578
725
856
805
945
239
365
845
732
74
907
393
554
184
585
500
360
782
331
12
353
850
221
213
140
949
111
290
403
319
262
208
163
700
1
534
573
988
94
298
954
467
987
523
258
542
982
908
144
629
376
245
274
787
45
551
164
802
574
903
707
428
495
289
81
301
117
830
739
822
136
421
300
716
308
347
275
18
505
270
0
177
227
827
161
224
755
51
381
993
19
453
535
318
503
883
183
220
977
858
474
358
478
861
892
203
794
753
260
29
231
645
447
394
625
843
642
271
802
529
751
461
792
415
147
814
185
64
953
371
36
382
930
429
966
992
45
286
990
285
795
309
519
966
207
260
63
326
109
1
613
301
13
320
552
337
143
888
173
522
35
672
486
3
563
466
218
335
650
224
543
610
931
217
27
248
32
129
926
46
706
36
341
946
588
633
22
412
951
31
396
10
70
659
418
670
957
520
238
6
151
682
19
496
238
121
574
619
391
449
721
839
961
995
956
308
790
30
931
406
756
19
547
759
197
849
523
975
792
470
126
771
343
385
150
833
571
558
304
168
598
49
259
166
915
836
671
499
602
33
844
865
901
571
997
828
393
963
860
551
39
112
115
813
494
603
675
864
896
658
613
525
316
375
659
414
129
429
570
5
677
545
442
88
630
0
354
996
93
10
283
4
438
805
665
601
778
577
609
878
892
178
320
907
805
733
45
38
314
11
637
940
209
309
383
1
252
511
471
692
633
147
437
113
88
798
354
393
554
822
436
350
252
719
608
324
339
17
442
119
159
955
912
940
530
17
746
566
878
138
921
800
576
405
48
200
157
99
757
476
814
830
725
73
7
35
507
405
129
457
690
850
680
19
298
241
566
327
3
315
249
498
634
458
305
595
1
4
333
7
662
137
183
465
302
424
892
902
668
896
857
836
555
333
118
198
874
894
986
831
856
365
330
14
50
345
495
655
119
905
542
649
324
952
5
405
4
651
525
815
935
104
834
469
289
871
746
294
300
574
813
430
76
591
938
379
123
588
250
755
33
96
956
251
58
586
796
974
887
709
580
127
506
429
728
271
144
911
332
924
86
658
890
319
565
32
644
807
634
807
904
975
262
578
461
179
944
237
196
327
798
516
561
204
9
132
14
37
4
23
375
70
194
241
192
681
312
74
389
930
7
815
599
92
729
794
33
759
434
46
63
935
357
704
721
639
461
344
12
940
29
10
580
71
897
69
819
757
234
89
0
254
548
842
746
328
699
729
150
722
406
564
33
862
694
235
948
891
563
528
38
614
176
886
566
650
56
79
984
625
188
610
102
225
331
717
234
553
408
112
449
716
688
288
916
536
684
445
949
259
489
603
701
758
710
493
355
925
726
978
341
650
18
4
12
67
829
305
359
598
259
285
554
946
567
551
368
814
882
603
35
0
288
419
338
362
508
128
453
151
222
629
308
250
93
504
631
821
113
5
515
848
430
160
699
663
319
300
625
898
820
583
164
408
460
721
166
494
750
823
441
224
948
662
859
485
231
959
293
472
924
720
835
498
367
837
835
428
56
521
652
359
641
284
332
461
976
772
889
279
486
321
862
171
702
432
206
145
384
83
787
31
912
772
661
731
568
111
23
177
897
36
547
153
344
821
229
43
487
272
773
256
146
188
11
161
493
365
606
92
222
376
164
220
450
33
478
32
417
937
647
159
222
94
840
791
820
921
625
934
352
752
329
525
831
789
83
107
351
775
113
743
804
746
675
453
861
202
735
752
474
245
448
956
647
863
463
991
28
705
409
69
616
71
521
595
130
760
870
128
354
606
144
418
690
158
308
229
980
527
780
316
746
76
380
186
706
193
3
979
780
222
299
96
592
692
982
194
690
860
830
570
370
43
583
736
517
145
193
296
67
861
621
586
346
731
467
350
868
931
975
246
522
652
366
440
194
764
549
416
781
602
385
532
280
296
550
527
735
830
813
126
946
844
51
902
767
82
777
471
311
510
41
85
665
7
455
687
162
563
958
341
320
400
232
274
9
694
367
790
577
807
760
153
103
608
340
767
210
78
917
341
121
9
686
651
552
370
584
863
317
692
331
81
549
215
370
683
610
319
898
612
667
549
989
615
59
814
640
215
334
58
546
756
29
510
284
124
561
230
698
180
826
39
220
967
495
832
392
113
599
761
509
112
753
66
525
60
783
297
594
95
407
737
392
54
265
71
142
562
165
666
282
202
100
272
240
289
360
791
896
857
659
595
794
962
970
265
432
562
173
207
90
261
560
380
726
700
64
327
94
943
260
132
893
907
681
995
695
25
335
64
816
79
102
878
327
734
417
507
459
414
238
337
311
913
874
388
135
855
751
119
476
437
794
450
418
939
115
11
988
103
54
0
12
135
740
280
130
1
772
64
657
577
120
301
230
272
652
85
133
339
781
613
891
143
561
353
575
428
487
562
280
569
465
952
460
486
942
449
367
464
669
694
395
541
207
282
344
851
849
620
65
287
218
441
840
64
188
961
753
326
221
123
317
313
108
472
344
183
174
769
810
636
724
922
63
286
46
35
157
850
655
956
89
398
385
628
138
388
743
964
605
136
621
721
404
821
153
884
766
519
40
646
599
980
374
315
775
215
479
456
739
271
507
371
118
192
759
870
439
448
964
776
401
899
74
106
589
20
902
598
401
498
221
169
20
546
134
827
473
883
499
744
452
336
742
932
375
310
934
230
611
880
126
707
904
179
999
696
365
584
387
769
459
684
11
417
51
656
894
493
493
561
809
430
631
772
696
0
672
719
805
147
320
400
80
13
336
330
814
187
758
922
211
777
339
325
673
16
850
652
899
941
360
290
578
734
175
348
367
882
261
490
544
25
680
405
259
291
999
877
3
498
384
240
132
596
675
231
234
183
155
331
362
263
740
64
329
212
568
394
699
74
916
325
532
491
102
507
825
638
437
96
553
974
319
496
65
563
930
351
113
73
481
650
400
950
370
443
8
865
793
279
277
227
186
288
74
783
989
783
890
383
533
665
344
69
502
424
726
64
804
156
72
506
607
588
938
833
306
924
340
475
880
641
492
16
890
597
453
834
375
227
851
832
537
252
200
803
487
978
68
361
78
309
845
206
452
368
285
623
411
429
787
86
122
645
791
671
848
515
637
176
133
567
198
869
38
566
780
75
10
469
162
73
629
938
533
726
229
706
260
456
926
594
788
807
148
309
203
128
391
349
832
763
202
74
138
7
538
168
50
483
680
300
348
566
173
658
932
437
64
172
855
713
445
277
219
480
296
800
440
193
972
118
334
192
417
848
173
985
805
40
339
380
448
562
791
18
686
343
231
75
441
30
444
889
200
818
568
671
93
418
327
862
181
371
55
648
900
635
528
298
658
284
455
58
190
543
736
557
785
315
253
954
193
934
999
823
808
390
732
388
570
756
372
832
19
359
247
536
319
554
521
869
469
640
368
11
211
785
156
394
926
262
228
46
127
813
448
948
455
75
210
257
475
87
511
849
157
151
432
225
839
937
23
499
249
386
603
321
639
30
36
53
187
73
140
200
846
918
777
110
550
276
49
132
555
675
858
858
60
393
532
312
262
864
318
123
568
446
623
532
555
891
319
582
860
931
259
643
628
324
647
655
207
94
25
255
386
574
246
688
8
81
163
526
997
687
479
650
52
953
934
4
17
168
186
506
603
429
276
68
885
282
508
338
859
74
66
415
974
360
986
577
366
27
13
288
942
202
306
377
946
315
99
605
285
476
463
538
837
333
335
0
316
570
684
956
934
754
255
549
117
515
444
864
30
275
271
870
239
682
694
34
50
849
498
850
834
216
895
40
155
960
154
114
359
660
866
994
334
24
943
76
107
449
341
992
513
157
165
528
573
2
430
257
909
214
321
19
223
64
4
80
730
988
829
254
740
118
47
61
352
182
459
854
857
511
104
702
855
968
204
779
251
336
54
139
329
535
737
161
465
716
23
790
893
41
736
375
71
434
760
120
332
701
410
643
32
525
266
934
243
66
267
454
164
636
960
592
142
323
760
508
501
596
29
681
818
827
354
795
206
340
111
181
871
267
21
367
904
256
126
572
412
630
598
347
984
620
31
707
329
601
637
416
73
444
893
494
59
662
909
607
354
630
534
892
796
158
518
116
704
866
685
184
397
708
123
505
243
523
572
531
77
833
936
941
691
241
497
235
968
345
598
501
684
945
511
981
0
549
770
985
618
529
491
811
769
383
114
694
421
68
163
895
409
14
496
33
320
586
247
867
377
163
562
585
837
702
164
838
113
11
435
572
610
69
360
793
797
275
403
468
946
941
822
466
167
781
726
977
774
371
746
145
413
351
911
606
302
698
346
773
468
464
951
535
76
912
93
47
76
362
168
138
998
104
989
430
663
514
731
861
917
741
784
931
330
552
829
625
66
83
832
402
767
275
387
641
558
0
631
789
839
708
66
376
154
752
984
4
865
705
378
26
634
708
765
894
866
349
210
900
559
583
456
503
630
247
248
145
702
156
82
630
30
469
500
787
989
69
481
83
368
211
487
168
266
229
144
350
951
14
518
924
856
799
152
10
995
115
836
164
561
667
26
933
438
453
455
135
295
399
785
339
487
950
820
446
483
0
959
254
34
242
160
462
722
1
826
801
767
255
685
758
675
311
946
366
847
950
97
102
346
583
245
463
304
147
312
378
448
871
200
855
756
376
515
168
273
425
891
681
646
980
293
699
170
798
184
380
626
965
101
503
914
371
520
260
832
579
230
894
547
25
188
418
527
990
222
39
920
690
776
904
347
401
144
307
153
620
126
899
284
752
418
627
854
79
407
100
74
241
578
149
644
48
172
687
748
25
985
976
553
21
708
797
83
677
169
40
926
359
234
648
521
780
284
506
732
840
551
294
633
79
153
190
927
81
367
378
82
179
538
861
24
660
82
40
114
847
845
151
325
607
932
774
628
104
357
98
186
608
286
153
395
821
402
343
550
794
692
348
832
566
814
429
244
43
589
634
555
372
33
133
695
295
107
937
736
595
678
592
711
100
50
651
999
725
198
995
116
607
269
687
472
661
581
188
11
711
297
443
771
791
942
957
575
405
216
457
796
198
823
290
141
381
50
635
287
523
305
397
818
495
723
229
742
362
368
192
602
44
516
893
560
543
893
820
181
501
242
128
807
268
783
336
931
333
182
919
618
14
739
741
959
10
262
708
999
78
800
385
198
33
678
103
59
852
538
983
282
477
708
768
665
44
389
472
249
863
925
808
185
797
893
289
403
183
728
813
535
68
332
852
682
199
950
858
2
328
714
997
460
752
382
500
163
348
143
855
913
426
425
324
186
113
163
26
650
919
732
267
303
890
894
393
535
731
339
821
585
184
272
383
85
221
241
589
32
42
49
383
960
3
73
450
132
666
371
513
667
799
19
769
409
586
240
61
327
423
233
470
182
125
467
60
417
570
278
720
490
184
270
704
173
63
250
609
689
919
51
491
500
151
507
752
362
147
435
206
885
558
44
180
431
60
771
567
37
119
27
453
717
244
201
636
278
180
572
871
740
800
872
132
463
738
438
311
358
606
579
742
831
168
239
703
55
106
647
324
246
266
204
420
701
77
662
95
192
318
61
230
769
722
865
322
181
587
749
213
682
61
571
446
624
349
784
649
126
194
951
289
922
179
20
267
521
220
737
99
488
353
561
865
839
847
956
148
372
850
196
601
283
160
57
905
280
780
22
125
195
151
161
347
191
557
55
887
314
924
517
665
932
632
888
473
911
121
398
441
988
285
328
205
914
242
688
117
379
950
52
772
605
815
281
859
206
367
236
139
452
93
278
879
386
14
495
613
620
662
147
342
109
151
137
584
540
227
190
402
524
192
361
280
683
488
608
161
193
531
729
85
36
997
235
804
889
271
957
575
778
396
19
93
737
641
431
718
586
36
201
208
384
603
704
911
1
563
76
977
811
380
112
518
895
807
403
278
143
149
10
14
68
850
158
909
150
235
377
52
144
436
334
95
315
142
130
296
2
612
477
747
934
970
192
460
453
781
649
508
36
714
916
866
44
521
333
159
38
406
19
640
147
488
325
152
987
45
468
623
892
160
885
660
786
294
72
456
258
239
579
93
870
413
837
350
759
828
54
630
57
10
617
434
732
11
535
724
781
79
505
707
49
340
394
100
898
953
660
469
542
789
345
568
70
892
605
243
554
977
71
338
625
61
189
952
59
990
909
278
723
265
314
100
620
135
376
790
601
526
396
145
772
16
464
840
548
401
786
262
946
111
248
769
742
320
686
419
642
553
199
900
105
979
287
579
874
194
3
855
644
655
154
279
581
254
30
651
645
393
302
702
254
689
205
194
896
978
677
650
70
678
156
962
374
840
256
326
416
755
377
936
94
943
565
771
886
630
520
992
403
805
714
814
104
798
128
938
454
103
10
688
173
44
1
572
825
517
672
107
994
821
14
307
13
404
932
218
62
220
844
539
591
16
242
286
104
537
99
522
90
193
209
881
739
411
809
396
189
245
998
213
234
541
300
840
986
969
755
590
80
490
384
125
77
262
337
714
355
825
439
235
810
398
140
567
711
330
259
586
82
246
12
185
341
765
150
835
203
474
791
653
403
816
342
561
317
991
622
549
317
35
3
262
187
880
127
875
752
370
752
673
755
402
777
234
692
296
600
891
296
973
377
190
23
117
175
395
367
515
918
603
59
374
158
393
499
917
850
407
684
209
109
41
778
267
702
902
916
439
418
894
211
789
78
845
187
754
918
442
145
47
586
442
14
24
724
754
615
492
215
110
453
663
566
475
971
307
870
55
970
877
78
954
476
707
50
721
879
596
275
560
581
6
492
65
793
303
188
539
721
316
775
33
928
920
512
448
467
874
101
110
602
921
51
756
394
716
975
429
100
848
568
909
243
509
18
17
250
318
449
47
227
267
292
776
968
539
809
815
309
483
296
145
792
271
760
440
834
447
4
227
788
829
950
894
421
743
970
92
987
31
269
791
653
8
618
1
538
133
477
732
833
796
549
585
132
142
780
736
797
842
841
211
37
25
823
46
524
610
387
791
779
141
295
855
61
423
344
775
178
72
770
531
196
605
73
469
258
163
691
160
518
821
201
704
736
516
495
99
985
250
434
818
473
121
135
982
958
380
133
925
281
768
528
589
654
192
947
119
929
32
547
926
586
226
463
759
793
387
279
979
658
440
925
650
447
931
857
78
653
329
977
663
983
822
771
144
958
882
717
44
220
31
644
448
853
244
877
983
104
225
559
193
841
492
738
917
844
999
19
550
749
460
879
532
123
748
964
273
13
22
450
91
458
724
866
407
796
725
743
918
959
319
608
327
102
112
639
936
549
850
205
892
441
384
139
420
795
207
808
633
992
917
180
144
983
58
635
648
732
365
558
56
746
862
794
127
199
850
837
832
315
794
611
736
708
418
332
986
356
219
835
643
441
783
23
970
210
808
94
57
700
209
532
353
862
110
588
308
912
696
680
554
885
960
297
522
400
263
213
144
634
72
480
771
65
982
426
328
747
396
286
439
286
148
976
928
452
927
282
697
527
454
837
640
673
147
86
71
330
147
962
922
421
757
76
63
5
108
907
979
827
1
148
390
384
99
676
794
109
41
310
711
101
597
872
972
381
140
799
744
376
484
921
631
361
431
896
67
118
51
560
897
132
451
298
476
24
742
167
336
44
8
315
7
542
961
206
838
44
286
303
85
346
460
539
376
140
284
267
564
67
467
854
117
128
142
954
238
492
232
745
537
868
954
25
530
103
767
416
370
580
545
67
3
982
328
198
652
698
829
684
599
73
86
338
592
575
472
470
424
532
355
635
358
66
777
484
544
738
742
993
833
359
797
918
796
923
86
339
764
972
533
960
206
750
469
203
722
675
620
317
978
70
665
632
183
935
801
419
538
49
575
807
246
184
936
465
541
283
435
4
915
683
226
710
848
59
491
603
502
735
717
142
415
81
317
874
467
990
328
155
855
9
495
843
521
596
126
409
146
550
440
961
265
176
153
968
597
846
40
943
512
356
935
558
993
246
922
383
267
824
600
320
216
312
713
980
669
996
979
615
165
100
396
680
44
783
63
707
152
257
281
717
528
626
41
961
220
338
222
749
293
985
85
628
600
426
397
908
657
96
612
178
970
417
748
444
688
386
153
464
108
585
669
324
134
68
382
147
331
754
467
342
724
289
228
483
300
497
858
824
225
551
460
468
698
350
399
594
455
331
688
660
179
254
464
353
55
654
787
125
493
821
204
621
482
502
570
20
57
226
913
98
82
751
771
59
293
562
632
299
890
1
890
598
439
410
626
344
161
846
88
66
371
772
307
790
733
393
979
646
109
816
105
468
102
61
317
248
19
216
693
725
156
322
42
935
666
289
801
777
183
655
193
223
993
736
356
921
19
347
337
694
312
515
2
151
863
529
852
87
30
388
518
134
416
144
343
122
97
14
501
526
218
327
878
923
875
975
529
562
869
752
280
206
149
830
505
448
138
493
449
745
634
765
378
115
987
925
762
67
353
167
8
107
490
579
468
652
244
856
850
778
171
615
650
834
357
796
742
556
524
75
182
442
87
504
905
867
26
724
680
326
253
125
875
120
551
340
464
879
277
275
862
324
965
933
220
844
859
802
145
368
35
554
111
635
653
176
965
668
979
576
916
346
403
411
40
879
701
613
858
885
8
598
789
682
158
789
65
60
965
273
988
373
868
846
228
257
818
80
503
692
393
828
329
263
176
984
255
490
208
275
419
24
860
397
624
910
745
794
970
994
585
916
624
565
700
726
20
748
875
715
789
79
156
877
452
671
164
156
344
73
101
252
15
355
139
464
665
967
998
514
280
921
107
311
807
962
822
783
298
562
129
952
61
941
303
736
528
609
77
162
132
572
930
965
254
561
366
180
293
906
607
515
568
457
909
176
297
465
484
513
104
481
604
226
948
941
676
700
152
435
222
764
490
238
690
313
964
260
711
983
705
401
124
517
362
484
1
244
330
208
659
472
699
611
25
51
825
855
27
866
142
115
829
357
653
493
295
294
542
220
893
192
253
798
47
426
57
486
472
824
79
902
371
248
528
65
568
424
62
155
212
588
750
632
744
153
627
18
368
259
249
178
980
113
565
961
410
670
556
330
550
269
385
259
221
121
75
72
214
214
767
841
1
966
190
508
720
43
157
131
344
112
207
572
750
923
489
148
234
618
767
620
449
882
150
852
50
539
747
922
316
258
494
73
316
560
866
895
855
577
25
38
614
3
96
837
879
125
32
199
879
366
330
637
356
85
667
153
348
15
377
294
326
100
148
89
259
382
199
565
450
42
854
110
138
218
676
692
496
958
666
302
746
583
112
661
492
155
766
101
225
774
514
951
545
491
499
431
78
210
179
489
334
124
290
460
202
273
974
851
495
864
499
539
879
3
558
109
853
362
537
211
20
595
376
739
38
416
136
74
288
919
899
439
71
173
806
184
53
949
390
594
315
296
489
989
71
228
924
682
12
260
172
895
864
844
284
18
591
734
944
427
911
599
378
110
471
305
60
312
804
60
202
579
326
298
286
366
456
185
48
62
222
540
494
48
142
772
879
297
66
84
594
595
51
608
773
672
869
226
432
207
517
250
60
761
571
922
309
30
226
165
256
166
629
127
14
365
104
232
512
742
364
10
817
711
509
541
366
229
706
843
687
930
12
186
406
622
43
836
66
813
179
167
840
807
826
609
468
619
397
663
617
555
352
720
428
735
888
388
89
430
169
653
19
937
13
912
65
338
277
861
994
952
885
986
630
150
98
709
914
717
991
818
611
450
146
194
477
511
367
632
338
294
300
471
71
521
451
720
923
465
846
210
449
951
91
881
933
3
625
719
884
377
84
724
341
491
625
647
842
579
311
327
617
904
781
954
474
433
785
717
730
621
202
226
41
975
941
171
620
234
966
959
15
159
123
510
116
602
172
568
999
271
463
505
915
398
501
75
293
4
410
416
130
385
581
483
990
897
686
205
413
207
37
866
440
19
780
740
304
182
823
742
16
858
122
357
691
534
53
184
997
690
398
405
941
8
462
155
867
365
414
385
278
231
21
64
74
446
191
904
279
919
656
227
57
145
924
487
619
25
484
725
935
666
281
162
821
831
302
332
636
269
989
444
302
446
897
291
990
244
499
676
156
904
118
31
92
147
753
399
838
235
803
491
247
771
634
489
672
144
304
853
405
827
254
636
709
151
810
561
710
338
842
581
342
41
174
476
594
289
529
12
749
3
163
681
168
647
933
67
862
450
907
462
19
322
953
744
981
366
802
108
221
987
386
763
24
526
29
652
51
167
686
618
976
469
308
966
872
931
118
93
637
363
615
117
778
782
571
43
912
791
634
521
546
866
318
466
648
660
721
662
8
408
876
601
514
273
552
786
704
967
951
544
68
465
801
793
854
55
628
221
378
179
20
783
923
594
43
918
982
165
34
129
779
790
939
202
799
451
420
524
713
112
478
101
499
342
302
601
748
37
456
952
83
29
402
79
524
153
189
380
517
831
937
60
364
774
460
209
338
418
848
524
205
752
909
149
271
890
261
734
603
356
369
988
108
55
663
776
391
615
960
198
489
699
226
357
474
345
126
11
298
693
681
371
881
606
118
750
299
823
464
600
959
24
177
275
629
666
387
592
604
827
490
754
203
695
323
530
662
303
659
681
970
527
481
296
911
998
748
100
276
100
139
587
292
747
436
447
400
558
99
258
59
262
58
375
719
852
949
610
471
881
729
710
771
819
347
716
83
597
984
232
576
426
883
8
494
700
372
551
51
165
750
32
247
212
680
15
303
852
792
950
931
708
55
685
562
855
405
251
461
697
937
204
132
735
473
127
391
710
7
102
630
966
876
110
414
561
657
138
142
253
421
420
153
927
747
966
890
217
953
8
539
360
288
134
795
7
125
411
38
267
640
310
285
258
370
547
349
953
112
164
796
232
412
422
889
379
42
724
380
759
141
280
555
503
367
889
545
645
482
2
673
327
201
541
317
708
291
301
615
636
928
343
982
185
72
199
979
867
69
576
477
132
717
971
445
347
46
180
918
981
754
975
381
589
313
720
645
961
897
467
754
653
159
874
946
306
317
488
42
252
682
771
355
545
657
356
871
55
356
29
221
479
854
518
354
134
629
328
773
682
720
911
897
951
323
380
348
674
241
827
844
720
880
757
197
336
562
771
241
591
165
918
889
853
142
267
150
509
217
907
92
279
475
426
753
748
929
952
406
52
107
110
879
452
203
152
425
809
384
154
653
939
125
196
753
611
437
779
525
549
401
510
543
443
637
282
636
809
135
959
631
137
163
455
700
682
563
867
419
88
267
737
513
630
387
756
564
757
370
842
335
781
710
253
552
169
65
131
114
356
566
704
185
821
758
676
810
809
827
8
648
26
768
542
154
133
354
26
667
192
802
784
746
374
916
94
740
112
315
604
47
349
77
775
314
643
276
247
471
960
751
299
762
539
891
113
330
698
962
474
247
980
903
634
371
834
16
619
339
46
317
758
305
304
251
772
707
39
554
265
868
808
80
86
182
270
885
74
108
637
669
361
903
730
433
6
337
539
567
368
233
208
149
545
152
684
807
621
897
582
593
777
409
359
993
102
717
526
907
716
647
236
274
256
231
962
597
904
289
83
351
302
198
449
571
116
744
572
997
519
450
949
237
183
238
371
971
233
796
405
58
155
44
666
505
825
97
918
391
305
769
347
97
178
163
834
100
607
474
409
877
317
875
248
365
463
139
665
144
855
49
878
590
629
976
654
278
203
979
689
667
951
518
273
522
762
827
470
398
930
788
750
28
913
820
513
786
247
410
947
690
977
223
784
516
11
330
224
656
274
722
219
369
173
71
450
71
233
327
117
35
41
817
426
332
69
54
35
645
855
43
682
268
152
728
341
471
730
278
110
464
769
952
243
21
591
16
413
266
402
52
377
22
416
10
144
252
291
518
460
260
214
713
496
814
693
672
428
204
912
321
175
103
908
843
295
837
887
479
923
489
71
99
164
99
511
134
680
630
386
136
291
123
157
754
278
62
585
850
481
355
98
931
999
36
904
751
244
481
163
89
573
939
758
732
359
610
475
345
20
478
774
3
829
993
11
76
622
356
641
424
59
647
808
469
529
960
976
835
979
646
876
140
103
183
290
566
632
508
861
47
754
46
940
749
543
769
994
912
219
9
468
838
379
764
340
161
502
156
859
156
71
171
302
855
278
904
177
338
462
149
412
3
298
830
107
824
947
905
342
15
116
110
850
713
586
83
701
658
168
305
153
801
105
668
651
296
165
723
573
143
552
753
28
813
595
452
837
442
730
57
748
957
375
952
651
791
526
153
944
357
605
252
468
174
741
631
714
992
224
756
888
676
280
318
423
208
117
831
971
293
690
21
885
560
385
772
955
44
35
494
830
657
18
134
14
508
590
468
119
443
504
305
185
809
544
159
196
203
622
727
808
654
606
290
499
160
364
806
233
236
118
270
809
349
784
584
170
975
288
222
943
179
210
192
162
845
295
68
232
198
148
973
734
482
702
652
580
608
473
950
606
180
935
204
467
578
241
300
283
522
326
890
41
76
380
955
284
821
917
297
369
67
982
318
233
93
127
20
625
80
392
72
651
190
754
285
961
664
530
491
446
273
172
515
50
93
911
38
935
604
710
852
80
931
393
40
52
501
883
996
961
208
743
105
858
589
989
24
18
669
929
189
630
881
657
567
323
559
435
565
441
308
240
132
952
453
957
70
894
816
950
96
41
601
53
763
678
526
992
504
876
231
112
102
330
119
772
678
538
869
771
919
67
622
291
365
486
862
262
298
920
998
526
663
418
444
131
437
263
73
925
494
905
821
165
317
315
440
76
243
835
667
994
730
58
33
297
157
879
135
167
478
987
604
291
101
295
683
350
750
996
224
102
120
469
106
734
69
432
55
153
571
309
205
602
562
130
905
528
20
693
233
333
211
871
879
56
771
666
302
371
306
106
383
904
546
252
869
100
637
636
116
215
265
471
98
56
503
448
143
141
340
727
270
13
276
283
778
804
609
36
466
105
638
650
998
711
65
441
109
854
545
351
567
718
698
771
482
683
424
76
648
15
320
3
651
603
938
600
225
318
893
712
461
352
263
601
125
805
682
554
311
587
892
404
421
488
106
873
78
683
34
349
323
811
496
893
358
34
522
67
448
643
541
15
653
19
411
251
784
843
273
610
297
685
388
312
331
757
118
738
926
159
720
441
455
232
182
737
134
665
723
883
265
655
925
473
424
98
938
1
936
978
955
742
426
6
85
948
417
497
912
614
181
712
306
966
493
754
509
784
478
863
389
907
218
994
514
207
177
184
529
558
712
967
678
119
374
900
684
212
520
377
692
370
591
37
383
73
808
14
588
275
188
646
708
844
230
719
208
31
191
202
691
277
188
89
968
68
168
206
572
994
333
218
889
310
888
206
795
700
206
172
651
730
732
553
739
987
448
599
963
823
178
866
67
578
456
943
526
764
306
690
741
445
536
197
243
671
210
32
827
25
314
867
48
947
656
442
487
407
921
65
43
689
944
150
156
762
924
176
387
297
719
588
26
910
798
84
845
689
151
87
835
129
879
773
215
595
999
673
268
480
439
970
557
964
271
152
533
583
458
516
614
996
114
785
748
488
875
981
753
972
547
321
970
599
280
695
830
786
874
451
474
810
333
923
185
751
774
548
740
609
678
519
389
11
507
580
180
63
488
939
182
475
534
660
861
798
311
516
485
98
245
748
927
271
132
33
144
189
467
237
655
748
538
935
42
459
380
519
388
395
983
164
735
828
748
699
275
65
896
87
307
861
855
590
308
932
344
625
186
767
537
330
822
518
691
978
647
569
160
788
720
60
392
195
910
992
675
104
419
963
341
320
88
898
50
953
638
265
603
803
657
582
993
357
631
962
227
276
760
145
206
286
570
197
38
353
769
444
333
882
915
932
84
202
294
572
528
592
611
596
355
567
226
157
241
18
162
152
145
649
271
572
242
907
387
152
535
382
238
753
74
95
516
941
242
992
70
681
757
686
635
367
259
99
500
127
595
253
90
158
382
30
519
326
528
435
565
78
164
45
625
236
618
393
534
299
808
589
542
541
762
592
795
533
641
295
631
978
12
474
709
71
255
911
102
223
35
41
931
269
968
257
276
312
11
128
719
747
132
246
492
684
898
713
519
138
410
93
983
776
692
782
568
793
5
500
484
419
854
92
607
924
510
913
740
714
364
618
75
250
143
701
876
951
883
366
792
986
575
534
352
61
750
648
912
193
93
747
331
937
770
630
9
908
359
114
162
364
264
27
349
41
951
835
88
9
752
994
141
347
722
616
681
800
121
989
554
965
658
958
125
895
541
230
162
331
547
459
734
997
483
990
59
724
372
320
662
957
147
970
582
501
159
319
867
408
360
284
741
397
217
944
756
98
764
204
721
391
57
193
53
354
129
511
187
606
165
942
391
430
986
196
237
202
899
600
399
384
616
562
650
715
751
954
108
167
491
439
399
793
903
82
297
437
565
835
773
797
76
305
456
759
880
20
606
256
585
505
576
626
457
30
842
180
876
649
283
339
600
271
234
647
539
251
595
146
89
202
772
57
135
231
253
26
572
972
191
904
815
295
218
803
102
838
182
947
323
230
733
92
589
860
497
896
851
233
394
891
704
267
819
862
456
669
219
690
593
474
18
570
588
531
789
636
728
710
752
221
669
586
837
536
393
157
905
817
136
173
840
445
946
146
171
176
931
826
904
849
727
581
34
461
386
507
560
313
480
95
150
740
711
995
254
720
231
460
839
620
482
131
264
491
547
674
48
85
596
793
120
419
479
200
884
630
638
246
956
417
99
727
524
201
285
448
125
129
632
443
321
984
497
226
177
962
688
664
73
688
955
654
549
209
748
745
95
92
980
917
209
514
495
173
963
251
29
766
499
428
379
869
656
95
141
437
796
808
486
766
618
584
360
471
265
439
141
491
632
258
76
612
325
899
860
993
466
16
639
218
423
94
244
457
707
66
433
261
651
187
754
81
931
36
215
232
743
345
899
578
851
652
345
723
543
392
9
891
33
670
41
757
920
225
880
204
517
720
984
248
320
349
164
273
86
627
842
138
838
988
59
675
345
728
285
127
319
25
840
681
209
68
168
303
954
713
819
642
394
109
436
86
550
391
679
121
829
711
199
853
217
726
314
623
494
517
314
332
555
594
39
537
759
124
594
402
764
658
100
910
825
565
228
635
730
716
699
37
406
749
482
487
695
505
484
259
527
78
264
294
242
43
329
945
748
872
875
305
288
128
646
120
199
260
288
238
844
169
916
781
690
175
626
65
24
198
943
588
285
234
662
688
116
87
432
634
704
92
60
247
429
434
447
181
3
921
375
519
513
510
879
586
564
39
195
28
890
723
270
207
534
380
436
486
413
199
642
441
814
704
426
534
910
39
579
48
867
982
33
753
84
840
439
67
182
632
658
14
884
79
874
679
30
457
576
96
129
543
535
772
22
387
541
788
995
472
266
863
726
127
583
377
863
844
973
951
414
780
382
362
645
462
155
346
710
587
214
886
55
149
446
289
764
338
413
898
304
238
236
482
37
216
294
176
531
236
387
70
187
819
250
272
346
795
220
286
508
726
350
312
204
520
133
431
614
244
597
831
30
615
131
990
570
796
252
970
27
869
767
377
965
530
284
582
32
819
688
241
83
449
493
272
462
545
516
134
596
657
193
144
89
16
476
606
403
612
438
486
897
9
314
328
189
535
365
382
308
45
26
45
979
65
25
427
249
367
987
765
595
11
658
55
444
230
663
359
229
503
417
585
442
910
738
960
894
618
175
41
19
723
565
824
689
795
589
148
185
897
300
60
108
899
557
790
510
11
817
871
355
515
85
296
996
827
415
813
748
569
501
644
486
705
290
114
758
533
402
167
843
442
363
402
323
967
978
106
980
820
696
776
653
721
978
779
201
364
375
109
520
496
664
335
948
544
872
269
938
413
946
853
487
398
369
820
642
894
217
546
568
193
832
67
422
83
557
375
487
938
434
640
148
522
282
824
551
47
932
644
849
650
389
785
870
370
675
90
771
148
10
768
685
307
211
241
498
889
701
143
98
655
279
703
445
196
274
962
996
213
281
646
330
843
344
980
814
629
211
300
763
168
275
982
389
188
787
110
622
339
443
662
480
710
601
420
498
72
580
954
91
212
824
991
853
807
870
27
214
128
671
375
166
261
292
505
801
888
621
605
322
280
636
40
746
607
697
364
332
6
51
101
385
698
337
838
620
283
773
742
783
222
213
993
406
232
479
109
170
252
457
237
166
34
539
70
852
708
776
919
614
839
770
339
684
129
259
669
732
893
630
36
362
465
166
13
614
971
566
310
556
614
419
364
780
453
321
979
23
388
335
657
750
908
541
683
366
726
695
889
226
423
558
115
136
464
995
380
613
539
784
271
888
968
925
464
242
118
89
528
601
835
173
7
66
29
976
972
195
411
936
933
282
77
862
918
209
202
324
936
635
845
463
373
646
149
392
533
106
688
848
322
627
114
756
565
856
955
397
583
319
472
525
493
969
998
32
94
18
5
702
538
238
937
295
663
149
413
348
958
167
724
606
835
503
836
385
623
407
353
592
795
976
777
366
768
62
82
615
655
51
421
689
601
916
203
455
976
822
548
34
25
515
881
115
907
794
627
572
743
492
837
439
162
774
313
519
420
582
218
196
694
634
278
5
220
169
15
177
868
84
961
297
659
89
220
227
107
479
221
589
517
150
129
43
199
338
922
805
797
878
798
267
350
326
661
528
331
978
611
529
304
249
431
952
607
703
643
982
243
388
542
113
886
581
343
147
116
773
739
708
168
913
509
501
543
764
748
956
304
482
586
81
455
823
449
632
627
857
474
160
215
807
913
256
938
393
240
195
651
132
990
503
135
238
987
200
307
62
200
454
640
578
961
177
346
486
619
944
77
129
330
672
42
219
232
991
551
36
104
170
452
34
745
512
287
458
741
826
356
936
247
161
102
646
19
243
348
386
668
544
557
277
242
92
932
804
216
364
4
453
149
541
495
38
325
700
834
195
420
204
93
205
154
91
404
794
912
436
614
966
724
424
668
135
656
466
419
973
189
143
122
328
758
426
695
210
677
678
452
465
882
588
395
187
860
587
745
399
418
462
7
47
513
495
923
559
749
16
131
404
120
851
659
252
882
197
195
823
398
803
659
59
480
127
158
305
126
429
669
562
889
420
697
250
16
344
934
368
447
339
773
627
165
258
667
20
527
85
107
132
824
395
661
210
174
313
29
844
916
340
844
221
804
209
666
217
624
289
113
315
136
883
101
654
195
701
247
180
714
291
823
666
545
404
386
263
514
509
933
757
369
243
420
474
275
624
594
625
426
423
115
82
274
549
760
514
485
560
475
950
419
824
681
943
492
607
734
894
375
471
137
252
764
406
294
360
909
277
301
379
992
850
806
812
660
965
324
892
610
551
251
289
678
246
459
902
377
131
262
676
818
662
596
839
702
122
821
404
272
262
804
125
662
143
170
837
418
523
605
790
27
336
245
825
576
815
27
572
11
102
170
942
114
565
342
661
915
279
625
458
966
775
227
491
698
976
474
397
417
138
607
525
553
701
461
444
306
665
394
372
110
415
810
170
618
479
684
890
595
107
85
362
207
70
478
57
460
117
780
316
780
996
547
777
171
719
764
167
186
800
899
174
771
727
204
73
639
307
720
370
443
515
47
128
78
553
82
442
777
367
735
409
662
359
961
998
415
634
622
941
611
465
11
535
517
478
177
250
382
63
535
279
767
143
147
231
276
205
612
520
887
477
782
940
656
707
120
378
832
767
996
669
952
398
549
208
654
38
55
701
229
427
434
50
205
870
240
669
66
716
701
96
296
835
883
227
865
786
820
671
532
564
317
922
340
993
377
918
380
246
922
521
976
50
259
304
869
75
711
738
16
633
606
432
668
154
407
316
2
895
211
767
64
591
895
155
48
567
255
278
535
332
278
663
202
48
922
160
857
242
736
484
624
492
317
136
697
444
96
511
635
81
971
250
592
418
130
270
407
681
884
721
737
879
419
662
610
528
482
422
370
351
919
910
868
130
412
173
958
726
179
944
154
338
385
177
735
715
53
478
377
880
96
660
491
168
377
711
133
80
403
39
422
459
35
270
804
55
685
867
387
846
559
785
128
148
505
555
140
136
225
648
175
555
789
407
649
868
448
393
965
858
282
510
656
637
37
990
189
404
527
353
182
965
229
582
372
973
65
993
428
836
993
499
502
821
913
50
642
410
294
398
830
399
547
515
759
776
778
544
251
969
541
117
955
970
49
536
143
314
268
222
80
457
724
536
992
771
61
688
483
317
176
913
646
479
448
912
899
891
714
981
583
52
181
921
571
123
585
597
662
845
400
685
696
614
82
415
758
410
491
195
825
785
319
278
169
237
622
20
515
325
675
643
337
91
894
198
309
742
299
411
806
282
78
143
67
638
898
995
122
869
712
355
389
204
91
338
205
374
393
735
233
603
680
563
70
119
835
423
168
517
313
908
894
729
165
280
464
157
13
356
692
984
435
260
843
925
504
471
139
925
577
293
227
461
262
758
452
155
94
474
680
547
737
424
474
655
443
320
531
673
192
465
31
834
374
442
802
575
564
439
387
599
838
484
589
585
839
904
912
661
862
467
551
939
590
590
970
570
786
883
662
393
994
759
988
188
743
60
245
673
686
119
37
50
255
172
859
554
198
472
635
52
353
577
149
449
304
675
625
886
186
645
761
733
455
492
306
842
833
573
99
362
566
315
951
174
439
639
298
763
8
742
25
774
815
653
521
164
329
349
94
619
735
320
115
58
805
865
28
664
214
369
174
651
680
913
300
842
263
134
883
141
725
733
337
467
834
596
857
236
194
575
279
217
940
523
423
201
573
169
985
568
977
863
132
578
596
203
748
332
143
187
510
594
473
342
337
71
834
24
883
239
484
387
435
177
354
732
989
10
767
138
227
387
822
868
517
331
173
501
630
512
851
192
803
804
678
399
187
777
130
469
70
373
630
792
454
939
216
686
517
898
260
3
487
331
435
824
454
437
93
95
439
976
14
657
783
182
170
622
350
453
910
519
756
80
751
948
402
86
660
548
179
68
434
502
505
215
413
225
878
117
239
334
561
817
798
962
104
954
725
532
992
983
971
952
3
783
10
550
74
500
820
347
453
697
548
404
769
342
30
437
261
758
567
747
576
867
18
536
955
133
491
455
824
812
440
106
621
795
699
578
730
52
188
354
530
937
783
909
702
223
790
339
180
227
672
391
467
204
1
26
442
636
931
86
464
123
423
667
815
807
449
127
533
284
323
456
577
541
90
596
856
239
422
130
772
991
628
785
976
610
46
607
561
128
62
660
244
730
891
668
395
451
431
596
797
190
42
927
989
445
330
658
293
955
701
876
372
717
986
35
341
781
262
591
797
323
571
372
106
512
510
948
63
0
960
923
703
551
969
473
86
766
25
998
286
459
451
954
778
423
321
190
998
387
359
529
379
531
766
760
119
542
720
170
25
562
960
118
649
821
541
494
181
851
416
109
676
915
696
472
508
235
83
935
15
342
271
720
12
857
16
837
440
66
389
953
92
239
62
272
398
201
170
584
571
546
966
438
127
149
905
539
594
843
933
367
863
689
953
58
74
766
613
530
42
997
831
833
973
155
485
927
553
650
855
335
199
90
918
349
288
90
298
277
864
8
135
320
884
471
548
893
309
30
924
216
378
599
908
608
277
969
242
668
563
440
56
661
668
188
795
838
729
451
910
846
992
850
376
639
129
30
598
582
862
190
27
869
225
319
903
599
87
112
616
760
463
148
1
226
991
63
371
240
413
668
561
504
670
868
481
482
999
985
531
805
606
517
785
932
18
299
370
652
680
470
292
189
941
771
960
684
582
246
658
324
57
643
146
607
857
194
159
334
911
120
958
991
987
831
245
571
413
460
753
839
417
617
962
355
475
136
619
420
130
476
793
869
966
944
445
617
524
603
279
553
128
69
896
57
56
893
958
413
861
875
824
576
279
947
255
633
346
281
63
162
203
530
557
895
275
233
979
481
933
15
553
633
208
594
358
69
975
196
869
894
363
37
814
339
140
998
788
830
816
305
382
453
188
214
132
120
569
381
492
384
476
700
571
774
208
293
231
23
773
880
11
63
433
960
808
472
434
382
627
62
329
461
926
55
129
447
191
110
229
568
749
704
188
534
153
228
532
623
178
24
532
201
836
178
70
245
577
193
879
810
133
52
327
102
135
107
863
659
417
571
367
628
785
143
269
778
580
685
329
289
697
70
165
557
908
206
167
747
576
131
627
31
410
379
333
193
782
72
777
645
451
610
72
410
663
321
31
362
365
217
818
40
290
35
70
957
173
270
97
573
912
365
804
619
133
428
244
319
91
223
805
447
628
944
133
578
336
486
354
257
674
692
738
826
56
232
944
631
708
289
110
499
620
58
708
378
651
260
323
792
299
617
113
92
881
804
117
178
768
767
990
378
801
136
908
141
818
359
536
245
743
212
119
358
525
814
452
608
187
964
617
343
339
541
113
541
170
320
125
564
730
809
298
424
469
271
924
973
739
902
370
449
274
906
791
756
646
167
833
997
231
975
585
828
23
84
925
172
153
557
288
202
23
636
240
92
589
958
588
909
691
520
788
555
820
574
792
677
244
551
398
830
267
968
105
774
26
871
801
873
11
623
766
779
762
91
469
623
511
719
101
859
552
304
823
452
389
668
297
41
782
740
415
971
803
264
403
341
142
360
821
365
428
658
532
48
369
676
496
90
95
252
589
957
342
340
980
334
417
247
720
365
309
347
522
126
525
94
35
904
616
897
856
520
621
818
589
96
612
639
158
689
642
785
282
193
695
478
129
108
884
604
895
688
175
276
78
462
610
219
196
495
806
839
670
791
182
46
556
696
419
258
328
31
188
423
364
787
732
40
768
478
91
5
872
833
847
576
583
394
333
812
510
484
172
372
592
62
516
711
810
538
827
277
268
782
274
191
807
64
226
846
488
257
518
57
53
59
436
667
9
665
118
550
81
341
18
241
648
509
533
200
90
884
449
791
817
830
64
742
340
904
285
569
985
286
77
456
505
336
286
902
37
244
468
551
984
497
312
918
353
490
845
465
425
409
686
983
862
238
367
656
491
347
247
842
384
314
665
740
956
25
511
742
761
147
270
532
642
487
0
172
318
787
586
83
833
395
741
912
253
628
37
924
179
718
193
946
167
848
66
121
195
861
188
17
817
619
269
794
304
995
200
450
145
554
823
971
320
372
375
751
716
334
368
916
425
615
786
749
738
582
314
858
828
982
481
272
497
71
96
813
151
456
526
955
224
104
483
409
376
189
65
648
183
907
349
197
679
528
545
84
625
335
953
420
739
20
399
620
655
151
186
108
736
124
903
759
691
272
185
576
584
462
128
458
878
555
492
646
353
366
486
350
406
155
222
410
171
987
303
179
617
268
323
225
758
877
671
955
616
931
133
137
78
133
453
267
39
151
923
808
528
774
759
871
842
