1
657
277
4
910
723
705
672
764
165
659
237
658
753
233
684
989
475
73
748
374
171
55
367
897
696
295
70
20
868
959
482
387
293
108
495
215
113
774
668
39
151
276
246
965
651
566
752
822
551
121
200
22
302
4
92
4
498
749
555
222
450
145
545
161
222
453
892
491
617
33
413
924
855
501
3
534
826
653
821
291
94
850
675
151
943
49
908
667
303
411
266
93
26
201
501
931
5
830
271
101
154
190
69
292
447
62
528
840
4
175
436
772
234
551
551
516
296
4
11
3
72
157
156
883
646
173
308
289
245
742
933
928
229
290
265
514
364
662
228
932
757
192
150
287
521
836
748
944
266
271
449
71
233
630
429
832
245
615
787
582
594
66
977
271
526
163
49
0
916
20
851
3
827
175
232
487
627
575
193
511
253
25
567
296
72
844
133
664
203
43
178
335
141
537
32
142
952
195
589
199
508
303
281
861
190
950
192
302
656
897
692
821
512
241
773
874
55
4
160
625
531
348
677
226
78
753
185
323
328
775
760
193
653
156
296
552
14
936
565
958
851
723
675
560
721
184
764
105
244
32
290
694
488
156
788
415
397
372
593
974
383
936
13
134
199
474
903
5
741
915
755
234
580
79
336
50
844
133
575
603
756
917
911
545
282
607
950
528
992
307
815
683
339
560
475
102
110
195
300
655
666
858
285
131
4
520
14
1
203
906
108
687
790
808
893
680
576
774
909
432
249
832
201
975
956
465
382
472
37
677
421
834
9
359
64
46
404
67
778
232
3
104
381
939
711
921
427
923
997
105
90
471
597
247
213
331
66
770
588
275
239
469
622
909
3
813
266
906
826
27
142
809
628
885
0
161
603
45
124
698
692
437
515
478
768
199
986
708
814
456
280
331
917
378
654
287
748
758
145
509
666
301
433
708
629
103
586
256
369
138
435
114
528
769
21
42
925
913
151
492
308
186
360
393
116
186
642
321
379
550
387
34
491
420
936
589
286
593
349
157
738
807
935
601
970
83
897
142
687
623
177
356
210
492
889
599
202
154
916
4
143
761
884
10
812
631
171
605
16
588
57
5
875
822
673
700
809
121
86
76
269
505
79
753
84
573
871
259
730
13
428
565
517
168
180
374
965
861
156
551
936
623
354
897
426
199
79
454
213
850
426
64
575
795
160
259
763
699
961
607
532
840
525
202
498
437
214
217
795
904
503
129
213
4
167
19
521
262
567
359
123
41
616
667
810
91
764
61
880
541
0
72
669
973
866
219
730
367
606
70
710
852
814
80
449
504
49
418
158
676
178
628
933
839
800
823
604
980
649
138
927
494
508
164
127
108
425
949
106
883
230
541
235
895
693
535
699
133
7
993
365
91
709
267
173
992
4
266
625
141
67
432
722
260
233
193
465
556
213
516
193
147
978
649
262
727
261
284
584
97
911
506
0
325
154
603
827
725
32
797
192
232
302
989
183
289
490
767
659
474
807
874
576
830
368
257
991
879
466
707
92
268
656
931
655
862
340
627
620
40
95
63
196
54
703
45
674
19
143
568
852
599
584
722
90
384
848
768
154
487
343
852
426
377
980
42
986
32
954
16
4
55
777
102
562
4
363
931
25
165
307
584
151
880
578
826
164
458
680
511
638
288
434
417
941
180
408
936
662
748
832
664
242
779
426
736
27
742
906
203
865
270
235
831
913
250
133
873
632
440
103
16
592
123
898
158
147
65
809
530
814
112
454
662
304
274
569
493
818
832
91
415
2
861
524
955
549
209
585
24
746
409
395
333
0
616
619
673
20
598
242
204
661
48
220
270
260
298
293
371
4
462
794
864
84
607
886
751
734
76
590
417
484
94
304
775
994
958
206
482
271
348
100
445
665
422
37
375
663
372
508
26
852
244
231
169
539
645
898
85
499
999
732
295
479
42
245
71
640
860
487
119
174
160
967
284
318
728
255
336
185
309
563
246
61
343
302
175
755
422
1
342
32
377
802
897
962
381
522
37
429
606
657
866
824
4
999
965
845
862
310
699
939
511
394
568
715
132
833
978
329
650
808
317
38
5
730
62
830
920
170
734
245
397
538
469
255
195
296
221
957
275
308
535
900
503
286
59
578
187
415
238
894
520
444
246
493
940
572
641
628
935
3
817
831
467
431
519
653
227
161
840
140
523
806
186
601
954
872
3
15
662
874
551
148
781
328
277
515
694
446
166
28
322
169
896
716
71
19
359
699
453
714
63
56
487
640
949
385
715
913
926
792
781
808
653
713
261
351
233
57
22
487
393
636
452
363
703
5
844
826
16
3
865
330
976
284
11
268
555
115
308
980
353
46
858
987
202
105
470
33
365
440
582
462
243
296
411
790
313
196
77
484
446
688
68
942
578
960
921
4
190
966
295
692
905
221
260
257
571
876
702
976
284
341
170
407
125
38
116
501
229
317
743
752
1
843
831
517
982
649
779
237
627
851
15
570
338
177
566
122
552
211
816
56
531
739
810
713
633
475
153
545
93
3
690
241
396
380
117
479
78
933
21
719
875
904
541
569
846
583
181
431
644
36
555
466
208
935
92
613
296
295
862
507
931
272
215
129
634
557
720
794
595
943
800
810
971
457
578
793
272
671
420
269
925
293
494
798
567
69
243
33
813
18
966
980
676
522
635
65
158
13
976
248
577
607
891
710
999
408
305
589
204
352
119
224
674
10
591
213
572
625
708
464
705
414
546
754
297
597
760
961
167
829
447
939
453
280
150
794
75
776
430
266
159
886
916
379
36
751
24
635
169
700
930
510
51
208
230
330
567
246
793
672
409
721
334
47
48
243
749
986
739
823
14
488
760
106
120
979
52
91
483
410
377
377
119
353
336
704
570
759
975
890
528
33
63
215
60
636
373
924
924
669
118
670
64
282
584
483
985
47
652
561
46
907
738
509
761
770
461
548
27
133
315
448
339
66
37
539
132
218
314
914
603
745
516
28
252
669
874
590
278
179
4
682
414
865
676
119
645
1
883
452
928
704
271
972
4
875
960
51
456
735
487
707
64
14
140
710
92
139
229
335
50
760
807
54
317
247
121
827
353
721
543
387
516
209
895
354
336
678
744
429
785
19
175
223
730
807
353
310
685
574
420
288
26
4
742
484
827
211
57
327
933
57
68
139
325
180
708
273
443
106
439
976
0
4
353
389
277
215
565
100
11
66
571
669
594
653
745
722
691
41
48
63
16
548
41
5
554
892
978
892
501
565
818
468
950
863
944
170
324
580
911
498
157
919
227
9
765
395
765
520
115
70
19
57
416
267
766
120
557
745
940
978
129
231
614
859
930
565
624
855
221
629
163
896
123
35
170
979
387
311
232
707
434
576
325
676
89
352
720
823
908
739
57
797
370
633
447
955
722
487
349
551
217
355
434
720
916
726
989
912
897
615
939
533
618
51
922
451
485
298
293
855
46
847
212
109
31
121
92
985
486
30
346
646
595
183
986
583
685
831
245
490
974
754
505
617
328
51
221
577
16
529
813
117
130
413
57
379
173
1
3
523
711
95
425
11
122
966
93
571
321
908
804
895
113
330
0
952
702
22
112
952
550
918
439
56
186
973
841
962
487
974
600
409
225
61
697
341
624
751
481
551
919
244
88
384
645
59
26
567
893
539
533
161
66
808
411
929
464
296
682
664
187
887
143
104
297
869
30
335
946
273
138
63
335
415
820
436
947
951
234
23
517
853
320
276
246
632
538
659
469
5
702
58
948
942
698
187
49
492
328
689
27
718
869
797
265
560
193
781
2
678
522
575
547
272
45
216
732
279
251
618
407
636
182
214
919
65
782
488
505
387
131
8
363
963
22
795
96
251
457
14
743
481
13
619
665
555
739
541
722
276
545
294
282
56
951
882
688
482
869
581
147
671
44
181
787
61
960
919
733
607
84
414
680
402
121
623
660
804
177
862
324
700
4
445
161
265
795
182
256
119
893
941
605
585
144
417
145
372
232
736
153
418
212
204
10
163
946
504
740
235
804
101
996
935
377
41
889
716
440
4
786
811
558
538
659
719
593
587
818
351
450
632
129
208
273
758
28
221
680
5
578
4
754
31
815
720
486
705
517
340
495
408
21
485
234
34
545
855
506
116
876
524
206
303
104
789
12
879
53
785
4
509
593
596
335
705
211
448
555
769
223
468
739
298
0
761
887
437
606
215
602
820
30
138
530
836
528
161
848
304
46
251
398
606
423
576
336
360
403
838
583
421
478
857
968
315
711
643
667
499
243
269
103
649
127
541
391
395
19
637
767
421
207
736
942
4
992
845
255
246
262
711
171
403
444
759
611
673
449
605
118
924
665
666
218
33
25
641
936
307
676
993
12
986
774
374
423
649
409
130
313
526
388
356
472
460
135
390
115
294
737
768
615
897
417
33
639
15
666
33
465
20
492
14
197
551
486
401
84
752
274
818
160
648
193
44
972
826
66
558
332
465
692
724
825
156
454
105
690
966
631
812
360
355
490
19
343
240
989
908
986
294
419
170
656
410
249
659
276
638
426
753
16
625
7
4
376
52
3
774
909
734
260
307
937
435
264
716
273
572
163
426
650
582
252
226
530
498
784
629
50
800
237
40
578
719
831
236
87
965
387
243
11
183
127
263
294
249
630
47
516
810
810
595
117
177
494
888
238
546
710
104
723
209
334
395
333
859
533
67
187
772
883
880
821
304
44
350
800
213
579
331
28
51
320
669
332
531
344
486
855
146
767
33
120
408
6
327
511
987
363
388
317
13
985
145
389
195
500
24
98
182
879
45
149
150
45
475
908
683
110
538
992
210
370
603
906
415
146
234
515
65
354
857
364
67
624
657
26
282
445
951
33
140
280
891
655
489
252
289
162
538
507
5
729
972
304
478
728
765
594
250
376
831
647
508
828
55
489
555
423
934
59
880
324
650
803
759
665
209
782
31
515
850
899
544
23
388
416
450
770
569
75
421
220
832
510
919
419
355
37
517
320
680
61
748
876
743
466
565
908
253
599
415
77
255
639
583
779
777
286
559
120
67
53
412
542
30
368
372
96
400
740
129
294
338
3
415
298
206
995
661
456
795
496
142
238
676
327
759
821
505
968
391
734
373
752
309
15
742
941
80
985
18
166
149
697
669
432
64
167
605
122
227
426
793
296
571
792
25
64
202
697
478
720
259
510
856
846
840
4
185
11
951
549
886
27
627
510
14
927
423
270
353
543
943
555
350
71
43
197
735
567
651
609
85
546
14
460
911
750
733
81
187
696
566
794
817
581
400
869
959
806
260
431
259
342
580
759
200
247
710
5
651
548
510
407
685
143
571
702
21
591
923
29
83
777
267
562
825
514
570
64
488
163
26
278
589
958
39
757
951
71
55
2
634
317
31
799
842
147
302
228
318
423
386
495
862
647
643
108
350
624
322
84
760
29
839
635
178
31
166
0
489
543
44
374
765
610
102
37
14
866
198
73
793
2
668
24
16
834
110
744
169
735
965
648
165
815
942
833
942
771
199
800
798
608
450
519
856
245
303
710
311
771
384
487
341
882
746
302
561
705
986
738
646
597
645
614
655
318
492
717
5
907
67
968
942
22
30
415
974
843
3
300
948
433
918
965
683
111
753
92
594
536
483
616
866
615
265
8
951
352
225
420
476
48
264
148
923
27
397
517
796
143
808
688
793
1
568
955
396
3
238
897
80
116
952
905
850
921
719
780
773
157
686
376
492
451
11
478
860
83
917
535
455
620
975
721
375
619
813
780
112
833
115
943
168
0
252
816
152
206
769
476
138
146
14
771
189
391
333
76
194
542
20
627
242
636
0
96
527
438
812
550
880
168
739
637
3
270
252
93
156
553
10
846
4
69
839
570
25
530
9
320
956
64
273
879
823
80
911
16
144
593
757
481
756
782
472
773
345
278
159
149
13
90
892
152
879
273
569
70
217
941
755
376
746
564
842
161
955
839
967
599
82
340
254
414
348
863
845
771
898
220
326
956
889
211
128
258
766
809
801
961
4
999
824
846
401
490
183
879
928
655
286
701
718
114
139
904
215
595
527
51
731
83
508
20
452
500
31
434
176
14
582
172
544
66
701
510
4
107
63
167
380
383
3
573
827
727
225
996
570
858
600
405
617
583
922
883
60
694
153
132
840
165
545
34
270
538
350
620
931
526
81
187
742
336
642
137
193
340
675
647
915
704
771
3
623
313
929
295
808
509
347
223
276
431
317
850
206
570
983
944
971
139
586
367
468
835
518
329
956
303
659
38
940
797
398
118
935
753
173
586
271
455
622
399
499
568
606
94
852
570
735
576
421
173
334
952
314
166
837
809
740
491
242
292
535
294
478
883
863
274
215
899
701
762
429
230
950
335
402
453
140
618
804
428
592
70
960
621
999
530
209
496
8
562
239
118
875
528
603
152
859
112
191
247
795
519
406
295
756
2
260
299
652
870
588
321
877
576
429
130
364
245
63
756
143
380
315
159
411
967
660
573
947
272
210
98
51
492
78
456
680
707
205
109
7
610
269
616
648
448
571
105
284
830
511
319
910
642
912
109
50
998
756
678
773
783
377
596
473
446
993
626
784
693
106
566
135
994
924
356
288
893
161
757
551
115
3
539
341
815
405
300
516
68
816
151
673
516
808
758
486
715
374
812
397
576
528
931
271
442
407
219
151
119
485
394
950
777
748
185
998
584
218
393
895
802
220
535
224
13
130
861
531
84
222
670
547
628
285
942
229
856
96
754
655
898
269
753
33
480
931
417
751
825
992
889
765
692
165
814
19
704
199
330
934
232
187
289
242
323
416
606
4
874
330
371
73
455
989
964
29
252
150
383
292
101
529
274
2
475
691
206
452
870
251
559
507
640
908
881
450
226
194
886
375
7
175
943
835
262
629
357
278
552
6
441
66
929
680
313
770
19
816
683
335
196
278
211
262
55
875
834
755
393
76
652
440
270
224
205
518
723
26
651
975
486
212
852
159
589
779
419
94
440
52
241
580
553
14
174
330
674
0
658
795
43
261
63
281
539
157
528
368
657
16
331
714
494
760
5
20
786
328
888
830
136
414
197
419
298
642
330
845
201
104
608
344
985
189
244
421
709
601
793
4
437
661
70
344
790
845
223
61
246
674
632
403
791
848
70
391
171
153
626
840
174
181
400
736
684
92
656
377
847
775
144
576
869
689
163
618
873
310
89
307
163
562
382
64
15
523
90
881
268
838
12
440
420
558
781
299
378
875
234
955
490
211
904
85
719
382
158
711
150
680
365
717
752
39
822
598
137
260
72
902
150
606
512
488
939
154
796
367
804
715
288
215
260
730
821
688
296
183
265
946
714
430
523
344
857
595
187
272
367
106
337
884
418
821
497
374
708
834
337
750
270
332
317
864
549
768
106
723
798
794
307
203
838
634
755
551
128
196
323
938
876
45
97
790
625
293
264
785
504
287
91
86
749
231
778
368
345
795
843
52
905
51
305
682
60
710
230
133
915
64
564
921
193
744
962
460
926
942
656
710
765
397
916
351
11
112
893
589
246
672
70
529
10
8
451
82
403
941
971
443
692
232
112
809
878
450
300
561
983
447
566
487
161
465
764
333
948
199
206
903
707
384
130
494
407
941
227
26
549
970
437
334
327
879
451
232
195
49
226
551
774
889
21
226
68
72
558
223
453
11
482
985
813
748
153
67
78
915
188
948
491
618
161
278
100
510
385
666
356
26
565
368
388
614
269
773
704
423
960
734
902
690
424
21
189
989
934
810
155
136
657
850
634
179
259
10
78
380
360
922
0
41
644
312
830
653
403
700
386
404
619
285
402
523
45
867
758
630
923
631
0
34
648
590
933
989
298
36
528
76
177
133
498
130
680
943
144
32
4
26
726
498
381
30
326
303
458
821
844
14
173
332
464
107
53
576
153
170
623
578
136
273
259
377
230
576
671
312
541
955
86
981
950
100
164
740
531
840
270
511
741
520
535
188
530
442
747
813
682
588
832
358
30
888
741
803
168
985
20
658
498
925
969
509
442
4
382
16
716
604
561
419
790
240
622
346
226
935
475
972
23
635
565
572
983
2
993
66
298
934
5
536
344
883
380
38
752
19
912
520
662
941
702
737
265
36
86
509
31
33
203
981
370
796
250
916
944
424
442
83
636
457
369
499
221
217
787
649
692
113
326
196
892
5
210
268
492
110
74
345
491
975
969
239
663
872
21
370
430
242
305
103
689
958
334
4
5
878
429
690
410
747
455
581
694
864
131
696
668
196
594
269
791
349
339
98
503
327
11
299
182
186
314
484
925
338
417
665
173
503
838
119
699
86
448
186
96
681
764
69
164
909
343
4
564
746
637
253
194
508
532
495
96
520
711
785
869
123
584
506
359
254
457
193
306
563
74
630
44
799
403
790
69
154
566
320
912
7
14
296
481
585
528
693
674
845
591
737
28
715
55
480
850
393
356
778
703
162
915
227
984
116
209
660
519
137
117
197
860
665
972
884
410
881
611
204
980
622
55
646
328
567
438
135
122
571
878
979
767
192
84
471
449
781
32
522
520
944
760
86
47
960
193
251
292
758
108
562
645
409
979
740
351
572
879
817
139
695
847
451
3
221
971
221
186
519
282
306
148
667
433
101
353
2
213
854
21
903
478
446
272
724
94
590
557
353
689
120
757
293
18
362
772
218
333
66
256
201
40
163
945
159
30
988
507
243
678
68
671
615
981
826
193
351
837
238
409
530
99
284
782
505
937
534
523
399
232
197
965
142
10
279
659
142
938
169
690
868
330
226
20
966
285
784
985
516
667
561
60
771
218
549
220
127
467
728
77
266
328
246
263
896
234
289
744
864
746
162
147
738
94
534
8
338
647
312
5
134
238
187
123
402
534
876
934
586
63
309
45
706
81
465
85
748
97
40
231
210
65
242
579
214
406
39
310
330
63
16
868
338
430
64
21
901
491
19
69
15
219
615
818
638
825
798
271
312
211
368
731
465
951
354
632
44
985
916
618
13
814
318
177
886
994
937
219
544
466
839
165
98
383
62
110
53
395
511
100
227
949
444
236
19
66
438
342
739
869
802
680
199
575
162
872
715
264
837
104
743
432
338
140
516
438
352
913
785
14
792
861
394
739
200
423
726
375
715
2
107
813
301
955
554
661
912
240
13
845
75
810
543
184
994
832
351
298
962
858
299
12
201
711
742
246
336
152
305
332
65
466
3
270
185
417
656
682
889
452
1
209
355
459
11
77
597
407
698
679
0
829
663
449
606
345
877
32
582
464
587
776
449
113
856
186
703
982
133
144
555
323
598
210
90
620
394
320
610
471
339
586
94
951
807
425
58
48
578
831
199
806
283
994
656
300
473
764
360
712
911
39
556
948
108
61
970
979
3
356
43
166
345
582
332
740
262
778
747
665
325
869
741
185
377
229
970
782
628
828
547
863
737
607
801
617
403
318
257
36
291
432
943
520
658
828
747
314
568
347
708
177
684
697
4
817
51
739
266
239
842
682
503
51
269
547
153
918
933
110
419
129
67
671
332
935
22
495
724
431
213
631
192
742
635
281
958
128
830
270
986
568
203
807
233
648
499
60
901
21
1
794
251
698
168
577
3
548
81
135
128
410
385
465
675
928
113
408
676
518
366
668
386
674
982
332
754
541
94
612
835
292
78
972
228
803
835
818
289
64
539
574
956
99
895
2
585
199
0
132
409
255
400
796
136
751
643
388
905
487
627
666
187
2
669
366
614
132
115
444
99
743
97
166
963
691
325
958
420
118
7
14
63
772
777
629
102
633
835
619
619
519
691
758
380
673
451
631
626
306
64
70
508
968
610
575
464
322
554
586
134
284
796
367
224
119
64
424
683
761
963
786
329
562
617
521
88
286
147
985
365
192
231
750
110
789
603
797
626
726
113
899
429
268
715
777
612
907
829
994
960
797
818
515
151
653
19
343
385
500
738
491
340
581
862
880
493
783
364
590
43
281
891
350
52
10
968
180
951
303
45
960
890
226
203
571
217
892
310
512
356
849
4
1
4
820
173
935
85
267
348
496
115
908
172
13
865
637
548
694
312
0
980
570
834
4
403
7
224
246
840
824
261
80
526
592
358
367
856
0
900
79
814
938
695
88
665
852
37
136
738
306
846
20
26
870
955
950
235
786
88
932
694
315
402
180
98
921
472
193
567
854
20
169
703
11
707
304
650
855
71
903
863
730
293
164
8
280
214
734
456
255
376
874
239
998
163
3
677
521
443
898
465
256
480
491
2
816
893
883
920
231
534
62
160
126
435
851
338
749
106
954
903
383
660
156
435
121
851
459
388
532
998
869
269
5
817
4
729
210
452
897
1
34
562
67
62
505
764
48
71
277
33
695
743
246
893
794
871
691
382
147
279
242
233
302
615
133
278
503
508
168
965
321
795
151
166
388
400
115
297
331
19
592
75
154
996
502
506
401
708
708
131
542
467
646
160
138
262
404
578
262
733
192
349
265
885
224
789
981
794
562
47
214
675
481
993
865
35
168
504
462
64
448
682
847
7
817
768
560
872
617
51
737
275
0
787
526
46
366
277
884
4
848
413
480
329
579
104
11
216
833
369
149
20
962
576
122
260
739
736
712
332
201
424
259
488
675
528
649
106
880
602
300
291
968
93
686
696
44
343
777
704
457
134
495
174
200
7
666
132
114
104
546
805
278
688
827
357
420
240
580
441
311
5
521
643
39
175
787
430
522
441
362
570
0
790
836
495
329
335
720
423
933
450
741
421
106
890
220
909
697
303
692
121
26
129
193
318
397
134
332
265
358
533
494
26
8
989
661
33
461
893
401
698
107
40
90
344
419
527
151
134
959
740
891
272
225
739
8
139
320
669
773
362
821
245
685
624
553
400
126
448
305
718
247
626
879
59
502
377
533
576
166
717
241
793
63
469
977
974
693
634
555
427
89
626
712
574
547
951
938
754
366
302
45
65
714
773
150
15
251
93
189
510
20
859
988
160
50
496
196
38
841
419
179
871
758
143
526
931
195
96
912
950
20
254
528
751
141
607
981
118
131
7
242
216
14
814
804
304
287
271
177
727
492
177
951
665
546
607
999
624
268
304
153
308
68
20
176
979
86
15
424
172
771
432
349
605
293
600
163
984
683
389
861
73
842
74
714
852
277
729
237
784
217
923
500
901
240
101
46
292
181
14
36
21
465
137
708
675
735
316
15
14
6
381
151
603
349
641
970
307
827
451
110
805
886
785
288
896
355
303
653
402
7
601
251
738
314
190
979
894
443
213
837
999
361
876
445
756
105
412
776
65
668
992
306
320
543
575
595
8
975
529
5
3
415
42
71
85
317
261
38
168
425
609
499
426
138
907
507
948
298
313
736
751
475
136
707
807
265
110
657
881
191
525
165
166
168
757
252
629
724
537
337
764
376
879
762
777
439
727
648
399
962
198
748
771
388
768
494
758
56
350
236
719
220
398
207
142
492
473
387
997
976
58
6
650
509
482
855
4
59
823
896
650
549
949
751
61
200
419
326
497
607
979
85
499
127
419
252
756
990
537
853
404
590
267
112
617
313
172
217
211
290
982
599
325
462
461
0
521
542
132
91
32
280
155
921
7
88
0
344
932
289
721
611
96
390
41
443
719
230
109
809
482
65
308
749
111
897
717
337
714
708
410
630
937
299
2
675
122
15
489
365
856
503
350
250
967
563
374
750
869
803
982
324
747
25
285
783
597
971
463
22
591
453
692
815
708
775
465
13
838
698
402
128
183
597
64
112
150
66
909
932
493
329
35
242
606
312
426
279
189
840
181
43
224
595
334
656
291
73
567
14
754
601
806
951
286
181
410
188
486
225
357
577
696
242
397
947
149
118
168
542
297
5
112
603
976
802
684
325
84
403
593
549
185
750
962
163
727
393
292
283
667
945
505
54
125
736
818
183
298
951
276
969
26
370
97
950
706
720
419
16
22
179
65
678
600
18
36
957
32
174
904
25
982
282
157
606
394
951
329
25
130
187
534
898
118
461
436
503
14
693
458
283
193
90
807
432
446
834
316
26
194
381
419
291
917
110
701
965
714
670
288
450
144
350
37
45
978
746
525
577
859
23
464
628
794
827
267
944
601
714
338
500
316
777
417
559
690
327
848
646
206
977
7
180
316
161
552
361
11
75
891
91
392
725
657
916
366
232
890
268
329
897
727
482
261
573
335
375
97
219
9
555
347
73
425
256
604
410
65
619
893
346
984
808
922
834
19
850
183
742
288
32
993
513
231
948
188
710
843
366
890
353
95
62
128
919
20
902
147
132
346
321
67
198
737
439
415
401
539
845
866
52
365
677
937
867
152
248
153
474
874
91
370
721
681
647
661
291
303
754
806
543
35
848
209
371
244
319
603
660
13
874
695
45
853
108
245
810
541
814
204
481
813
966
867
808
288
415
176
451
70
539
628
615
818
456
839
649
202
780
82
607
452
909
18
996
933
188
769
336
11
411
431
828
353
655
315
99
478
444
675
598
60
999
792
933
114
217
637
749
771
115
805
343
966
727
222
947
87
15
914
801
912
199
256
32
4
275
812
399
166
167
279
28
934
436
756
751
110
217
16
651
804
324
837
295
699
870
845
260
621
361
367
151
90
3
356
878
130
158
414
113
248
933
71
355
204
983
655
25
5
988
868
104
72
592
833
51
403
157
922
3
351
990
512
68
232
616
11
777
962
866
304
62
791
44
542
779
405
330
838
510
149
707
971
587
758
573
991
594
493
564
38
483
622
798
193
402
97
412
297
173
99
653
151
886
978
632
129
127
501
773
393
597
386
806
243
252
157
124
244
462
438
100
423
186
284
976
524
726
405
453
325
477
179
532
34
859
144
170
394
998
779
783
60
263
148
611
171
262
591
947
732
315
126
156
738
65
486
534
33
582
451
541
758
297
640
75
668
655
970
555
253
234
904
367
291
528
418
781
674
280
599
39
59
337
347
319
406
430
728
200
778
106
34
896
207
481
536
470
221
127
546
366
330
412
364
153
66
266
472
602
572
465
894
156
227
246
73
455
505
410
646
505
959
642
442
701
145
267
769
429
131
996
89
93
429
121
225
574
3
608
790
749
694
56
404
47
932
759
5
653
160
3
240
584
745
417
579
654
102
319
806
179
132
268
131
9
647
561
954
739
144
826
379
483
40
320
658
310
725
356
879
204
335
1
669
171
235
846
452
262
804
337
641
451
741
881
87
300
311
107
229
152
453
37
310
243
341
395
33
980
239
877
881
120
176
991
347
0
4
106
852
801
506
829
3
6
151
682
31
525
587
371
450
733
36
289
406
9
300
50
236
992
317
805
375
385
464
435
842
185
45
58
527
11
955
406
669
777
242
356
261
59
815
463
613
10
136
0
90
531
724
536
468
982
937
343
412
132
371
251
469
753
702
461
351
976
790
756
710
928
738
304
686
363
41
842
678
68
686
26
585
816
455
365
766
589
104
966
149
158
832
966
243
330
70
346
911
73
431
170
788
146
188
658
196
990
469
86
132
738
826
323
956
796
555
9
239
362
437
807
372
504
609
3
742
783
969
740
339
388
64
261
281
212
320
33
518
588
802
107
85
840
100
808
274
15
449
61
902
616
95
435
911
386
664
33
144
864
282
589
323
344
148
819
630
606
918
924
11
45
589
964
7
323
614
660
262
275
3
398
833
716
711
456
362
783
730
93
931
855
704
532
77
982
12
233
889
807
695
386
746
336
748
168
789
416
5
52
428
581
185
51
462
395
250
659
381
241
657
519
8
195
540
930
184
741
771
255
59
264
15
20
773
388
436
229
959
443
694
80
43
583
420
791
540
368
216
33
464
21
625
251
31
100
159
393
720
547
449
673
44
30
879
677
630
160
361
61
878
842
78
541
996
285
73
217
340
38
323
813
101
720
265
658
348
58
510
996
531
102
147
517
100
293
595
262
742
308
563
337
79
78
38
359
979
15
816
743
373
375
288
89
892
267
612
159
529
644
965
314
690
652
401
379
551
9
464
757
784
857
940
29
194
344
792
310
948
851
885
793
188
418
301
738
749
396
740
408
750
94
735
966
209
885
966
3
315
775
713
252
11
701
897
238
244
628
667
606
491
278
73
250
197
140
673
288
532
948
976
19
815
584
715
764
572
490
633
642
582
306
648
496
165
606
510
200
946
608
689
317
577
610
45
48
60
807
114
4
81
896
14
48
739
417
707
29
774
317
787
367
550
252
103
925
876
63
819
110
489
321
926
834
741
422
517
41
941
459
355
199
35
21
3
468
436
880
4
759
620
787
428
835
684
800
746
467
810
902
268
931
448
34
1
640
149
946
663
331
211
456
610
132
699
473
848
767
95
114
11
865
997
868
937
209
180
146
698
213
844
599
166
3
147
904
15
158
404
983
663
651
837
613
963
140
268
603
869
493
519
598
243
45
921
944
154
839
71
270
486
68
873
837
222
181
619
129
620
830
0
927
538
151
16
382
33
708
21
487
88
71
84
446
126
18
997
453
442
55
888
801
632
32
47
660
646
201
545
167
467
651
234
877
669
651
1
62
727
383
573
17
4
569
109
76
3
91
233
498
691
9
259
479
565
457
697
812
123
848
615
684
894
203
785
539
15
254
916
576
319
971
476
822
202
332
523
86
861
728
721
619
250
464
156
825
359
785
356
396
161
26
160
678
510
13
543
661
215
717
716
957
386
419
503
461
975
677
644
5
282
474
20
894
603
903
45
79
492
413
967
137
549
607
141
893
357
894
366
409
549
460
327
312
360
734
510
797
695
700
326
584
98
103
658
452
619
211
262
877
188
438
92
615
114
121
264
236
159
693
937
119
509
993
715
534
34
211
778
554
899
575
924
398
545
441
71
739
166
778
583
171
0
0
670
333
969
858
61
790
164
958
643
31
622
53
33
851
45
449
778
823
883
93
38
768
202
856
924
108
129
995
276
618
999
462
192
689
920
19
3
162
690
475
492
140
700
874
396
162
997
86
918
58
595
509
270
91
982
201
539
801
474
467
806
448
269
489
542
12
742
61
631
463
33
45
857
606
581
894
135
113
654
612
651
481
496
6
190
157
991
675
231
965
745
138
8
124
381
539
3
379
481
198
786
583
283
562
128
306
144
713
367
97
123
377
132
732
250
23
737
967
300
669
14
468
405
426
951
867
238
155
501
74
471
128
947
830
257
859
382
150
888
760
622
316
252
394
822
130
824
349
91
230
253
630
387
320
635
690
669
648
725
703
389
462
495
274
954
467
543
499
879
486
949
800
191
467
356
673
238
761
766
968
827
571
478
379
74
687
486
16
374
41
583
892
113
175
345
206
946
971
164
891
271
378
518
40
124
788
84
0
153
541
206
380
859
32
247
964
367
293
655
831
182
241
334
73
770
374
351
23
150
226
676
434
341
615
113
753
99
398
413
77
73
953
645
367
474
622
130
780
12
944
295
688
984
479
103
791
571
681
284
410
645
721
690
155
461
60
736
11
545
608
516
614
312
649
184
879
415
588
8
333
385
19
227
396
704
943
751
969
702
459
356
728
848
130
354
216
260
628
42
804
734
803
816
0
201
118
635
667
785
919
336
923
752
389
370
472
254
869
199
917
638
768
592
91
82
995
895
194
776
306
182
71
666
672
681
521
11
224
918
90
516
362
779
604
508
551
455
133
813
648
274
8
384
4
357
560
490
684
162
8
612
674
735
584
22
135
643
686
200
825
520
582
625
397
137
378
377
145
465
328
138
576
900
3
994
12
404
622
13
66
329
748
0
2
110
535
319
746
478
167
832
59
5
653
596
361
55
505
445
314
470
520
215
752
25
491
429
653
503
315
663
204
122
67
106
932
221
132
18
88
473
512
366
578
928
22
517
872
905
741
805
121
752
852
952
657
519
863
266
852
285
441
515
110
680
790
957
126
800
670
74
445
711
855
273
100
707
203
749
20
564
216
413
821
459
417
762
392
81
190
184
878
950
613
762
551
38
788
184
525
583
580
68
805
595
419
348
575
4
895
42
87
327
754
335
150
644
289
171
988
125
548
68
636
27
309
138
339
208
117
862
368
449
876
118
212
288
209
531
887
442
601
61
828
278
658
756
56
440
247
666
262
221
482
586
26
435
29
408
225
908
877
464
847
654
395
349
267
961
74
335
139
499
94
968
137
273
365
508
783
244
428
347
283
262
247
721
297
291
476
258
145
837
781
498
668
899
682
299
15
403
56
33
317
508
196
466
515
950
207
62
495
11
534
823
377
807
757
72
835
835
50
592
941
648
41
74
285
442
3
565
958
3
130
63
437
570
782
374
297
186
3
323
487
632
619
923
664
518
46
996
467
895
356
951
17
243
236
26
698
69
329
651
45
772
808
142
293
992
436
998
26
808
3
288
907
420
378
92
634
110
975
247
174
428
290
231
464
906
16
803
988
369
853
9
951
701
2
429
742
836
989
621
713
400
796
209
575
688
653
896
837
179
78
773
95
544
406
835
449
22
503
27
887
69
34
246
657
406
88
769
41
188
95
137
367
68
322
50
480
539
908
328
717
218
74
7
288
103
456
370
339
11
835
168
777
549
157
198
517
518
828
526
94
654
698
502
45
137
328
916
232
187
467
113
880
154
287
337
261
922
552
910
692
974
838
164
180
397
651
608
96
541
1
3
960
635
720
217
961
506
905
796
403
474
795
869
216
729
206
438
384
0
847
425
980
664
719
916
900
877
899
466
234
608
915
18
645
934
186
21
442
104
658
855
990
777
775
321
290
830
860
53
200
117
369
621
645
132
109
525
455
144
271
595
60
881
244
683
543
525
599
522
693
174
65
398
558
891
678
712
300
85
768
563
367
377
222
592
867
1
899
873
477
33
102
717
24
556
382
444
664
940
476
168
396
960
482
433
378
392
753
122
663
673
594
193
914
11
131
100
326
175
223
601
628
544
463
805
672
109
7
205
183
352
957
83
484
122
440
889
472
465
9
66
71
27
966
64
956
23
207
863
151
586
449
146
7
952
828
639
921
462
734
61
202
888
905
34
240
541
628
463
199
432
54
149
181
374
128
948
178
776
432
100
453
635
792
155
24
421
207
320
430
226
660
215
293
127
823
33
372
634
201
774
168
33
42
618
916
844
841
19
386
500
969
39
966
609
290
203
800
775
722
12
602
298
117
162
577
241
294
318
857
637
167
494
101
411
504
350
73
9
795
771
964
437
219
517
182
846
206
57
557
970
102
114
529
921
957
919
416
570
10
963
613
952
716
760
471
172
2
639
927
191
575
163
88
198
165
257
71
456
208
624
885
798
528
478
581
33
926
479
575
413
982
686
140
973
33
676
776
917
886
309
493
849
728
73
215
257
192
996
275
999
240
67
319
806
445
63
282
633
224
532
30
193
116
909
383
241
380
799
620
411
242
286
408
141
0
295
747
74
323
766
912
212
122
145
295
250
484
962
992
360
183
104
448
630
850
195
679
478
953
805
478
788
984
12
780
484
338
949
4
454
808
559
229
416
786
318
719
98
836
521
645
19
114
298
878
1
300
197
561
257
303
13
414
862
209
123
401
369
439
128
730
320
646
542
180
117
877
63
867
370
14
239
1
103
765
26
656
822
373
103
575
909
546
805
659
89
600
666
802
113
286
997
462
541
919
602
417
491
11
970
818
681
271
601
107
944
667
628
798
842
428
59
148
39
338
149
420
995
947
577
513
160
337
670
122
300
683
642
9
0
3
630
235
369
830
343
664
143
208
745
743
370
1
0
1
844
851
257
568
79
595
415
795
165
228
367
705
439
91
668
307
330
848
509
838
723
701
217
110
665
154
435
905
891
33
40
632
879
829
986
475
650
470
374
456
898
262
159
896
126
259
222
139
243
146
568
99
976
833
147
133
172
5
373
411
52
93
918
0
722
487
515
359
751
527
730
696
270
685
249
173
140
10
756
329
304
64
802
780
513
111
120
975
710
972
175
2
568
282
153
950
643
110
139
186
764
610
994
868
993
797
842
911
115
769
317
30
731
118
541
624
327
196
977
713
25
978
384
27
820
296
322
447
521
32
913
819
553
491
979
920
373
743
973
794
90
635
207
742
743
634
834
795
89
288
628
7
477
695
504
366
732
316
796
668
57
598
177
126
204
62
424
399
168
454
473
907
317
207
178
57
96
525
527
495
805
404
848
835
133
142
496
132
477
469
259
848
155
320
735
692
737
795
244
45
365
426
453
748
634
337
862
722
61
226
966
787
888
475
373
200
387
772
91
227
421
425
976
480
952
922
326
678
724
287
472
13
841
437
952
136
14
515
850
673
961
742
417
912
252
95
875
141
708
39
951
149
999
911
91
570
241
411
317
163
267
544
58
698
184
311
148
51
944
245
738
793
4
559
199
915
24
231
563
419
827
899
93
757
588
892
446
111
998
647
178
466
296
372
967
91
277
604
26
707
935
111
33
286
843
893
265
15
231
20
432
221
884
3
961
975
157
214
662
112
258
178
204
418
428
987
198
138
350
871
393
286
101
797
535
818
170
285
135
100
156
340
517
789
267
173
925
0
629
889
579
18
242
953
513
672
1
186
903
369
483
357
758
2
535
353
335
348
29
57
365
71
99
239
566
708
282
969
681
250
308
269
15
495
511
563
583
170
125
747
148
711
98
489
549
495
772
164
518
593
758
831
533
822
899
239
706
858
278
119
32
289
24
11
866
278
248
621
90
304
35
240
791
797
975
558
3
524
769
410
107
918
24
241
893
275
501
50
529
288
57
85
213
131
134
256
659
457
345
73
560
290
827
903
585
449
625
136
703
283
137
682
342
64
682
165
149
824
607
749
384
916
418
992
546
491
192
961
38
338
599
229
643
194
587
800
245
312
306
420
263
253
586
876
316
812
205
721
276
564
791
432
154
326
763
204
85
731
339
650
873
496
707
49
844
954
626
195
51
245
349
515
473
131
539
691
100
646
668
392
636
426
494
190
960
35
813
336
337
558
450
869
238
338
48
987
418
993
102
954
42
534
766
0
548
354
380
902
80
325
905
101
35
439
807
114
200
258
716
176
688
221
584
232
884
232
907
602
360
915
487
294
577
11
157
755
25
238
625
771
66
302
821
254
960
650
884
662
241
84
807
609
434
685
53
187
461
596
435
738
495
167
278
266
424
23
911
858
745
74
996
558
703
589
442
615
975
117
594
484
48
755
366
673
451
323
343
563
566
65
512
612
871
692
365
318
646
199
21
924
732
19
568
725
748
787
654
311
182
199
219
73
411
419
648
980
860
648
889
712
614
258
696
180
33
867
468
554
3
152
717
313
103
849
809
520
74
84
446
572
242
233
141
147
838
450
201
653
804
401
314
630
912
66
677
871
19
796
916
652
820
893
986
249
290
304
757
899
452
469
613
279
101
471
598
992
456
572
822
513
714
410
311
649
855
393
120
463
312
474
144
220
584
378
71
547
51
487
931
871
540
143
944
180
635
824
124
200
0
89
867
973
83
56
417
776
181
423
803
125
936
571
445
373
69
402
12
934
944
743
651
680
483
415
190
851
428
387
762
68
457
216
514
254
339
268
11
880
911
821
653
155
427
421
997
7
296
447
65
1
625
724
311
935
724
391
396
380
61
0
574
64
555
155
555
749
71
338
983
630
879
463
60
208
896
738
79
659
766
841
672
744
147
74
464
415
837
84
501
913
937
601
498
164
122
26
995
81
360
869
943
293
799
969
566
449
920
796
295
410
380
130
182
143
127
424
907
8
2
788
398
164
38
16
596
306
850
60
989
420
610
84
328
386
33
179
443
724
639
770
428
927
525
235
660
750
144
51
185
309
791
293
448
172
300
865
37
5
993
992
29
203
271
709
113
779
176
41
29
579
204
272
22
735
140
72
579
225
216
960
154
277
149
218
504
875
267
44
370
131
164
827
120
175
524
648
26
35
712
623
169
479
200
505
4
931
829
595
762
647
490
89
867
398
969
133
844
300
101
821
303
497
544
261
290
104
913
744
887
65
698
395
997
124
69
915
439
855
336
850
113
782
881
247
366
29
846
607
747
740
222
371
931
453
457
184
162
594
187
386
637
831
681
994
876
316
33
332
341
844
748
735
844
86
654
73
69
173
508
315
636
851
326
107
834
704
184
850
871
145
255
614
24
988
148
586
997
766
478
82
529
129
702
390
374
476
479
899
755
800
863
278
704
912
226
318
516
317
997
46
41
103
193
379
179
70
21
136
709
723
862
333
195
203
126
824
805
250
70
611
476
541
744
947
732
26
694
720
393
844
177
901
732
81
998
454
519
950
39
289
84
396
295
101
853
702
27
344
672
978
314
4
264
989
232
7
226
55
202
140
487
12
4
230
19
961
687
551
45
647
34
998
246
328
373
305
743
369
216
502
279
277
102
820
382
457
123
776
93
409
931
244
228
843
838
695
872
4
276
796
296
98
243
273
471
997
550
437
106
636
879
220
561
474
354
764
95
403
296
551
134
385
191
210
882
752
471
671
14
513
10
179
27
592
517
390
688
554
952
337
118
939
938
163
75
279
823
819
102
557
9
922
409
892
18
825
621
220
413
662
558
243
529
614
660
767
270
121
319
30
394
601
520
569
580
461
370
32
18
578
431
463
345
777
76
387
140
274
488
658
403
293
282
874
713
885
75
19
346
900
580
795
439
121
570
990
476
770
524
938
262
459
239
475
424
3
649
551
404
582
365
103
33
983
871
883
76
514
40
912
453
87
520
267
504
494
501
270
544
684
441
729
442
853
875
445
230
744
302
188
758
591
631
179
705
326
83
943
328
69
753
372
260
47
82
225
28
26
423
655
544
980
359
550
801
933
355
398
389
554
918
107
771
331
32
83
793
741
1
682
830
9
874
27
753
890
107
165
499
14
52
398
806
211
480
33
595
596
509
274
675
111
334
526
161
835
217
355
385
106
53
477
663
8
22
497
329
214
448
415
950
533
27
961
865
154
18
25
71
192
60
591
482
641
450
395
370
827
376
581
205
876
341
549
621
166
0
471
156
314
1
101
530
550
179
585
154
554
609
8
830
104
950
73
237
94
766
930
521
460
438
758
594
197
711
453
56
101
461
289
77
572
356
976
176
577
804
736
319
117
474
762
633
497
434
460
302
13
350
270
55
196
212
324
323
972
161
819
462
482
756
816
895
565
184
641
321
260
814
288
314
468
726
220
167
200
198
34
500
566
541
362
760
394
302
922
395
617
594
14
932
419
115
656
134
429
9
776
979
791
532
323
636
554
494
24
313
343
0
874
3
113
894
10
73
675
540
893
614
745
662
847
339
45
271
633
721
333
801
310
583
767
712
277
114
954
185
72
879
182
707
434
184
117
196
74
534
3
754
800
41
835
714
980
526
495
304
590
379
943
883
36
974
909
10
84
271
64
180
369
4
325
0
711
374
165
932
110
446
873
515
104
661
883
20
312
116
750
957
253
947
227
55
224
925
244
249
654
90
515
843
309
98
304
293
60
84
250
1
341
944
507
404
726
520
305
164
784
216
409
742
80
579
504
294
261
244
91
55
910
634
927
512
243
32
696
428
46
739
211
344
47
182
5
35
319
704
744
97
250
789
341
607
434
63
367
589
50
533
141
225
681
559
97
98
371
955
5
243
60
661
951
892
432
367
16
95
281
784
304
589
30
835
978
504
166
12
655
342
608
69
78
208
56
342
221
392
748
229
989
22
96
80
251
525
8
4
680
635
33
459
984
32
799
896
783
344
251
614
50
631
1
999
366
180
913
70
547
232
720
225
281
971
267
733
38
69
48
453
463
288
826
397
598
562
490
10
227
957
268
621
192
334
894
32
855
441
192
511
382
952
422
650
428
828
407
841
445
479
23
323
155
587
67
127
477
448
244
413
533
549
152
138
970
519
897
250
191
706
688
242
150
212
248
178
660
10
938
701
122
743
926
353
423
122
328
72
488
758
308
269
526
0
82
365
772
701
954
303
95
443
496
222
162
340
861
350
925
746
328
853
659
166
808
937
858
343
243
830
54
484
126
368
819
518
227
385
509
801
968
319
197
1
582
771
469
189
186
439
94
547
746
549
601
981
839
339
290
596
55
307
984
168
127
805
954
118
738
820
271
838
813
538
386
529
580
336
946
826
710
804
557
739
191
449
975
107
787
220
199
288
943
198
622
527
792
873
643
748
256
771
64
737
968
453
179
19
586
537
649
789
312
15
571
85
842
104
572
70
441
246
852
3
63
82
221
367
610
524
610
625
314
921
783
91
810
974
468
553
1
182
969
854
264
18
943
425
842
648
984
984
24
77
348
882
824
625
956
177
896
588
374
960
0
504
914
532
327
209
241
557
539
26
248
516
921
530
4
747
194
34
690
5
953
689
172
4
858
99
226
301
389
61
270
525
427
654
579
922
307
522
681
773
549
4
16
105
199
720
809
750
632
422
330
562
994
151
66
204
26
399
311
443
141
632
309
757
987
699
252
45
917
573
235
978
688
17
368
154
404
254
622
512
69
130
168
953
803
229
623
577
536
226
153
486
286
90
814
653
13
82
10
251
337
827
689
341
977
3
533
21
695
267
641
420
354
510
383
93
169
669
480
76
317
516
362
878
591
943
19
370
320
663
756
142
777
303
462
903
545
536
109
30
851
302
256
902
78
867
65
2
786
572
585
328
668
262
148
855
928
306
757
739
286
870
360
1
258
789
78
650
319
970
280
568
704
494
672
25
563
12
505
547
632
561
534
371
663
939
309
959
553
645
879
837
319
101
505
771
416
611
127
180
219
710
676
254
155
190
229
3
769
995
154
340
236
231
865
172
727
229
479
302
614
984
457
480
896
283
698
382
685
455
307
287
896
113
353
298
797
215
903
802
251
528
754
865
274
141
287
170
207
976
856
621
240
186
333
3
404
629
435
562
392
188
208
748
524
767
134
145
797
349
292
768
20
130
10
589
970
929
128
780
4
241
588
565
746
601
565
771
922
798
822
295
498
364
981
495
104
935
795
854
92
861
195
891
562
995
207
210
713
990
890
894
320
647
9
200
525
515
596
306
485
894
293
637
259
804
174
622
278
0
810
262
684
481
666
200
458
667
330
578
847
148
754
112
753
118
774
120
925
819
687
809
822
305
112
214
794
126
103
205
128
367
815
92
36
469
672
571
389
919
78
427
439
107
649
360
450
365
144
495
631
9
982
997
638
123
617
465
178
665
662
171
910
560
65
968
781
424
355
870
248
219
144
144
874
59
790
760
2
191
920
949
238
568
585
346
746
417
101
822
720
654
730
85
364
335
250
882
660
630
792
619
59
722
295
440
30
636
209
274
332
47
45
553
859
393
925
289
172
308
147
277
878
993
198
519
25
180
822
178
33
89
623
26
477
520
686
513
18
344
144
541
341
652
460
512
64
625
641
106
13
683
335
34
160
457
838
643
998
734
535
667
759
417
376
21
288
247
434
469
82
595
459
778
851
191
296
233
24
145
382
487
995
976
21
848
156
349
789
846
553
719
284
141
548
155
864
49
665
296
996
831
599
834
268
684
139
554
2
432
162
490
918
502
920
952
47
22
549
141
218
832
418
929
201
624
299
10
530
510
672
256
743
680
15
533
262
960
947
482
763
294
684
344
601
22
685
798
993
965
717
410
387
313
608
527
199
916
506
630
291
589
96
969
767
332
378
676
302
769
683
673
492
473
879
804
868
671
276
617
744
838
491
33
455
849
431
0
92
689
293
561
80
780
660
322
825
658
476
2
455
585
192
939
313
642
96
204
318
122
758
585
704
279
108
300
270
222
323
344
203
78
823
974
132
668
317
499
588
122
1
883
238
298
909
862
524
4
663
772
624
14
975
974
465
417
423
402
862
339
893
565
987
658
605
821
3
67
14
161
733
247
932
38
315
163
436
637
841
233
884
885
297
485
67
279
651
445
910
816
559
173
559
627
190
249
328
846
100
30
561
431
343
69
117
214
515
941
314
328
915
817
557
398
818
45
243
65
685
532
747
630
197
276
79
881
204
618
887
447
11
200
639
605
940
286
680
844
396
783
433
444
11
625
798
221
395
151
364
355
297
279
7
37
873
437
153
173
608
839
606
234
794
206
364
990
699
855
601
238
955
186
132
188
654
300
656
182
594
804
83
63
969
864
170
892
609
363
476
808
992
581
988
429
621
278
376
192
440
187
5
988
1
912
357
3
678
43
84
348
19
33
118
766
185
945
333
807
34
579
226
69
11
856
722
194
878
759
930
149
711
855
404
411
249
197
12
481
203
238
570
695
166
872
748
904
961
555
385
724
744
629
651
361
904
118
769
699
778
848
934
82
936
2
797
946
632
995
102
200
357
997
118
936
719
550
132
557
950
161
576
586
926
672
393
645
393
76
638
359
460
787
461
288
359
974
612
515
51
402
192
289
642
606
29
654
393
147
194
840
312
416
222
270
255
221
515
78
763
169
517
924
910
652
57
254
373
378
967
856
178
893
390
112
89
633
906
450
605
722
453
188
223
156
76
444
906
595
1
40
255
169
193
840
98
768
667
777
20
49
518
474
428
1
997
619
79
3
73
763
780
159
469
115
46
274
884
561
43
737
103
47
303
118
943
620
448
80
691
595
687
989
539
644
742
0
712
885
99
90
964
749
297
688
319
8
945
280
359
961
651
189
576
560
547
970
315
224
731
272
212
629
630
448
841
738
379
651
74
888
723
267
15
292
354
147
326
125
281
987
970
764
990
173
990
480
50
276
636
15
875
611
179
976
487
57
731
17
541
258
169
827
415
230
22
347
357
996
768
732
341
326
87
356
432
583
204
638
729
405
92
463
9
459
851
825
101
285
450
484
556
698
277
871
74
259
162
440
630
175
618
992
715
8
551
767
289
700
370
119
644
141
95
748
66
163
603
65
647
888
3
257
669
74
284
664
356
831
769
640
970
322
750
877
951
617
40
548
427
461
262
55
682
14
700
204
379
795
303
888
785
220
150
23
823
862
228
26
634
727
857
990
747
1
68
203
454
884
397
941
994
429
555
250
130
215
156
781
300
329
795
964
952
946
4
338
837
826
454
521
127
287
202
294
82
889
30
571
150
556
635
687
156
665
41
686
804
700
15
515
420
301
257
190
520
562
64
276
680
766
992
955
3
793
361
892
13
974
401
481
141
911
700
681
898
868
771
722
647
207
32
601
179
398
799
163
931
258
84
631
68
899
453
618
4
854
384
560
122
299
451
13
795
941
907
982
573
281
891
447
435
493
122
500
785
25
33
122
267
226
547
58
500
614
450
24
186
445
786
158
311
19
94
113
471
78
740
521
357
49
793
808
407
82
930
120
572
40
764
2
917
571
840
372
252
747
983
217
229
399
179
869
116
358
562
634
759
349
512
80
441
759
784
870
235
74
149
175
775
889
615
704
254
365
394
98
458
526
767
80
129
208
81
295
86
649
579
119
821
293
572
691
550
339
280
890
779
797
765
557
172
62
224
413
502
716
193
841
790
298
188
150
506
32
563
71
678
798
348
12
0
826
760
625
533
786
1
468
277
84
8
772
605
346
102
128
742
603
101
792
896
266
176
820
479
272
656
488
91
980
263
218
776
937
218
311
259
118
536
746
323
732
69
855
855
596
556
38
676
122
47
894
679
259
530
403
821
449
109
258
234
637
176
142
646
49
797
68
407
954
610
551
1
860
329
600
904
300
282
33
973
474
934
584
205
227
717
796
361
504
298
740
184
461
364
482
48
612
985
833
732
540
433
20
69
543
244
568
5
497
20
315
924
137
64
340
333
19
80
998
439
280
373
746
342
923
213
854
62
508
515
329
92
100
138
191
301
77
720
477
878
704
907
193
284
522
491
0
29
406
933
282
180
631
985
947
934
793
358
587
953
181
456
330
196
4
724
844
84
268
440
74
133
620
702
442
263
879
354
259
123
22
3
5
485
504
419
772
799
627
136
509
993
166
212
535
64
844
992
843
809
509
887
48
387
498
979
390
179
607
233
47
565
367
349
329
959
347
298
251
592
33
285
836
572
486
48
274
375
670
843
662
795
913
436
126
250
835
841
493
375
113
201
452
838
46
52
708
126
653
42
556
314
245
696
879
942
706
4
261
51
243
371
825
779
663
942
20
116
241
347
257
460
501
340
818
134
448
111
719
460
332
100
324
101
159
539
314
309
724
376
448
35
164
342
413
899
637
17
597
317
299
170
136
422
546
357
167
839
586
58
636
204
778
46
603
94
779
636
960
944
794
247
744
627
50
320
889
711
102
592
945
164
398
257
497
915
208
250
631
804
545
297
384
509
19
726
18
137
930
708
809
426
380
743
989
270
619
643
591
976
679
295
774
263
313
331
609
102
787
12
724
73
577
999
823
665
188
899
799
255
322
996
858
152
717
439
840
334
477
578
907
124
720
849
424
232
598
794
836
582
376
995
54
392
293
592
169
33
164
167
529
30
386
853
772
47
734
4
377
219
839
33
900
219
902
675
359
242
521
984
943
365
569
987
136
790
129
303
904
977
527
49
958
309
447
924
713
882
935
272
565
352
651
44
868
142
949
900
202
1
898
333
29
180
393
502
0
326
82
600
555
493
773
98
453
99
241
398
347
963
2
249
5
635
172
994
435
33
48
842
575
555
569
107
3
377
5
176
203
166
418
106
866
576
570
575
446
915
101
544
54
484
125
489
506
548
212
421
539
265
856
463
274
687
430
132
607
449
382
882
933
780
676
937
728
162
943
4
9
340
431
986
318
835
424
354
471
776
211
613
714
460
2
926
11
899
951
135
437
168
115
760
88
883
943
526
927
760
152
196
767
66
387
73
616
224
977
721
158
4
807
167
678
331
127
234
704
148
19
259
932
532
273
976
211
352
188
195
219
904
1
30
670
778
92
320
22
821
333
702
215
975
489
727
897
87
594
247
702
807
792
19
595
872
774
618
861
599
814
733
564
0
501
936
723
783
618
295
147
318
38
959
845
746
155
15
272
26
916
165
897
424
388
923
793
521
82
958
659
319
48
85
734
14
952
762
780
561
12
684
977
19
488
99
762
278
987
294
434
34
391
807
826
713
165
372
494
66
31
300
138
477
831
849
284
579
779
179
770
85
455
423
845
359
790
178
157
552
418
773
981
878
487
696
868
708
499
37
650
147
174
524
320
571
891
358
182
702
327
61
745
532
387
529
550
569
380
656
122
142
3
732
720
47
945
855
17
707
625
358
378
65
691
731
856
173
115
9
886
537
452
569
960
205
824
392
532
260
277
631
12
971
886
378
866
452
395
819
992
855
505
623
845
580
939
507
72
12
507
987
27
155
315
130
386
761
205
730
919
959
784
129
61
338
118
992
138
3
118
275
581
320
541
7
345
395
282
641
221
949
682
318
106
83
798
762
431
56
725
941
334
83
143
358
923
536
614
789
228
119
999
260
723
0
509
483
763
74
736
679
434
865
55
722
349
568
515
459
153
358
131
305
81
254
857
510
111
749
388
678
338
265
387
299
153
318
343
554
456
783
583
416
459
360
769
714
155
76
357
882
545
371
100
404
386
65
62
432
740
529
394
76
59
600
188
585
696
357
697
337
566
614
704
937
692
102
132
23
756
226
14
500
509
617
258
65
907
544
516
925
618
231
475
760
920
21
102
741
993
620
942
662
311
894
155
255
710
608
371
537
237
191
8
63
24
158
279
754
41
171
773
47
776
918
183
912
36
938
923
984
340
590
453
319
534
481
362
851
135
685
531
658
774
938
176
670
756
499
505
956
613
8
919
966
756
157
884
119
58
946
183
861
888
953
652
19
797
108
375
567
6
285
961
211
258
596
482
662
114
818
588
959
234
732
329
747
276
404
454
968
264
384
589
875
219
26
271
580
667
3
897
231
532
35
253
746
962
860
473
585
545
391
203
890
491
334
771
605
765
371
652
725
676
958
646
592
910
252
808
476
606
262
442
219
180
141
922
262
585
775
670
440
241
18
105
634
271
261
483
532
403
210
418
17
809
772
837
603
114
520
2
965
640
532
217
562
354
578
132
562
5
950
391
176
46
601
0
54
47
0
490
794
122
291
202
123
501
967
14
847
925
810
179
20
205
633
921
921
607
953
845
183
880
133
218
88
723
441
807
61
77
3
201
586
575
129
280
783
555
547
686
501
300
272
663
197
83
111
434
909
626
825
408
441
743
894
499
165
845
283
903
418
631
345
486
681
123
74
522
443
736
893
32
746
402
652
676
926
209
848
837
41
455
368
535
5
966
435
704
455
42
886
464
932
896
141
586
407
994
346
25
719
867
320
338
866
91
378
699
429
157
850
488
205
547
509
993
575
940
366
283
925
558
55
644
151
353
831
782
579
736
978
679
980
381
200
909
480
111
6
224
420
781
101
591
12
54
940
634
522
835
935
419
283
517
283
144
426
545
719
23
472
190
98
843
163
138
908
357
941
752
651
375
38
930
170
872
484
97
461
34
191
90
973
654
189
164
458
130
603
3
78
535
226
372
495
918
392
68
429
29
772
275
636
319
547
492
418
702
728
331
458
62
271
444
231
110
647
342
457
973
330
748
608
472
104
80
458
263
203
313
561
668
394
553
71
709
70
849
655
379
579
165
218
59
737
25
832
965
26
789
823
486
213
198
924
493
870
693
293
468
228
230
571
190
76
305
858
55
979
319
552
460
984
365
46
368
83
521
761
421
824
888
291
112
368
815
753
943
377
872
298
146
128
113
518
267
466
557
567
15
878
29
876
737
842
35
5
939
53
245
599
658
916
389
469
865
77
359
833
455
66
700
410
13
495
687
101
33
258
902
409
178
359
854
392
816
22
454
975
591
970
15
637
672
570
650
806
167
207
327
290
639
602
294
0
392
393
492
94
598
966
12
270
80
137
557
429
821
456
108
376
625
665
430
526
27
457
539
476
4
988
867
74
484
977
487
179
891
821
444
692
814
307
200
219
833
412
668
636
641
410
701
684
836
4
45
684
499
493
302
861
681
35
50
460
791
811
925
278
735
280
455
265
821
506
349
662
12
2
250
340
156
254
71
851
472
834
121
559
202
281
427
66
318
312
635
5
388
66
183
734
254
428
221
109
519
297
403
829
910
967
30
469
814
804
562
758
285
605
974
103
263
781
144
166
51
121
69
470
595
929
325
232
568
79
931
554
243
916
826
363
379
836
115
109
72
497
359
606
871
346
191
495
725
625
416
129
131
20
896
41
8
125
19
783
550
299
388
237
32
954
345
15
396
634
361
146
894
208
210
334
327
280
763
978
552
788
700
614
513
377
717
239
464
780
310
514
303
594
17
158
121
240
973
538
821
623
784
127
633
1
324
52
813
666
129
515
649
966
67
538
329
539
864
821
46
983
141
100
671
184
556
222
373
427
394
7
126
46
593
10
971
767
395
239
498
297
260
492
883
730
897
283
258
205
328
662
978
860
468
135
746
216
93
5
285
30
597
748
896
662
100
107
85
878
986
276
49
853
148
176
462
805
0
251
84
242
328
498
570
500
245
531
518
440
151
40
530
767
882
493
173
351
954
512
982
501
170
237
111
359
705
34
540
971
147
877
5
104
701
157
146
955
326
679
237
117
838
789
784
359
10
420
743
371
990
324
380
672
275
337
110
78
309
911
380
946
787
397
142
810
226
571
844
225
215
1
713
569
511
310
553
850
218
49
497
941
922
312
881
87
880
510
3
219
541
62
744
706
933
201
767
535
508
8
1
3
954
406
771
737
621
321
613
206
538
479
995
185
998
437
15
8
76
17
987
718
437
280
652
436
4
745
904
61
747
765
22
128
952
585
815
64
990
362
786
617
105
811
978
22
449
276
496
351
982
152
884
324
801
208
441
922
912
653
34
764
319
939
86
377
273
470
129
19
26
45
681
534
720
310
842
340
782
256
970
596
240
892
240
179
937
46
275
73
580
444
659
583
48
7
574
297
344
873
992
704
87
892
741
629
602
190
290
979
134
200
157
790
127
851
364
168
966
924
952
353
145
932
455
579
622
778
130
165
37
445
504
279
242
759
219
471
267
816
499
19
462
354
436
532
910
961
573
148
385
202
964
99
627
531
801
611
82
42
438
381
286
696
135
890
21
61
968
925
130
895
513
324
521
346
107
138
522
485
370
8
654
171
708
427
877
528
149
516
100
655
78
208
521
2
417
49
649
83
275
473
707
409
812
344
339
684
901
54
649
984
902
520
63
82
700
568
622
642
12
56
175
868
576
589
557
755
783
724
437
5
854
535
7
4
1
86
381
808
231
368
248
218
20
886
761
143
442
31
881
349
334
65
515
407
924
754
816
724
183
385
548
87
20
319
607
0
491
425
665
31
139
983
117
556
238
543
564
112
936
733
154
451
558
987
896
604
67
459
730
652
956
112
456
339
228
946
96
127
129
686
830
658
186
579
747
376
207
143
135
918
526
746
20
826
825
448
621
186
663
962
746
45
783
759
79
238
328
67
979
146
251
517
577
417
103
275
875
415
166
214
772
207
486
173
413
440
503
7
231
997
380
3
858
28
403
374
243
76
630
349
778
865
836
899
581
842
89
434
267
404
429
426
176
212
247
921
659
7
879
666
398
533
350
822
67
774
493
235
299
82
671
439
854
750
183
20
467
155
929
868
895
678
206
285
59
420
661
405
707
367
554
360
984
307
238
907
602
957
97
807
404
578
731
632
858
887
5
753
809
568
552
127
610
400
286
130
869
91
818
265
15
270
709
233
218
248
766
342
123
298
407
514
780
640
471
774
353
858
726
236
532
737
63
320
128
921
103
541
525
387
302
3
616
284
661
56
418
89
897
610
45
981
953
867
874
68
643
42
187
147
484
681
102
5
625
400
63
572
43
994
956
993
119
783
0
600
594
907
725
734
88
10
697
615
890
923
374
737
42
234
244
861
355
970
705
364
560
680
370
585
912
325
352
937
403
57
772
304
457
841
737
127
670
532
686
281
557
435
803
29
880
511
904
414
110
322
374
478
0
418
15
98
537
970
995
305
397
870
77
487
245
758
767
541
93
161
358
189
260
490
295
170
235
452
596
555
946
512
513
260
684
42
962
837
256
751
262
750
45
51
674
588
284
191
259
402
542
598
41
148
840
239
16
163
356
58
15
895
399
567
795
483
225
756
675
21
93
445
829
525
387
888
405
10
792
522
774
176
63
950
75
380
21
686
16
535
376
271
611
747
304
698
146
145
118
327
906
585
283
132
65
338
4
729
335
411
447
267
118
108
987
357
6
458
110
59
445
793
126
764
940
45
350
192
69
0
480
502
551
328
293
329
285
5
821
310
846
889
106
875
422
420
801
999
509
834
732
542
161
72
317
40
420
387
945
165
876
146
0
316
91
903
100
913
823
442
3
191
377
916
202
37
833
242
155
354
393
289
76
472
562
553
211
932
783
786
393
388
65
918
597
832
302
367
308
318
701
762
959
795
752
165
627
765
77
449
367
121
260
980
448
255
106
509
963
93
375
149
3
687
834
536
76
560
55
210
404
375
840
321
369
851
58
118
757
19
11
216
2
811
340
795
385
394
813
112
365
640
887
763
33
474
223
22
519
620
924
204
102
63
467
229
459
178
386
253
691
3
230
860
370
945
69
880
469
273
615
951
481
452
374
8
627
442
983
594
31
42
109
472
962
580
633
701
843
791
612
732
819
39
143
433
195
570
185
149
990
486
66
630
686
531
71
880
6
579
985
820
599
38
760
65
797
161
442
880
212
786
168
714
248
10
315
902
901
250
833
734
479
236
429
417
261
879
538
575
35
109
324
35
901
104
346
534
942
370
145
12
937
344
384
322
123
32
315
266
646
100
389
271
501
697
107
233
123
418
573
201
8
726
501
684
850
486
574
360
470
57
247
131
926
750
24
839
606
642
401
14
562
880
561
783
644
178
693
601
39
750
76
331
99
406
289
343
953
167
375
753
724
739
653
491
631
161
743
709
289
729
402
903
961
122
299
353
791
474
730
236
759
719
82
637
412
553
470
362
2
13
572
352
441
641
672
688
527
343
922
609
450
145
156
220
45
15
643
172
146
673
866
270
52
461
593
355
14
278
20
832
740
190
669
971
289
105
907
617
419
366
0
227
362
467
37
103
852
945
344
245
128
21
542
421
371
486
929
554
793
47
955
136
55
67
806
454
65
26
31
391
36
292
785
992
336
828
338
109
25
577
971
534
375
429
17
3
982
340
7
543
947
263
78
152
21
354
142
127
119
192
824
340
516
820
228
890
563
225
311
383
593
582
388
925
131
509
984
377
188
615
142
167
544
553
975
172
576
64
115
926
873
189
530
940
903
310
751
913
992
997
106
895
179
629
260
288
871
387
180
24
0
183
835
325
56
107
910
477
72
569
580
704
781
144
356
372
848
928
742
458
18
577
620
99
719
989
723
451
548
45
222
98
174
192
920
491
118
109
180
308
240
514
720
531
231
208
73
591
717
989
459
282
288
978
905
466
755
940
33
539
769
489
761
952
135
884
802
835
162
151
97
170
26
50
3
13
632
589
315
905
560
116
528
287
311
11
138
918
200
129
391
236
22
297
832
857
128
724
794
324
143
736
435
46
901
84
492
689
149
968
551
400
10
537
989
554
401
226
125
859
759
350
835
75
204
935
673
304
641
208
861
505
257
884
4
766
405
587
866
797
351
203
539
605
514
594
754
760
36
222
410
618
819
463
544
33
161
233
384
97
63
881
16
626
874
252
639
125
107
635
160
798
814
941
128
716
421
123
4
991
647
65
60
726
648
104
740
21
965
162
905
235
817
450
430
194
12
0
324
88
471
627
726
694
849
870
572
837
32
328
2
417
118
885
239
982
198
59
195
41
980
960
30
871
653
117
596
321
823
887
225
36
363
291
382
257
971
19
321
74
865
78
19
830
845
786
784
87
713
915
589
172
126
673
987
786
460
489
326
891
379
619
253
123
44
951
300
36
699
187
188
495
887
478
33
344
880
643
577
269
237
511
656
362
185
71
669
252
866
53
250
890
331
342
160
431
391
302
597
93
530
713
267
827
805
886
786
923
814
483
502
474
64
388
707
378
942
337
200
600
970
8
948
912
393
516
116
694
4
47
135
930
566
983
304
515
89
277
314
816
165
255
669
823
585
644
806
376
195
646
155
44
442
413
307
333
405
49
320
706
683
220
416
248
415
115
355
964
572
270
499
178
370
271
567
882
244
216
83
654
309
135
602
615
904
977
594
545
65
393
919
32
567
301
235
109
353
223
622
925
440
850
11
548
894
773
367
130
951
360
526
196
263
344
339
176
914
313
68
76
588
920
834
616
260
335
9
361
159
586
600
43
520
762
999
50
653
9
120
100
28
133
839
262
699
46
413
492
413
389
85
837
959
525
32
566
275
32
625
194
165
963
529
819
116
22
426
861
874
651
119
348
24
276
441
289
316
615
633
605
218
390
88
479
289
615
899
330
382
688
900
207
704
12
828
406
219
459
152
406
863
161
75
2
573
93
885
590
12
745
8
275
207
128
84
759
65
955
621
43
137
946
900
136
143
918
79
211
484
577
934
2
477
271
536
112
460
890
898
174
594
330
145
849
389
988
268
361
814
917
0
321
45
16
302
721
405
604
412
643
196
221
474
359
206
112
202
181
172
189
234
677
523
70
305
318
610
256
285
857
86
828
626
278
485
359
578
991
193
636
492
914
771
831
993
238
689
929
366
336
776
606
221
18
50
932
913
458
193
844
173
795
485
143
631
781
17
801
378
970
439
667
482
305
332
596
269
780
758
993
561
99
0
700
298
842
424
132
522
96
211
736
913
664
874
578
620
6
160
335
236
59
433
821
389
363
878
196
175
629
165
864
44
85
760
938
64
139
660
801
1
211
362
681
125
443
177
998
450
91
726
406
444
476
790
639
166
35
481
910
493
91
691
141
168
893
604
378
857
479
426
159
346
187
383
65
337
349
3
785
494
668
134
720
953
507
291
467
3
364
466
403
817
214
531
69
359
636
565
650
109
228
623
983
222
471
150
173
188
755
319
803
572
862
29
491
486
181
957
657
420
141
679
471
164
711
213
652
452
7
662
478
307
15
833
670
610
124
13
647
359
101
387
541
737
62
339
240
853
534
180
61
867
284
29
12
202
305
182
599
348
146
27
765
468
82
919
166
856
21
64
490
175
125
665
944
857
66
145
952
175
4
641
407
805
511
657
972
383
20
612
161
328
198
14
974
665
837
39
781
748
347
809
299
475
138
912
407
184
419
294
320
494
36
423
3
78
46
632
498
852
234
87
791
961
933
527
4
14
726
636
178
229
757
921
774
585
79
267
304
844
885
280
81
19
246
862
113
586
647
870
344
843
20
523
124
831
526
561
453
164
960
202
318
139
548
587
927
628
586
981
323
93
64
914
468
194
59
543
828
199
433
188
357
657
317
510
384
91
192
598
4
861
98
611
551
914
130
149
564
483
152
242
814
881
696
674
350
663
86
78
752
783
725
231
561
22
820
347
692
569
692
1
71
183
379
22
64
4
196
284
605
862
182
481
671
385
611
216
15
684
126
756
753
457
108
599
475
779
321
639
388
86
554
375
286
375
689
324
788
481
514
650
719
660
894
998
879
393
173
777
492
341
542
657
854
690
399
578
991
236
133
752
575
541
533
4
791
782
814
23
227
908
789
210
19
72
946
43
191
716
59
517
945
68
824
750
952
400
153
559
884
957
258
345
528
382
789
148
99
474
38
22
5
572
347
491
536
749
304
513
610
21
80
224
316
210
931
56
865
732
325
626
790
63
210
895
153
1
812
703
299
687
187
612
790
840
773
752
476
955
22
340
59
717
390
10
86
537
130
134
295
314
163
391
428
34
165
152
384
385
751
102
70
744
286
190
147
350
423
517
820
438
106
722
234
385
81
165
626
757
265
65
125
660
204
578
308
788
198
189
325
735
491
824
149
786
530
58
917
689
899
652
306
813
620
4
473
710
26
541
786
890
54
404
44
273
102
48
754
384
258
188
691
272
30
6
473
68
250
780
571
729
895
542
261
252
349
82
231
45
61
120
3
406
944
960
660
988
381
774
927
632
70
561
11
110
388
719
37
514
724
103
248
33
59
546
33
381
308
404
652
771
44
1
197
241
15
870
846
737
636
541
498
375
855
925
678
726
490
484
347
360
727
45
41
14
591
76
800
876
613
824
887
657
947
244
223
972
205
253
195
348
528
587
833
249
27
787
888
913
815
4
6
370
874
185
646
505
923
46
105
859
339
551
870
280
718
824
345
426
652
722
575
762
92
820
351
718
284
55
305
184
456
393
115
872
528
243
45
69
585
90
453
917
757
850
683
863
260
25
596
72
491
935
611
121
395
823
552
580
474
15
320
322
321
136
722
460
904
528
377
42
678
655
52
447
516
4
972
583
428
331
983
412
306
317
970
732
873
401
159
878
82
340
671
661
143
824
479
166
302
39
976
309
305
226
927
460
439
132
514
832
296
863
955
385
752
40
145
708
149
240
45
476
988
588
467
643
86
608
755
382
774
873
516
8
379
200
566
534
371
239
315
622
270
444
955
921
133
625
211
404
483
798
14
24
775
514
138
973
863
402
115
935
63
990
327
228
844
117
503
150
162
920
957
973
19
610
841
101
357
399
926
877
8
530
126
651
998
559
657
912
16
383
366
342
488
524
730
680
141
987
82
448
103
638
308
5
904
643
742
650
919
628
81
312
496
11
66
925
94
661
404
439
522
759
735
34
812
90
293
475
147
725
762
771
136
249
707
318
31
902
200
976
4
576
69
753
371
896
861
753
94
500
82
725
53
433
677
607
304
811
674
458
982
104
176
612
100
278
656
698
268
31
507
85
126
59
603
863
600
590
166
676
169
910
600
326
974
376
63
721
18
536
52
529
199
243
355
494
279
2
490
341
53
569
852
58
364
614
173
37
567
833
907
440
888
448
92
16
926
553
255
814
145
971
740
248
51
3
665
328
415
154
210
992
906
746
2
170
655
888
644
12
8
189
832
508
102
200
407
360
449
948
26
757
759
568
615
487
884
996
32
933
410
654
368
519
998
252
610
265
2
791
863
106
15
125
733
140
46
136
670
57
487
974
434
759
785
513
566
289
204
548
255
438
0
554
991
684
478
118
279
615
140
150
882
34
507
676
2
520
951
866
527
9
630
803
658
991
543
3
460
354
912
463
151
120
180
735
58
662
904
845
959
324
