123
457
338
990
4
320
616
732
584
605
810
693
122
428
280
711
270
615
40
738
155
360
992
32
700
781
710
700
122
647
207
196
293
657
640
198
848
445
48
551
810
951
399
204
241
382
4
43
959
894
528
417
385
916
609
226
702
314
64
61
976
19
364
999
595
443
422
828
924
288
327
337
462
490
729
338
876
760
930
589
651
618
327
63
55
360
110
990
285
272
492
631
392
865
945
851
642
262
739
772
856
20
413
304
385
970
624
133
651
580
626
958
208
952
329
504
17
338
628
135
372
550
617
881
737
357
810
945
452
919
633
816
536
584
798
17
555
344
493
217
200
888
1
383
882
730
900
797
335
836
823
984
926
877
3
244
529
982
738
873
47
2
922
442
5
159
376
419
309
371
823
746
648
19
362
248
515
11
34
566
1
272
142
68
471
93
404
574
756
9
592
226
21
471
249
101
224
253
6
980
578
635
33
858
953
625
390
762
353
945
430
748
243
625
390
790
808
118
349
496
100
646
898
817
560
659
104
345
561
689
26
2
291
651
19
701
314
95
820
192
913
187
387
968
521
308
970
860
179
434
243
139
196
627
896
539
716
288
683
226
13
743
358
973
572
820
5
749
803
709
704
835
208
512
318
780
198
352
474
13
121
334
85
815
269
432
994
420
78
472
112
987
946
424
432
896
774
912
195
708
787
908
618
606
182
767
779
730
267
104
250
379
627
577
362
958
62
753
189
632
587
156
369
280
270
21
809
800
3
716
994
31
326
147
567
639
178
968
588
407
796
475
931
619
474
787
74
896
532
851
419
3
250
29
391
278
485
275
896
768
151
211
480
707
190
537
594
434
640
239
298
56
924
539
276
680
920
378
795
421
145
910
607
964
315
878
338
783
243
982
877
816
600
343
921
669
147
281
41
66
192
778
298
872
229
122
628
34
241
425
218
819
710
375
646
534
80
195
492
173
180
200
367
457
4
510
10
135
82
671
73
950
214
130
471
618
713
585
934
862
978
752
49
807
164
467
475
435
787
393
421
613
145
168
770
874
14
684
59
558
444
871
298
830
621
509
265
753
144
150
771
211
724
786
831
900
981
684
55
544
632
269
869
837
875
0
374
170
708
64
426
499
19
209
454
783
243
488
660
63
785
308
550
991
15
383
188
884
966
333
188
261
328
976
126
347
423
676
45
771
656
380
190
258
164
194
345
863
491
952
63
151
419
825
308
163
959
173
550
145
233
544
691
704
62
630
770
674
513
810
571
67
47
729
55
335
315
180
159
337
358
572
790
878
108
150
406
68
352
899
113
462
643
1
605
419
49
1
432
762
488
768
831
830
546
545
251
757
979
49
815
20
657
427
867
365
135
526
545
395
844
147
123
350
182
629
707
467
783
947
384
716
581
491
385
994
450
237
706
67
103
368
957
494
307
949
79
726
218
479
136
862
413
702
14
913
491
190
688
835
902
130
5
911
229
722
460
965
276
218
22
827
8
905
871
100
179
118
476
321
3
103
696
488
565
632
33
377
642
474
152
170
789
817
449
749
10
441
479
706
351
177
200
48
431
259
562
767
894
978
46
843
344
236
99
539
632
455
607
388
439
339
562
546
134
686
986
935
52
879
19
271
575
912
385
519
26
627
823
633
119
722
858
933
0
892
812
548
575
406
230
142
329
822
235
737
415
312
769
533
57
253
45
87
366
910
845
934
794
165
739
421
652
987
366
20
423
318
126
726
868
790
625
672
295
364
135
218
753
219
684
576
601
189
380
227
519
544
132
771
570
379
38
483
370
978
689
69
716
861
956
487
7
660
236
977
449
405
3
794
672
503
801
777
473
113
821
533
722
373
77
77
523
773
732
313
842
989
961
119
374
365
80
740
42
996
551
879
453
86
519
611
330
8
528
101
271
444
529
345
233
689
144
347
409
23
428
318
48
328
196
387
561
127
543
936
788
153
520
11
595
557
930
813
836
338
16
978
746
146
236
689
415
48
703
535
243
575
549
350
441
163
556
51
597
753
148
72
1
751
570
8
933
790
14
693
815
4
610
240
268
804
446
664
965
364
453
102
969
92
715
82
662
873
401
201
631
222
757
902
760
778
163
364
797
461
152
173
521
793
304
531
899
771
418
93
971
880
922
803
429
221
806
183
490
4
404
961
586
179
227
185
373
643
336
771
525
795
912
122
89
983
515
69
3
13
525
647
270
947
766
478
102
293
279
417
993
568
121
500
31
149
244
81
794
518
156
377
607
921
731
107
330
571
976
892
743
129
539
396
307
178
257
106
513
226
48
286
28
328
686
25
160
523
276
107
17
217
0
717
517
185
983
410
73
837
443
57
935
853
850
692
475
777
809
63
737
700
438
618
665
394
625
853
322
46
453
148
344
0
478
780
144
118
583
904
302
216
927
175
319
38
9
861
269
573
47
375
149
517
487
74
516
204
855
35
734
89
147
825
167
601
388
982
199
929
946
555
778
427
905
927
861
224
966
812
410
499
286
756
785
416
302
13
29
359
755
54
167
830
155
201
735
551
591
559
602
46
821
16
20
827
588
298
752
535
598
785
389
814
951
329
419
0
724
181
327
77
65
453
937
804
429
620
778
421
598
448
272
684
27
63
361
661
188
14
808
37
333
848
772
467
328
87
994
382
600
315
322
636
685
492
884
843
970
193
146
302
945
293
4
325
715
979
897
371
602
161
362
212
634
38
336
241
386
143
707
217
273
885
159
230
38
569
137
140
853
146
545
975
912
807
9
579
980
931
474
774
777
253
489
334
742
118
507
880
916
13
196
888
825
44
586
570
314
914
1
367
467
992
484
16
576
32
602
89
138
4
54
587
124
290
413
942
282
955
22
80
150
493
119
91
841
806
504
10
744
421
159
857
64
466
707
914
990
618
791
687
338
451
523
244
437
990
84
224
315
332
920
460
635
884
109
4
837
44
66
289
967
839
57
1
689
920
545
904
464
299
916
985
26
562
932
843
343
666
854
962
440
671
783
623
802
59
771
246
764
829
534
974
65
493
217
165
57
154
948
447
85
382
971
785
927
137
499
974
271
426
1
978
3
378
351
71
747
82
522
536
311
21
225
479
668
59
746
635
397
583
700
894
176
892
541
539
232
14
65
3
4
373
356
107
231
27
640
383
767
543
33
355
353
20
1
55
358
169
232
4
261
21
647
32
99
965
179
571
702
934
895
888
824
921
793
734
728
649
598
98
344
846
698
898
781
11
758
397
492
158
3
60
4
9
855
129
350
173
554
293
843
681
58
990
252
833
299
973
757
68
289
932
192
595
236
889
511
34
199
636
325
310
26
403
27
1
284
504
928
937
668
643
2
623
713
704
146
56
500
168
382
989
211
476
710
746
636
825
558
595
221
755
921
599
840
78
597
831
458
238
82
635
952
242
442
119
633
903
91
865
318
205
804
333
911
158
992
807
781
985
607
509
565
142
969
848
256
735
622
416
464
172
70
619
67
141
423
385
936
445
341
204
392
181
161
272
639
5
230
440
140
451
921
730
383
445
323
705
238
299
418
93
282
302
65
944
100
629
572
577
450
789
78
712
206
719
424
948
306
206
459
185
28
486
244
725
362
417
36
484
804
671
979
701
371
472
651
767
723
650
824
460
734
223
12
998
599
821
291
958
786
310
912
120
226
402
996
784
173
520
575
807
279
115
327
196
377
442
628
662
260
314
427
449
448
37
492
775
648
39
77
501
620
9
649
163
594
282
526
214
748
522
541
886
579
317
966
638
608
11
307
19
739
633
48
973
989
5
897
3
423
113
337
906
288
990
257
650
39
504
779
758
85
535
239
19
219
93
153
704
439
104
172
3
28
879
675
243
178
845
811
1
544
465
954
312
677
140
219
774
5
504
304
346
884
211
54
30
817
840
654
630
242
815
305
289
709
428
894
210
71
528
111
780
678
514
33
552
257
892
429
555
366
57
912
368
236
569
519
899
229
738
36
138
405
317
937
530
728
484
545
46
671
689
65
709
382
398
938
81
366
139
304
94
487
607
388
575
487
150
91
617
24
307
719
883
702
954
48
664
24
1
120
800
395
35
177
931
748
201
360
176
231
904
279
318
37
629
795
531
303
745
175
268
501
915
998
320
284
182
66
93
793
509
532
681
142
96
615
132
65
312
486
701
309
679
690
499
452
74
272
181
913
873
911
2
892
90
173
561
97
660
101
2
43
40
997
579
717
311
674
805
311
194
22
631
989
917
539
26
250
509
853
702
277
275
343
99
209
40
997
7
451
689
520
278
113
695
328
862
620
976
755
506
151
517
281
487
502
838
68
6
736
842
456
219
81
596
532
803
3
369
606
592
88
795
494
869
10
883
649
835
654
839
285
144
747
299
440
613
819
871
397
828
167
260
711
356
502
635
628
897
948
321
133
826
298
887
9
180
455
658
640
831
739
381
606
3
412
78
55
894
748
816
198
428
620
436
294
82
383
999
541
970
924
482
969
413
206
51
58
431
200
278
5
250
371
629
774
887
848
623
4
841
78
282
22
103
774
732
212
180
378
402
367
234
220
143
848
1
283
540
121
32
232
558
168
976
299
225
219
183
510
7
120
25
753
363
194
650
558
972
435
821
348
811
683
635
377
166
374
615
498
404
291
342
832
428
723
539
428
410
202
265
16
324
324
174
913
944
821
200
472
611
787
392
3
683
690
707
983
249
458
260
623
351
888
308
611
318
123
151
63
82
316
74
453
198
920
571
455
739
182
682
200
846
535
244
130
463
410
721
884
81
951
901
748
577
433
370
655
252
732
887
874
450
959
166
606
725
892
754
580
27
520
296
970
797
998
443
712
474
585
747
26
759
442
699
271
41
871
114
418
757
795
402
246
434
999
255
96
86
730
100
577
453
0
753
3
538
441
160
329
759
234
401
925
745
220
127
749
57
212
498
543
4
176
819
264
608
975
610
812
127
759
304
6
377
808
746
270
634
211
499
584
525
384
726
473
344
482
482
622
426
841
17
895
0
575
250
813
69
981
650
33
295
120
925
266
463
170
481
885
45
741
365
645
643
795
641
91
221
939
790
384
731
161
452
520
325
993
826
468
770
683
79
285
617
939
106
449
103
863
954
956
233
5
402
901
313
234
58
863
359
68
162
278
960
519
451
868
3
814
208
288
666
363
374
16
439
788
455
291
955
14
606
670
951
421
669
103
242
112
918
76
858
738
456
86
16
520
992
650
501
986
823
965
376
2
117
625
968
570
274
545
319
382
954
572
204
198
429
870
92
701
484
94
216
555
868
581
640
924
515
366
88
245
113
26
302
185
392
210
487
937
673
415
192
814
293
169
762
477
588
696
601
477
532
38
101
886
186
605
1
4
205
890
4
20
994
344
326
118
37
584
280
92
402
200
618
199
459
715
193
434
125
960
704
915
705
984
294
899
992
98
42
697
368
822
0
74
12
573
917
25
659
885
886
568
213
111
377
414
276
218
625
283
99
467
409
118
551
348
921
272
719
288
189
776
45
517
366
162
564
743
903
289
251
106
865
394
167
235
348
665
371
867
382
91
998
763
837
555
148
591
84
474
9
788
843
331
177
851
576
114
280
236
322
122
808
360
876
756
665
277
81
262
822
53
490
963
878
797
363
22
654
495
834
24
729
906
719
76
952
372
718
846
291
913
226
85
10
595
136
287
942
144
837
987
123
135
463
742
447
350
490
641
680
234
100
172
195
756
355
592
659
704
37
975
817
486
879
205
2
880
654
892
284
845
779
547
416
389
467
408
351
461
559
604
362
539
4
232
139
4
587
255
746
352
603
453
340
576
997
956
159
340
855
221
609
32
77
539
741
880
245
719
662
796
719
9
499
736
288
716
772
33
460
12
541
202
328
888
152
220
431
375
305
345
71
835
615
710
740
835
417
65
694
78
183
330
417
501
789
670
682
384
333
214
665
878
250
53
173
428
242
3
45
110
824
991
366
94
674
113
763
82
405
604
133
663
838
621
295
960
461
310
386
393
468
28
16
483
632
84
13
279
929
401
550
93
43
290
864
4
274
813
505
490
797
193
784
968
182
50
549
694
212
343
843
462
972
152
386
251
586
393
261
316
825
539
567
368
461
948
203
851
637
19
202
684
161
422
435
462
582
127
552
410
41
834
82
268
725
607
20
125
95
571
321
265
128
159
133
744
393
600
5
375
15
911
125
568
197
827
193
243
515
655
458
33
572
269
193
651
507
705
509
473
653
959
543
254
377
720
123
63
372
451
865
654
624
869
905
979
25
867
589
529
751
853
210
157
293
828
634
2
993
717
820
78
417
551
289
952
90
817
57
874
211
331
744
714
752
943
735
107
154
795
261
74
760
751
94
908
174
367
17
101
567
19
132
613
537
907
804
112
216
839
779
904
417
743
225
378
455
248
617
632
652
15
614
431
759
748
307
293
720
166
807
271
813
668
913
120
83
472
676
271
599
605
824
454
242
374
979
352
707
882
71
197
166
375
26
565
650
630
592
327
14
69
208
239
5
533
618
549
30
598
0
898
316
659
612
386
767
791
949
617
317
833
842
879
705
377
238
121
344
238
835
332
494
665
173
53
185
253
493
764
367
398
141
586
895
15
16
866
203
279
123
988
572
746
223
8
798
689
71
302
133
165
34
574
324
607
494
143
618
161
530
343
17
954
834
8
806
701
929
810
352
601
555
39
379
982
245
672
213
117
420
99
304
488
615
419
487
196
545
953
7
569
570
852
557
97
204
110
821
862
275
188
821
754
196
121
278
765
30
41
84
838
203
951
166
380
182
521
20
118
186
769
53
107
7
63
854
528
299
313
345
542
117
331
842
445
613
514
615
64
899
228
341
831
726
91
286
639
336
433
975
972
872
871
60
566
55
919
380
663
702
455
164
560
913
655
921
382
297
641
802
947
3
112
872
745
187
22
907
141
555
104
105
114
895
644
823
448
36
320
463
854
159
381
242
506
127
767
820
3
494
838
525
280
320
29
325
922
232
500
712
972
319
906
928
13
782
758
167
647
795
763
765
276
269
648
919
280
902
146
418
286
661
943
367
971
309
202
365
73
126
365
768
340
508
844
16
366
554
308
910
268
341
415
141
1
417
578
287
916
927
66
26
757
1
655
239
66
483
608
229
621
85
51
102
85
328
48
478
578
4
921
829
39
503
2
983
415
110
359
48
12
490
736
642
117
500
943
607
213
562
126
445
358
868
573
56
45
691
671
545
326
893
101
241
780
129
834
137
511
856
764
290
654
929
856
732
513
714
262
819
200
250
245
814
441
188
470
205
814
157
110
758
22
210
787
83
600
660
261
665
423
407
961
537
631
908
885
640
910
387
690
821
91
200
621
831
133
697
452
688
76
40
946
285
381
400
19
1
834
779
130
379
837
306
448
296
0
59
569
387
695
550
19
953
685
176
460
295
317
783
158
158
858
280
360
665
405
190
528
554
230
305
19
179
988
589
655
72
132
915
533
526
795
664
750
384
3
903
304
989
750
846
224
400
458
926
199
864
11
569
872
648
426
219
657
345
339
147
877
345
685
393
823
765
576
939
0
258
68
954
897
3
808
298
200
309
162
591
446
672
7
863
55
44
106
678
479
824
599
729
267
18
161
645
104
432
831
494
365
622
578
383
826
4
56
842
599
754
861
942
802
22
524
82
5
550
14
80
766
956
37
9
421
617
1
979
191
737
967
334
665
273
417
622
33
620
248
809
189
306
127
233
34
46
649
824
750
773
43
419
239
350
357
731
187
783
300
214
739
992
121
891
356
437
187
279
986
169
747
667
797
869
839
161
219
797
188
399
23
638
28
688
772
330
133
170
667
149
333
600
465
399
904
122
148
1
657
922
780
684
768
10
172
780
96
482
114
387
552
859
943
270
459
375
256
243
69
568
198
290
586
119
698
157
786
226
878
138
284
441
312
235
209
144
426
728
978
112
642
505
193
791
660
735
297
533
897
522
296
110
455
418
648
435
803
304
629
105
103
536
857
14
237
852
158
325
601
767
216
240
486
989
667
154
688
789
19
811
430
270
3
278
389
942
586
150
714
520
264
549
110
855
901
191
24
252
762
151
296
660
934
754
925
743
251
100
740
356
478
944
942
71
81
286
672
770
74
751
528
909
51
765
651
201
541
731
340
878
830
3
5
966
936
434
341
839
507
541
300
344
304
349
91
29
467
462
460
386
31
493
671
830
496
649
975
427
509
215
40
391
771
283
528
90
326
926
907
865
299
3
308
102
305
676
663
4
440
561
282
274
897
569
607
539
555
216
826
82
226
698
850
145
137
800
856
279
217
381
204
223
642
293
70
963
74
453
402
247
889
842
432
429
420
586
304
55
779
102
439
981
173
800
967
51
503
250
305
507
394
63
45
542
264
972
8
602
341
348
303
661
0
59
359
931
2
9
923
947
989
921
479
453
101
929
680
0
69
484
35
544
3
27
252
366
746
747
227
123
189
460
167
856
250
490
132
398
926
73
303
62
445
796
465
502
412
654
732
137
678
410
362
76
551
3
175
605
143
114
346
311
66
997
207
50
554
267
247
165
360
359
692
582
485
311
578
604
38
255
591
375
677
55
128
252
307
388
11
141
727
625
268
0
928
8
489
335
658
872
110
515
218
32
808
418
635
653
862
491
356
272
90
265
403
164
783
909
35
777
780
263
45
936
84
899
1
387
759
720
155
634
451
722
200
354
583
636
248
836
878
377
579
982
766
284
361
45
300
337
4
15
457
195
501
562
651
269
143
179
67
742
588
901
984
637
730
104
499
332
426
169
748
637
480
309
470
846
35
173
574
95
860
58
842
553
367
140
33
255
752
795
357
414
229
67
32
561
746
346
11
211
988
267
394
558
881
410
910
800
508
94
834
335
303
232
544
216
507
43
555
374
106
691
82
429
600
474
226
4
164
284
862
165
565
550
48
340
200
1
393
897
386
584
386
53
118
32
575
966
642
804
590
92
15
139
489
73
503
437
615
122
716
24
249
100
120
204
138
31
988
111
757
980
887
714
807
4
827
36
932
951
337
16
279
523
508
501
519
90
304
711
71
615
789
587
233
86
786
320
377
282
482
224
921
242
51
579
813
463
631
164
403
727
148
509
499
594
377
240
898
47
224
182
613
622
191
877
525
738
3
746
795
616
11
69
655
756
439
674
490
583
3
993
861
333
88
493
407
284
109
65
995
918
355
288
195
675
44
55
982
353
803
41
20
67
302
738
8
181
410
127
15
195
761
770
226
938
56
933
769
466
33
280
924
181
235
614
923
709
925
78
629
72
680
773
344
457
732
128
520
503
307
73
215
360
943
1
921
82
61
737
101
726
466
45
784
14
64
163
297
105
867
24
3
561
630
228
941
153
274
983
50
797
577
278
883
3
160
870
457
502
840
148
482
134
548
190
897
822
789
942
512
0
432
365
99
47
469
494
211
416
610
238
279
988
321
219
165
982
884
937
742
186
124
270
396
310
438
59
276
795
534
355
53
726
7
174
913
547
187
474
512
908
133
537
855
755
437
376
952
72
656
986
694
870
690
645
698
249
561
511
244
113
403
791
461
60
508
834
669
915
518
733
76
2
353
985
743
234
187
259
46
14
473
683
93
22
572
748
516
719
154
844
400
102
180
11
503
756
890
20
177
391
633
401
456
487
549
508
641
710
417
688
180
51
359
976
621
359
695
486
914
848
796
743
185
578
157
897
502
486
424
340
45
520
182
661
870
842
51
472
145
86
839
287
717
4
842
561
4
694
5
842
91
599
173
460
950
601
798
792
284
424
101
653
667
974
605
638
600
265
84
263
359
302
195
908
83
176
69
64
426
237
102
55
734
8
660
699
844
529
126
132
549
138
630
76
360
370
573
497
382
230
747
832
623
566
849
732
848
220
212
993
940
33
268
152
166
438
417
511
152
311
23
967
494
11
122
571
30
653
543
515
6
585
148
391
59
364
773
598
343
245
469
300
298
122
33
65
959
20
943
515
886
119
817
19
400
976
134
202
964
56
699
794
233
452
776
595
202
444
90
86
697
883
668
545
246
546
37
648
976
861
22
147
99
265
118
135
37
112
40
298
84
723
520
192
665
516
854
589
463
406
531
850
206
75
881
51
822
105
166
136
153
752
430
565
745
897
466
616
84
677
498
491
859
170
506
614
444
278
289
388
183
262
458
998
652
404
762
10
274
788
888
75
656
726
27
315
4
599
188
304
621
894
607
289
918
204
105
238
767
357
39
510
893
884
527
13
22
525
570
527
364
777
47
897
806
313
581
340
355
329
115
554
896
243
64
874
401
459
619
33
491
916
580
179
19
725
910
727
425
715
440
304
737
179
815
632
319
923
741
443
84
922
879
718
850
129
690
630
891
918
30
269
612
374
565
824
910
71
180
826
629
288
257
367
288
320
18
25
746
456
149
655
96
643
329
431
960
980
330
175
976
659
285
335
410
338
520
168
233
164
51
680
798
348
4
307
19
996
163
634
142
18
406
382
319
313
254
276
41
89
299
654
425
926
297
218
186
121
744
925
992
6
905
997
166
746
5
987
368
129
293
562
320
1
869
630
408
2
724
25
949
831
486
311
510
761
26
515
841
801
728
11
794
55
178
102
5
415
346
497
782
94
619
481
234
638
713
874
567
756
781
72
816
743
192
798
493
850
761
595
615
63
301
669
186
891
139
153
320
492
606
314
586
844
504
572
144
893
129
990
867
603
388
139
60
466
570
244
317
226
944
315
214
248
865
954
856
58
388
328
366
182
300
254
169
409
924
203
448
478
895
889
652
432
444
380
154
758
326
31
751
742
783
601
135
554
529
15
56
199
764
85
785
205
796
768
754
533
61
861
285
398
879
7
596
73
150
644
882
412
857
311
753
434
7
902
110
973
690
264
82
441
210
31
966
471
870
679
758
945
782
761
852
22
373
903
585
962
707
376
907
630
562
381
366
88
9
372
67
143
651
127
616
309
0
651
838
718
247
626
690
73
593
615
143
419
270
14
518
908
24
343
988
34
489
0
245
870
516
770
273
575
650
636
925
14
47
327
170
415
90
73
249
130
776
145
896
653
658
202
613
542
57
144
833
420
436
465
840
895
691
879
160
430
407
415
705
560
0
457
514
288
664
246
517
771
708
651
110
639
593
814
149
212
194
189
399
904
399
655
5
730
610
912
549
815
58
171
408
198
561
715
655
280
710
523
824
921
317
286
119
643
13
9
445
45
567
651
652
474
750
540
874
127
409
516
971
604
107
918
11
649
128
483
589
752
588
909
188
955
237
911
141
765
753
55
297
101
696
980
304
896
450
419
744
850
494
998
85
293
8
70
733
267
507
367
944
515
825
791
860
331
894
685
26
924
61
673
86
919
0
424
384
440
504
807
536
760
743
306
970
355
14
717
911
904
348
70
814
444
111
419
83
825
637
226
160
644
696
769
118
115
736
542
35
596
881
662
396
69
447
714
968
323
18
254
356
575
865
426
261
227
54
766
292
980
107
479
219
404
742
989
342
328
33
922
827
646
319
575
351
461
579
63
66
411
814
606
12
235
93
719
955
638
138
60
541
25
795
16
603
90
983
292
470
735
539
142
342
376
27
993
713
147
21
39
509
0
880
222
532
848
457
479
741
822
289
370
719
15
328
10
72
829
648
671
76
787
731
517
187
346
872
233
791
973
828
582
298
962
984
59
312
184
38
890
168
553
180
748
254
299
165
232
674
684
118
477
681
821
111
315
310
481
33
673
935
461
970
20
254
33
891
495
332
612
794
700
968
342
61
295
987
60
487
914
10
752
451
71
605
993
645
564
64
204
682
291
843
494
965
189
4
267
364
882
127
491
259
699
824
14
251
243
244
298
55
630
79
710
83
4
526
63
879
347
971
168
532
0
241
630
641
555
32
162
269
221
717
552
536
260
569
887
635
935
128
47
566
862
210
132
441
263
715
43
293
398
100
238
780
888
982
281
816
162
20
443
533
703
412
391
55
747
278
462
797
113
786
447
631
658
796
310
228
448
957
12
835
339
556
357
175
43
20
76
337
373
75
121
808
529
953
243
658
39
12
324
488
168
174
43
786
191
467
47
434
349
38
748
576
261
468
552
987
763
920
180
844
296
543
371
495
167
442
950
665
201
449
757
356
252
150
94
255
627
5
39
103
217
509
172
698
374
531
761
749
612
534
881
323
172
165
165
719
753
465
44
670
238
987
58
762
32
266
916
3
924
596
370
45
257
64
788
961
970
220
102
217
622
340
115
116
741
879
491
834
789
0
359
58
977
356
724
252
229
784
841
631
87
637
207
762
739
395
171
684
308
219
72
163
204
369
667
596
65
323
247
106
47
914
418
322
188
816
595
351
694
521
780
145
326
693
209
517
366
578
732
284
103
313
741
894
26
118
349
640
757
296
689
110
916
91
666
660
62
215
112
267
476
787
572
212
300
771
961
123
615
155
667
136
880
195
979
893
320
353
67
919
88
994
74
679
417
64
316
41
365
41
644
274
753
993
578
616
112
817
959
158
7
485
342
44
666
845
979
300
8
6
720
142
724
586
590
0
961
431
841
919
592
599
926
563
740
276
648
259
923
775
797
626
433
352
389
6
855
185
456
580
343
730
742
996
342
720
187
468
636
163
631
193
67
404
423
0
350
271
151
485
2
567
286
861
532
225
542
942
682
294
888
25
62
150
500
739
521
171
130
201
350
209
446
847
4
998
884
873
655
661
312
920
64
14
78
512
237
358
578
311
742
148
541
109
2
347
541
610
452
694
0
513
47
271
590
48
97
155
369
915
899
190
713
370
33
371
733
177
187
631
235
997
647
4
63
865
3
620
283
998
911
910
823
687
777
467
897
605
567
859
34
67
409
345
64
361
187
147
374
0
398
387
334
489
563
698
484
673
708
457
613
382
710
30
19
314
377
151
181
617
152
789
623
33
33
167
588
846
614
158
334
485
684
199
688
977
245
409
99
792
163
959
740
516
260
0
746
406
924
193
775
417
774
64
865
660
375
500
274
842
526
236
487
448
187
507
322
726
5
91
513
672
241
844
223
915
73
773
378
154
413
631
727
992
23
601
531
13
181
578
405
156
490
991
149
300
465
389
143
69
52
270
554
239
408
543
816
733
407
375
417
945
4
565
720
285
860
189
295
643
288
93
199
793
612
662
228
85
569
919
33
107
281
785
319
740
505
551
25
633
122
995
15
541
162
34
357
307
43
262
4
36
46
58
65
90
244
593
335
82
850
119
637
419
114
163
904
862
119
716
515
293
803
624
439
955
448
306
649
845
953
781
419
662
94
809
957
904
475
960
879
653
305
595
115
988
50
584
831
423
40
406
923
716
461
650
100
267
278
103
141
198
402
184
410
603
498
113
289
414
830
773
932
433
161
194
326
548
486
199
514
344
107
614
652
514
795
197
19
849
392
456
773
66
128
726
6
922
773
260
179
636
180
267
492
372
574
997
837
793
892
141
74
74
188
563
58
632
415
354
869
330
209
413
986
204
907
501
765
456
570
324
743
757
101
851
818
3
886
603
291
200
16
260
863
7
612
124
4
995
151
748
118
14
443
224
582
563
706
335
154
610
686
565
656
64
933
388
71
101
286
151
827
737
359
577
278
737
130
903
804
27
156
623
952
233
184
821
450
806
220
11
992
528
819
403
447
535
345
293
12
838
165
945
896
548
343
938
603
360
650
508
475
907
274
4
219
195
765
466
996
725
0
370
791
3
589
832
431
601
192
911
967
116
296
885
46
699
557
46
347
951
4
317
190
800
87
820
394
340
262
925
288
270
563
570
474
692
297
215
233
520
534
81
886
763
152
970
19
628
344
70
144
0
425
805
243
736
392
257
127
339
26
636
579
151
64
239
385
385
293
899
880
82
970
146
204
155
526
4
989
257
682
62
8
261
299
707
532
873
129
77
974
41
937
487
320
560
32
243
498
846
5
691
758
584
336
212
402
131
45
501
66
653
520
192
514
909
857
441
115
841
256
207
5
719
229
957
999
424
595
102
263
622
26
200
37
7
721
601
494
361
73
804
370
801
707
188
492
756
740
696
146
118
101
162
63
579
356
259
21
52
262
814
730
88
256
368
386
873
463
122
949
305
680
129
501
226
429
826
3
16
321
81
72
781
931
412
45
320
31
231
17
606
459
599
133
510
395
78
252
466
531
743
884
481
921
902
808
552
583
131
940
870
724
251
524
27
744
813
396
837
19
33
760
764
661
242
809
139
430
395
796
826
912
548
622
320
891
88
820
157
415
225
620
948
129
984
945
506
905
59
720
131
89
131
256
662
580
563
303
21
758
134
45
975
646
879
42
562
23
449
496
269
218
433
491
531
480
611
280
807
669
883
655
294
757
287
19
264
168
734
466
362
988
411
428
411
68
109
66
317
539
79
556
684
900
314
91
360
32
508
655
411
615
802
62
368
880
572
91
33
364
462
445
142
469
704
476
766
7
203
430
974
551
568
520
804
13
554
608
874
182
496
521
524
157
157
60
333
3
634
260
250
123
547
484
509
996
917
724
24
907
515
807
708
877
969
234
236
654
447
359
765
18
485
816
585
279
947
712
33
197
844
674
271
78
108
653
831
239
909
79
392
14
928
93
890
398
855
13
799
405
214
594
548
3
597
925
15
516
251
871
681
297
526
438
974
563
50
246
190
736
881
919
773
677
722
380
984
277
965
213
182
1
240
621
506
203
515
5
957
868
214
962
233
747
118
332
345
976
297
499
73
250
966
66
792
283
6
589
0
488
862
77
858
866
771
125
545
156
369
832
82
450
482
877
922
66
208
801
584
80
456
185
749
4
134
418
917
26
154
166
833
144
338
213
956
95
183
951
457
227
534
353
338
39
138
296
672
774
145
201
682
96
328
917
885
170
157
680
769
991
681
899
325
170
227
478
557
12
94
382
14
100
844
725
652
803
4
20
517
620
300
27
390
320
107
310
699
940
463
886
873
370
895
596
367
199
207
342
309
857
1
756
278
35
320
574
528
318
98
969
349
796
931
534
152
329
335
12
315
96
199
19
676
63
115
342
537
575
315
149
172
58
854
290
367
585
1
56
122
657
98
290
252
41
15
116
808
131
73
68
947
781
149
252
558
875
429
450
239
829
71
114
849
15
11
411
608
762
432
355
991
604
20
666
421
270
532
592
495
728
133
393
735
199
11
403
874
822
105
92
629
393
60
850
232
800
501
122
455
658
731
890
966
475
831
505
976
491
800
369
259
809
2
657
670
866
196
212
369
783
323
136
251
32
786
267
421
676
191
703
377
768
885
907
749
63
310
746
40
0
438
938
247
554
766
125
134
126
202
216
121
171
429
206
683
890
940
268
220
42
699
771
591
132
43
21
231
916
769
141
974
303
862
847
494
378
700
86
397
18
314
582
78
636
722
64
420
648
118
538
356
537
866
346
598
672
931
833
378
247
340
4
738
704
484
226
270
902
570
509
245
842
516
832
578
94
527
15
723
75
685
469
947
790
104
295
70
14
30
240
592
847
961
503
71
496
19
941
167
764
63
303
496
864
851
294
589
730
253
614
363
188
944
360
526
164
337
479
239
36
220
162
271
952
106
12
7
777
657
36
262
886
45
542
78
492
924
21
185
474
510
775
63
449
549
387
45
869
857
891
420
410
557
918
58
373
607
565
241
866
927
285
30
105
739
555
783
243
748
580
132
895
599
277
459
909
833
342
887
590
167
795
12
634
145
411
337
217
929
299
409
83
380
486
516
129
131
26
436
377
153
36
259
816
113
637
821
184
162
749
170
275
797
213
670
68
59
581
301
92
417
1
112
289
323
760
851
50
4
9
816
722
525
524
71
5
784
455
562
582
567
21
591
183
993
600
528
243
978
310
305
636
295
711
292
155
708
719
58
858
540
153
36
974
570
739
32
905
312
577
189
601
457
429
370
798
263
345
262
878
31
526
807
4
652
452
250
203
145
676
685
247
551
889
420
439
830
39
367
589
592
125
999
911
352
698
175
673
568
888
34
28
168
202
373
471
422
2
178
262
30
439
778
359
997
743
911
313
166
24
947
404
492
772
528
862
23
541
783
415
495
879
533
131
935
274
468
568
523
76
746
117
650
55
723
747
984
940
765
646
789
122
821
569
453
913
794
128
48
714
814
104
220
13
672
425
523
37
136
726
154
737
797
44
776
458
948
453
570
26
154
82
276
547
0
147
714
52
508
244
132
732
274
436
464
951
177
514
605
267
777
896
670
278
530
69
695
351
958
813
260
676
156
147
868
393
934
963
91
740
760
890
787
359
595
780
32
246
1
161
419
308
790
91
144
363
721
262
844
500
797
31
974
379
265
447
361
48
445
232
611
620
380
363
285
502
99
622
38
859
71
295
154
4
88
354
34
88
946
113
579
379
46
61
858
882
42
805
903
298
428
419
80
218
717
875
106
132
505
464
756
147
498
324
259
126
584
952
559
211
995
332
265
247
687
105
187
697
562
997
186
583
0
747
33
742
526
130
774
460
260
157
2
719
136
879
328
548
497
904
222
253
5
15
505
507
439
297
69
989
128
74
171
202
30
148
601
424
819
678
428
626
3
260
779
47
342
408
225
874
56
244
147
505
456
850
255
930
263
268
833
384
684
939
19
259
742
248
135
776
15
737
489
63
10
400
838
11
199
567
685
210
943
388
837
506
772
924
740
518
954
694
643
774
250
614
166
707
303
486
185
156
811
262
478
790
915
924
0
14
303
42
492
180
159
149
29
64
916
147
672
541
434
10
884
214
341
555
521
64
165
339
513
300
209
953
851
570
449
163
156
998
133
548
357
8
190
833
42
680
404
403
746
490
724
75
581
711
512
602
15
895
255
468
469
546
566
115
28
405
833
701
288
841
16
698
806
394
954
667
828
27
46
70
312
946
334
49
677
607
903
990
560
691
656
98
2
139
998
725
45
349
952
992
183
945
213
517
404
788
631
986
639
123
967
865
346
986
180
602
218
94
35
311
836
61
207
583
137
437
54
759
341
68
732
591
202
24
355
757
343
464
455
804
630
1
473
271
740
402
575
987
787
26
410
56
385
619
752
749
88
252
164
613
546
112
305
68
759
600
22
735
849
176
922
270
515
896
482
359
783
207
303
692
832
546
719
436
420
670
337
281
62
809
739
64
221
912
534
193
834
511
406
68
8
717
808
67
305
933
905
973
895
100
347
805
432
19
563
222
742
298
370
686
933
332
937
561
297
103
773
870
178
213
67
434
950
64
70
370
954
246
95
704
33
181
536
551
397
8
362
745
594
293
86
471
313
486
727
318
167
625
703
238
0
96
990
582
440
723
20
356
629
475
757
272
259
271
974
701
45
445
473
379
515
66
528
366
907
173
242
897
319
993
952
699
504
753
243
707
778
406
591
754
530
732
910
189
849
367
956
261
144
153
304
918
375
994
514
839
551
69
808
370
19
724
980
596
68
863
3
602
27
246
25
18
749
818
848
827
141
21
323
322
166
583
325
210
38
278
23
3
981
66
758
193
813
801
184
670
766
793
25
978
390
617
362
923
614
756
327
854
254
585
324
485
908
11
777
510
747
350
513
302
468
944
415
89
984
903
737
921
807
662
21
729
847
441
203
855
658
508
542
708
348
793
164
880
328
142
763
691
900
499
34
852
14
339
38
882
550
494
554
850
850
367
301
823
166
382
508
948
149
847
21
461
985
615
404
192
410
714
772
155
538
932
282
2
593
515
847
62
294
632
852
766
288
20
183
773
445
4
119
160
177
673
991
690
5
62
419
487
955
56
631
516
855
845
253
671
238
732
104
746
397
861
164
133
36
653
675
357
2
687
754
487
794
979
514
599
326
357
161
628
983
814
962
795
983
814
901
471
400
614
397
887
349
193
685
5
11
102
4
265
747
394
140
486
47
171
149
26
149
14
63
619
624
661
488
585
988
2
526
684
230
597
3
181
17
591
161
119
793
215
315
52
523
325
818
736
534
754
603
624
55
180
451
659
271
286
330
84
158
243
250
3
335
10
851
111
924
215
619
775
528
618
427
144
206
391
69
96
42
165
846
584
855
633
403
487
732
774
492
147
388
451
371
341
878
794
842
750
658
562
578
724
232
139
120
246
341
79
298
701
142
874
658
754
876
290
665
828
6
392
328
338
198
772
702
883
808
805
276
814
632
257
494
204
29
589
83
434
368
871
554
264
883
686
565
378
522
140
470
669
776
450
151
65
484
157
7
955
497
528
292
194
487
25
53
381
995
33
4
752
470
802
665
477
446
820
996
268
4
899
723
30
143
292
32
401
161
454
46
888
51
460
879
609
503
229
107
571
636
971
560
544
179
19
855
722
173
543
616
939
52
478
324
49
808
519
373
621
133
994
219
654
98
832
388
985
342
193
683
848
184
815
5
937
287
254
423
403
398
440
323
915
479
584
622
255
44
955
221
210
90
381
733
262
354
336
965
248
73
37
594
990
287
80
179
993
475
318
610
59
933
827
861
918
602
210
277
772
717
109
138
71
368
14
541
332
307
516
16
462
275
773
606
154
97
622
112
550
548
146
440
393
186
133
931
73
304
532
689
429
839
999
783
449
238
128
238
673
817
362
239
498
294
971
125
675
696
541
858
331
766
165
765
383
277
231
476
221
826
525
66
106
183
220
321
628
13
328
317
891
71
270
446
737
581
321
878
519
839
153
348
193
452
145
529
560
683
943
469
65
621
110
391
714
726
784
982
784
141
10
517
487
20
634
454
695
8
646
284
519
400
638
78
250
241
150
631
627
104
617
831
146
98
221
854
415
333
110
14
41
388
245
870
346
69
116
407
659
434
666
608
133
486
384
19
487
579
374
317
151
873
302
117
777
230
393
398
134
170
270
747
741
529
605
919
53
213
140
166
750
977
784
76
909
657
19
532
26
15
163
34
319
347
170
84
957
180
45
626
326
849
573
376
51
442
773
546
867
474
149
598
738
268
897
295
251
400
149
64
742
530
311
247
244
213
636
141
834
603
44
22
4
729
985
106
526
394
226
222
774
413
34
35
601
436
356
779
375
892
511
825
296
939
118
40
217
30
11
57
91
15
232
925
933
771
698
875
25
354
896
121
791
694
190
120
943
472
643
853
97
980
3
639
903
110
211
856
953
263
797
746
409
220
553
132
682
257
73
194
896
799
584
237
567
930
141
734
197
736
734
555
975
937
514
491
270
45
97
708
460
152
207
677
135
84
495
26
308
539
708
560
615
825
41
34
606
812
966
901
4
433
995
568
258
751
59
744
598
541
754
2
878
709
217
776
678
965
564
144
810
210
118
492
228
15
814
681
769
7
664
984
696
994
295
797
623
742
98
579
100
644
322
846
991
124
952
707
403
688
102
491
276
222
670
332
965
708
170
866
302
528
471
400
592
227
806
8
240
151
845
739
966
8
24
944
49
186
569
845
397
520
56
734
260
286
29
669
166
556
561
636
943
306
641
335
294
13
411
884
989
61
879
833
161
946
442
10
859
18
735
98
163
17
396
51
842
139
461
980
100
861
3
437
296
863
565
792
559
483
671
12
935
151
531
571
989
902
22
421
252
122
521
826
855
141
875
763
933
579
337
169
603
77
778
500
380
139
317
465
952
941
828
620
650
203
510
2
785
478
852
1
652
123
735
522
41
688
438
750
758
238
884
318
950
476
787
437
588
595
277
14
235
561
280
166
617
881
833
927
138
267
307
848
16
579
527
654
950
106
339
571
852
0
751
453
772
502
242
416
939
516
543
557
382
951
980
491
728
109
84
891
676
489
628
141
510
958
378
22
469
666
592
253
529
280
70
856
33
181
120
844
594
972
990
513
884
15
281
570
15
830
23
26
621
284
35
517
891
22
42
575
763
214
888
556
234
412
200
941
0
97
692
201
335
330
397
813
953
931
309
511
4
578
64
139
173
281
130
958
176
254
362
391
73
561
319
846
776
82
401
31
248
649
422
47
48
218
785
206
590
272
828
150
818
804
717
703
90
669
530
935
325
649
36
465
484
225
440
448
413
162
579
588
838
350
780
330
530
123
657
197
103
274
581
95
24
918
459
644
578
645
298
423
240
120
497
328
135
663
643
892
199
614
70
510
964
70
10
451
823
204
176
845
318
402
705
821
673
165
679
937
59
895
140
310
583
368
491
588
377
95
464
936
166
517
942
147
113
656
432
534
815
498
946
67
537
315
529
577
807
726
648
963
582
734
669
65
768
505
439
109
112
259
449
109
744
172
974
253
190
33
277
674
814
668
0
541
960
88
577
492
71
970
711
29
332
591
457
441
912
782
132
515
323
150
371
800
532
832
286
227
204
249
681
47
78
663
479
508
8
49
396
331
805
645
557
814
387
138
483
404
540
284
660
61
67
78
720
597
980
186
888
417
269
245
770
104
608
49
835
484
125
820
329
0
867
14
673
212
402
904
438
655
667
96
746
306
985
44
126
20
549
963
582
238
63
686
481
247
871
81
603
93
71
514
501
737
39
473
481
118
668
720
208
219
5
221
603
364
975
194
893
948
931
15
596
549
23
745
312
920
264
39
687
765
365
78
657
64
448
223
384
794
970
573
941
556
168
283
368
915
302
64
86
318
798
643
193
330
711
298
922
687
495
29
904
666
680
358
234
837
342
300
211
209
529
825
971
168
324
66
588
176
317
80
579
329
13
792
129
29
78
578
879
491
990
13
943
972
526
292
593
86
151
575
837
117
985
864
328
530
675
75
955
987
33
202
116
188
128
630
286
572
653
4
937
844
657
20
461
507
541
901
675
112
245
778
8
21
265
157
913
309
38
156
758
366
503
756
827
11
351
916
546
277
88
196
456
522
832
720
835
516
357
7
734
16
543
334
429
821
646
234
190
445
595
572
337
349
45
314
779
577
507
2
29
966
669
315
912
220
994
949
83
695
211
351
740
677
463
177
53
837
293
171
284
597
348
471
64
876
568
572
392
293
949
227
287
8
653
986
478
276
715
161
65
61
449
4
318
952
877
146
969
820
144
0
530
826
943
756
568
629
49
4
627
933
916
341
995
785
193
346
759
561
231
65
430
128
18
635
410
93
764
128
82
91
927
527
458
356
753
167
796
442
415
753
240
699
704
567
880
773
199
459
597
983
74
356
918
304
98
231
48
403
59
21
844
832
693
306
247
967
450
667
583
606
852
27
192
525
4
583
77
764
202
335
95
89
25
864
650
363
344
252
636
215
989
435
418
684
924
813
120
83
191
241
449
266
84
889
208
200
120
387
146
980
389
29
4
221
163
320
376
127
348
893
186
229
283
708
904
753
154
48
883
669
724
634
813
329
737
102
322
944
675
347
312
89
267
455
294
832
796
68
821
427
710
339
348
66
904
805
597
733
277
35
105
693
410
367
951
204
19
535
702
233
836
190
611
772
15
215
324
4
572
92
993
142
854
266
573
534
435
752
113
715
315
354
231
978
188
259
5
296
680
526
919
10
464
349
706
824
476
50
222
203
840
328
416
378
0
878
759
139
478
866
653
487
694
768
395
3
22
467
778
660
157
327
311
414
479
656
316
587
683
541
5
27
249
787
205
2
99
972
962
759
100
950
112
340
758
121
585
585
3
126
200
899
416
962
512
856
548
700
703
7
657
22
659
107
863
555
578
207
775
224
291
750
150
453
232
379
936
160
946
92
610
20
371
20
665
122
136
625
303
184
654
555
360
226
82
481
303
401
984
258
489
108
340
190
377
774
317
11
84
355
821
7
769
468
653
248
456
588
155
764
460
678
501
1
906
98
498
773
793
124
2
994
169
704
39
26
490
649
621
506
359
435
913
992
912
102
735
950
790
748
851
450
215
795
864
610
293
133
250
36
3
185
971
341
587
335
147
912
100
487
794
0
273
764
531
855
105
165
243
754
57
925
130
805
4
831
830
872
389
517
256
976
379
395
553
365
262
961
809
45
509
418
567
733
59
208
394
89
188
207
395
4
302
539
45
129
26
283
508
291
652
875
686
971
21
3
890
978
749
85
69
349
107
809
954
879
350
702
662
525
975
684
347
604
469
676
942
708
379
931
804
71
168
607
922
967
669
860
940
22
824
129
680
843
769
51
203
62
254
467
126
829
153
221
965
241
994
700
983
282
194
114
372
387
9
955
987
479
303
950
571
528
711
822
83
941
681
829
527
318
610
891
826
28
892
154
566
187
646
104
72
145
960
907
11
433
272
399
362
387
729
594
876
597
741
440
450
888
174
268
343
732
930
795
94
299
950
872
785
659
384
447
103
687
12
157
387
604
85
76
814
44
16
207
234
317
594
245
598
94
387
718
669
707
492
208
315
22
578
938
824
104
164
830
678
449
680
360
517
201
474
528
46
143
65
555
521
14
820
82
406
738
640
533
468
927
72
102
183
655
256
680
416
353
62
926
660
35
902
362
942
594
3
269
575
628
53
214
31
130
265
533
547
647
613
278
673
493
211
844
764
555
46
704
467
394
49
895
361
620
635
231
30
997
722
305
499
804
815
464
681
385
332
227
329
488
148
390
826
722
212
842
140
953
890
100
28
168
977
460
266
593
767
601
598
182
581
246
229
3
204
121
642
60
295
1
169
303
175
954
575
909
26
176
431
594
827
894
744
11
863
41
61
836
306
978
69
479
128
737
925
610
805
660
127
691
771
33
63
81
404
85
485
554
456
355
804
651
738
156
8
581
521
4
864
387
473
750
798
498
424
943
822
532
851
583
508
937
590
239
892
951
787
661
798
332
275
32
52
184
150
711
883
173
435
178
223
395
718
21
521
145
699
15
612
756
606
107
656
773
918
789
538
668
191
474
3
641
478
272
277
340
416
896
760
973
215
473
386
703
906
955
622
473
419
220
3
199
65
32
797
882
735
250
221
771
37
581
15
138
294
387
466
855
702
293
961
271
188
13
164
852
688
180
424
7
952
73
407
530
65
777
986
944
884
947
557
289
142
676
841
52
932
979
76
321
5
668
830
231
65
861
302
606
359
19
180
618
9
753
752
982
641
538
610
316
19
760
727
400
447
258
663
420
318
966
984
781
386
235
330
15
194
7
663
415
397
389
153
844
330
296
381
153
258
404
131
123
330
729
385
51
285
793
979
0
905
810
203
482
336
659
531
208
639
68
531
532
413
317
308
424
903
557
193
852
318
230
1
46
510
216
707
449
930
386
715
487
76
509
353
341
652
534
432
879
26
14
401
805
859
496
306
917
544
835
8
876
244
662
815
349
478
571
746
412
130
228
192
158
544
758
108
774
879
943
130
91
979
362
749
534
348
0
227
249
0
672
942
14
826
321
434
316
115
370
775
894
679
838
110
576
504
156
889
639
22
656
483
266
329
730
441
942
633
465
363
268
132
624
54
7
816
71
422
554
454
469
855
2
576
203
998
714
777
801
515
131
107
850
893
807
494
690
260
990
534
586
330
567
515
234
947
189
477
162
165
786
481
875
128
961
444
811
982
686
417
692
710
530
858
441
437
38
509
208
881
288
592
591
329
0
112
603
535
835
408
21
123
65
968
576
641
624
868
183
243
233
736
940
734
372
453
349
536
403
10
674
349
188
225
170
109
15
844
331
448
221
63
438
601
646
303
528
972
452
768
965
353
368
553
415
40
10
92
711
540
359
59
480
575
16
658
377
631
63
836
144
906
30
932
978
61
893
13
113
859
736
534
138
495
626
521
523
350
753
24
616
172
660
225
454
453
354
920
318
161
155
100
56
200
603
160
736
889
90
175
472
992
309
960
84
727
106
79
491
739
632
462
90
439
955
357
151
248
890
481
469
229
755
166
984
129
89
709
191
170
353
298
405
125
891
121
17
818
320
716
156
108
403
156
820
97
0
896
117
423
933
472
429
411
88
885
704
245
329
256
779
937
161
557
65
330
287
524
188
135
341
227
955
185
83
140
866
904
509
160
916
876
832
368
588
317
986
25
536
680
106
45
760
612
598
566
327
138
77
2
54
279
405
149
19
469
555
26
482
284
75
470
76
451
310
121
807
684
388
690
458
662
387
368
643
326
33
425
771
340
79
880
564
337
594
8
694
767
117
432
667
9
378
939
944
11
388
961
918
867
246
92
869
392
482
282
354
59
73
721
838
887
785
696
393
715
730
466
688
205
116
262
126
132
679
396
68
867
684
335
580
463
258
782
225
851
947
748
551
36
719
547
596
981
358
580
736
411
558
142
698
41
441
589
637
630
4
440
793
224
511
906
88
551
587
757
518
66
192
101
335
577
478
742
779
18
580
852
652
750
142
244
946
295
282
730
399
736
689
674
62
585
543
645
907
695
500
367
650
545
367
117
309
77
176
255
840
747
83
286
952
74
638
201
922
499
65
326
828
195
611
156
201
238
95
580
626
771
178
96
122
241
31
260
194
480
483
223
762
260
716
106
370
962
518
572
120
653
646
354
969
257
995
457
440
156
920
586
244
354
11
130
69
21
353
940
630
999
648
100
152
571
338
472
895
215
708
915
628
478
84
595
641
40
334
658
217
837
277
745
29
332
541
16
232
193
5
403
993
37
19
668
285
251
510
70
205
461
847
372
349
144
483
726
419
964
603
1
437
371
268
319
417
850
110
972
117
437
570
20
880
108
755
328
887
615
41
336
366
559
630
921
615
915
11
809
630
51
268
701
898
326
958
676
364
569
184
289
76
999
515
80
663
648
452
997
704
327
989
357
385
12
627
739
996
424
861
977
936
473
900
866
33
375
752
883
929
197
102
687
516
388
776
15
310
71
683
871
186
351
937
691
156
658
136
572
271
443
242
930
625
969
68
175
153
4
545
960
687
577
179
695
844
825
966
955
737
923
969
237
700
140
539
355
784
94
107
436
702
928
910
896
327
297
946
221
607
27
842
189
816
527
559
698
656
280
132
426
991
80
838
955
299
661
105
326
276
33
580
382
421
682
685
799
471
553
16
369
143
3
876
179
683
612
974
805
90
429
48
426
656
288
840
83
475
369
866
684
152
32
680
376
205
106
894
118
495
686
31
576
4
63
132
52
103
793
535
158
839
486
273
687
860
51
941
265
551
724
94
970
309
367
142
545
663
607
14
809
175
801
267
199
60
619
278
414
242
167
651
992
163
947
20
344
148
310
226
477
36
801
354
16
691
258
965
678
954
314
838
609
30
840
324
346
790
187
806
343
288
879
165
505
32
242
179
9
241
348
325
128
270
807
625
668
113
75
960
413
54
47
282
720
84
371
167
695
448
115
200
976
410
786
619
30
178
819
879
971
283
636
91
61
134
420
793
93
138
179
208
594
352
758
198
505
258
32
596
721
160
180
230
403
281
80
793
798
819
18
934
475
426
152
891
208
681
324
1
142
320
383
221
918
755
172
42
98
79
179
291
339
556
106
649
101
182
317
71
323
97
66
129
232
556
635
495
777
456
616
634
844
602
3
749
882
19
265
702
630
546
197
727
399
851
833
107
365
377
782
390
548
162
66
732
684
704
631
767
57
446
13
98
103
931
997
484
46
285
730
865
12
172
608
837
426
444
944
977
442
756
364
208
57
619
904
445
225
544
474
568
289
364
79
634
358
495
996
786
909
99
52
762
515
585
502
85
673
4
911
479
491
370
329
174
306
215
885
783
0
14
897
250
557
56
883
52
486
868
407
235
714
65
93
754
25
889
5
465
697
307
111
599
216
993
204
484
208
664
495
599
312
485
385
729
84
314
585
275
431
186
873
652
848
628
130
411
412
148
536
619
66
979
68
614
288
138
658
850
191
654
42
305
960
993
339
625
923
356
481
634
800
257
358
151
675
564
774
205
370
784
912
37
717
374
336
295
603
958
288
295
692
521
530
44
135
701
164
592
172
429
868
384
113
680
632
932
607
173
726
221
252
11
454
103
57
1
571
759
185
801
402
910
183
238
724
399
807
212
512
837
771
11
121
716
623
5
893
238
160
21
2
976
781
190
45
83
174
855
8
666
378
745
864
300
990
302
431
464
327
617
300
255
317
122
678
917
821
98
450
692
178
777
267
595
159
496
783
372
437
979
445
359
880
727
26
625
50
2
132
255
783
106
149
890
297
387
186
495
775
383
274
562
200
258
74
594
381
444
403
576
718
160
216
44
261
215
459
205
91
724
86
209
720
857
619
409
134
734
115
565
828
267
316
297
762
740
211
400
521
282
12
79
925
434
637
251
136
84
290
539
63
229
162
91
711
806
827
766
357
499
737
681
402
376
894
624
460
22
18
224
185
336
776
733
331
561
492
505
325
302
25
778
431
165
65
692
206
582
196
215
23
504
500
923
207
506
912
519
835
693
475
19
93
985
490
926
40
218
266
544
247
741
609
171
63
204
476
427
957
256
259
771
92
5
673
876
111
509
89
339
14
398
355
585
160
344
769
851
168
440
455
808
4
898
251
725
790
38
962
848
54
333
356
393
982
553
791
149
959
522
589
697
199
323
822
165
429
532
453
982
272
203
455
515
630
759
242
299
520
325
936
129
22
705
413
35
833
664
649
476
21
935
504
420
875
713
841
186
753
925
83
127
660
101
513
437
269
213
766
300
117
450
3
46
237
951
798
759
308
331
152
138
748
286
289
880
4
444
946
191
413
594
56
948
425
909
444
354
4
205
118
852
143
50
1
748
30
265
960
862
644
650
225
794
889
893
349
116
31
1
688
782
382
125
760
271
567
345
818
542
423
148
379
291
292
720
380
681
754
328
956
248
452
148
104
835
203
766
917
749
245
522
495
267
865
722
589
234
897
287
984
70
416
191
672
293
755
411
147
861
872
334
730
462
136
193
796
633
132
289
449
118
300
785
704
207
771
136
939
413
906
812
988
710
788
161
774
9
508
365
95
489
619
390
344
242
209
393
91
630
387
448
710
644
980
236
121
665
970
10
35
442
849
300
824
74
790
3
971
2
72
661
622
670
918
329
509
576
301
713
136
100
819
178
222
165
714
728
614
90
497
45
625
469
875
137
137
300
678
476
3
79
629
5
154
867
5
961
691
120
386
957
512
925
148
396
33
752
960
10
145
246
425
537
336
760
721
279
174
77
172
112
627
251
44
875
137
547
700
275
204
870
807
240
127
89
404
800
380
389
9
888
173
481
538
823
450
179
109
138
964
861
85
275
582
941
146
866
525
712
45
888
155
858
211
293
627
454
683
481
351
102
692
499
562
248
665
781
964
975
365
595
386
91
73
923
3
840
906
874
995
103
756
802
340
875
78
192
14
823
615
465
871
119
818
789
793
192
725
318
18
724
85
262
278
772
639
867
927
178
896
965
106
974
181
907
646
130
934
206
759
451
900
514
959
267
314
764
790
374
576
505
812
541
520
779
541
966
804
992
173
678
96
325
772
769
807
951
510
151
201
320
42
21
894
241
967
240
73
210
313
101
59
443
646
720
192
535
748
664
572
810
169
704
132
141
867
923
243
628
296
697
172
350
758
80
42
719
516
319
614
129
553
931
895
304
980
81
647
583
111
62
403
418
420
497
338
145
46
356
217
871
257
170
575
328
605
320
395
960
754
15
656
549
156
135
273
547
859
273
554
999
761
15
792
375
761
388
1
326
778
610
487
173
155
760
810
196
162
862
79
619
168
985
795
210
449
199
603
533
145
164
554
199
8
391
913
388
327
442
167
778
950
330
407
65
161
758
244
974
980
741
878
971
706
149
869
26
910
82
247
868
203
418
453
740
45
568
507
146
202
93
987
562
992
854
641
228
878
615
767
994
154
657
601
218
312
322
476
176
14
135
496
196
2
929
165
6
893
434
8
99
66
377
231
830
960
46
609
830
168
321
401
899
172
730
422
110
537
225
312
912
373
541
447
115
442
724
405
265
564
535
235
322
799
475
652
474
151
486
136
143
45
553
45
128
131
3
893
374
545
999
816
550
20
378
498
100
3
489
568
339
82
465
643
845
4
597
577
250
529
673
493
801
896
728
404
480
178
874
195
385
34
209
289
50
701
206
288
863
597
491
392
379
682
429
645
913
224
536
700
883
734
271
403
12
276
70
397
782
751
900
409
694
369
790
619
863
429
221
393
104
937
303
565
462
374
216
571
175
108
941
338
42
126
602
124
591
426
173
981
230
963
972
260
131
76
720
231
229
21
698
61
353
338
505
626
792
363
308
15
582
970
84
776
406
645
823
98
848
35
417
155
723
94
786
101
270
486
834
0
442
475
587
861
520
32
562
334
380
654
511
648
360
935
794
12
198
145
926
881
357
829
547
260
873
465
395
418
164
255
538
184
522
870
369
395
170
986
574
806
725
6
506
869
118
477
50
649
51
254
40
430
166
4
237
433
869
248
168
357
195
767
665
464
510
653
319
130
755
481
251
476
855
290
463
10
109
973
522
813
908
759
669
254
128
629
670
71
296
722
45
350
385
610
843
598
839
3
519
916
365
333
528
590
153
132
503
339
343
449
655
210
376
452
118
869
856
34
37
324
517
662
548
7
525
903
667
649
571
41
943
554
580
9
101
487
821
679
298
44
535
318
525
573
697
423
821
44
163
503
169
71
799
959
328
193
107
184
928
789
215
970
910
853
212
73
179
355
375
211
818
73
623
633
259
306
909
182
427
646
551
720
108
476
600
355
789
107
540
929
408
800
335
907
361
241
516
914
72
870
952
218
858
518
707
372
124
221
67
196
445
263
393
983
546
303
4
547
424
16
136
178
568
495
805
1
450
572
538
997
949
713
975
5
459
760
783
460
488
55
524
855
20
264
195
676
51
918
149
914
869
313
628
0
988
837
12
710
24
627
977
12
595
551
852
110
859
61
196
930
404
205
625
42
477
2
805
750
210
645
65
157
143
325
214
827
336
419
577
222
961
133
99
407
930
187
317
471
38
97
294
263
396
147
3
782
31
407
147
74
859
781
717
625
129
404
375
321
903
192
365
10
371
961
389
381
636
749
893
488
114
992
265
827
379
559
393
740
350
453
337
879
333
845
801
69
102
776
662
636
397
881
771
423
402
594
772
738
367
74
657
452
69
96
130
490
370
481
818
569
71
951
899
428
744
959
196
656
55
678
478
819
302
518
35
21
153
63
539
632
778
222
77
464
942
448
114
291
403
79
746
893
796
420
440
24
102
393
993
11
175
585
260
411
251
571
259
53
285
699
881
768
948
261
668
302
662
441
151
323
240
483
92
611
823
738
45
525
675
462
137
317
420
138
5
310
889
243
580
359
934
69
786
394
495
305
431
827
585
182
61
165
725
524
279
271
290
530
571
912
385
569
981
798
127
442
916
211
0
127
340
593
769
571
924
5
58
213
456
121
124
670
721
275
752
436
905
184
576
853
201
542
289
183
60
31
382
755
630
707
68
161
806
999
216
471
52
30
760
144
4
171
664
196
54
653
796
708
413
448
78
938
367
11
656
132
284
835
450
927
755
230
231
809
665
415
686
626
838
504
669
164
262
376
668
150
367
104
143
645
589
588
252
932
300
646
166
136
295
836
8
201
642
882
954
435
243
404
708
196
87
448
786
160
981
78
86
510
352
922
374
18
311
889
925
360
331
314
896
576
100
549
270
661
69
103
16
403
414
585
952
951
26
877
659
759
908
18
397
921
118
688
968
254
941
311
119
270
644
509
765
916
678
209
620
625
103
903
663
803
344
538
72
681
383
854
554
996
933
866
670
262
528
267
493
762
742
2
145
884
192
292
928
252
532
996
877
748
899
542
163
899
586
510
889
326
671
863
721
812
469
499
814
21
750
673
159
354
389
91
739
228
50
67
393
743
651
995
966
252
548
283
745
830
4
186
9
945
985
912
943
302
469
447
155
752
463
819
814
626
0
180
608
440
838
33
999
644
278
117
527
459
883
364
973
377
688
471
125
791
975
905
926
138
418
497
300
742
824
336
586
905
974
416
547
869
379
1
867
242
376
116
508
585
313
332
778
585
175
144
790
474
34
548
771
795
820
95
475
276
482
26
461
30
228
992
494
751
890
499
186
904
708
123
300
606
533
377
495
968
883
57
193
274
234
586
247
4
464
31
257
122
654
492
651
64
334
516
239
549
179
843
333
627
415
315
74
57
655
50
812
704
711
566
512
892
317
863
963
21
9
388
374
547
285
370
467
137
529
435
46
209
917
455
0
261
992
777
149
946
195
629
850
65
887
885
204
246
276
126
617
32
218
748
206
618
538
994
874
374
346
569
221
92
180
5
27
278
159
19
952
719
510
651
856
343
668
498
786
479
501
262
520
737
15
269
232
547
492
86
378
47
620
865
140
472
964
843
20
95
127
3
398
647
50
319
192
909
336
41
198
721
40
568
757
840
446
468
745
606
409
653
943
109
433
422
820
600
700
812
925
443
33
723
10
104
877
743
902
29
950
446
193
417
115
122
998
900
116
643
975
273
607
831
106
432
239
143
456
93
742
518
267
876
63
568
612
702
404
262
368
32
840
3
804
935
809
713
372
948
100
444
404
583
936
744
70
206
667
653
832
606
698
818
166
981
963
764
73
946
758
255
302
634
477
45
439
680
551
255
177
442
480
439
11
816
65
678
996
22
173
504
178
153
45
155
971
647
172
122
754
166
934
154
601
564
66
353
169
552
22
978
761
134
678
979
524
275
761
792
164
538
915
587
570
296
583
371
55
8
312
108
149
351
19
894
821
713
823
992
244
607
116
72
932
280
486
586
272
65
580
47
682
312
767
863
822
877
19
245
594
809
466
720
27
168
222
669
941
432
794
528
196
115
126
592
70
586
790
110
440
521
663
242
309
61
864
11
448
886
7
275
643
898
235
806
998
323
115
47
33
869
478
704
762
839
323
108
26
418
289
259
944
14
104
307
379
973
328
735
751
211
878
964
374
347
33
104
649
159
484
885
497
134
614
632
282
347
666
267
128
753
503
474
674
667
622
992
849
453
955
526
840
970
768
946
625
4
94
177
14
76
29
726
760
207
12
260
968
966
307
373
465
201
759
815
859
97
173
337
530
232
880
810
471
309
484
767
950
644
603
150
242
66
696
115
531
606
828
957
970
580
562
8
711
270
393
426
49
0
191
635
535
282
642
974
808
721
665
855
556
731
439
727
834
449
555
973
902
599
775
327
435
353
799
660
613
738
857
351
860
856
289
565
750
332
191
935
780
133
916
24
932
258
426
689
947
544
828
226
104
304
141
526
791
781
437
832
821
124
429
97
766
527
284
100
535
917
282
993
698
339
184
804
197
513
524
202
249
862
137
241
464
557
21
436
520
786
472
961
2
551
321
968
226
410
549
188
457
541
559
62
768
845
259
653
739
64
61
698
101
418
162
456
685
789
742
200
20
423
112
577
791
70
916
61
627
159
527
970
570
663
201
875
941
498
417
216
42
635
857
250
2
527
58
277
384
200
99
104
741
803
647
857
892
831
635
609
788
147
4
896
617
38
724
708
12
739
319
227
218
558
313
624
12
283
676
184
504
898
852
495
608
127
3
532
968
513
65
653
631
327
446
258
706
686
321
663
626
907
283
850
711
232
941
126
33
576
223
146
835
67
611
969
454
704
957
74
406
899
302
818
2
161
17
959
744
246
884
599
33
639
266
944
38
505
389
220
346
566
282
453
573
529
968
488
0
380
794
183
962
610
247
543
92
87
390
943
421
743
215
505
480
480
130
576
560
628
608
753
143
848
427
595
395
566
512
647
69
855
66
48
997
253
119
4
833
589
174
308
919
5
224
300
443
457
756
376
67
621
700
535
426
969
361
682
535
384
676
995
553
883
721
85
186
841
771
499
560
7
389
312
845
672
320
455
458
401
512
331
262
759
13
92
380
229
600
119
962
60
795
335
998
271
130
834
174
185
70
137
3
75
874
802
122
638
350
158
20
224
200
971
860
647
834
157
882
178
932
84
81
941
837
758
675
56
333
519
235
219
605
337
615
614
130
696
225
20
297
880
783
727
86
634
361
240
818
960
801
542
725
965
989
682
64
281
549
14
141
548
740
336
349
558
918
560
516
319
575
530
233
919
589
0
590
147
344
565
198
632
484
513
818
200
775
707
493
762
60
695
826
231
708
3
72
477
117
636
676
129
478
109
66
319
23
788
735
227
353
33
296
344
356
875
242
886
443
268
194
11
131
387
561
47
376
719
444
647
147
243
865
242
85
161
997
646
12
544
410
713
50
13
359
371
3
847
45
331
809
284
119
408
32
163
209
568
314
97
80
659
669
553
61
562
626
11
562
287
14
356
464
145
693
767
275
314
280
388
748
262
553
115
794
448
486
64
112
87
886
226
665
982
517
534
468
127
881
808
576
187
666
495
185
649
409
565
944
676
332
951
7
672
676
657
472
951
840
457
187
802
55
467
341
163
976
203
370
987
838
395
321
570
143
177
465
541
20
330
919
786
80
240
82
641
111
633
971
738
966
12
503
208
681
668
236
380
30
481
131
128
132
160
125
656
487
174
86
491
519
912
334
406
978
279
69
12
29
9
717
126
966
0
255
424
940
542
5
1
832
3
713
86
76
780
505
10
751
98
459
4
22
36
627
579
256
632
171
692
68
728
295
997
96
219
747
568
110
87
923
512
956
482
712
509
795
273
360
935
552
653
541
675
319
703
188
701
805
25
933
496
360
316
649
366
294
594
4
558
517
228
193
305
153
18
89
777
435
46
721
435
498
857
93
852
618
944
647
49
59
975
453
738
150
255
428
825
991
650
239
380
982
995
211
324
203
339
216
808
19
459
941
490
904
902
662
74
845
385
977
557
13
857
593
65
313
926
326
510
611
459
96
543
801
522
931
876
710
905
217
116
744
150
894
799
922
86
347
197
781
338
812
338
636
738
222
785
511
301
438
958
988
387
553
75
113
711
962
938
108
606
9
541
336
934
114
458
189
708
41
213
669
134
822
247
51
720
347
462
740
5
890
483
557
315
319
343
662
803
955
340
292
395
75
449
686
262
329
32
252
419
691
25
45
911
566
661
113
689
30
951
258
138
270
13
654
15
76
26
573
99
675
168
241
721
371
754
983
893
26
130
590
961
236
428
468
265
483
596
893
723
837
817
436
886
425
263
681
64
150
533
80
953
480
318
178
662
101
745
407
203
333
938
409
574
110
664
176
1
572
899
72
648
374
465
493
693
261
588
315
987
299
477
998
349
976
874
493
890
283
880
431
57
92
386
87
61
175
213
33
652
240
16
197
346
81
807
734
931
756
836
873
810
798
843
874
235
518
420
888
344
916
320
442
831
890
851
187
294
78
406
3
37
967
536
477
658
298
908
547
32
705
340
19
732
562
488
193
605
798
0
426
976
50
677
705
666
64
330
123
566
595
163
0
547
277
323
525
93
365
898
290
303
933
60
168
231
482
367
277
33
643
691
0
989
894
985
5
438
911
293
118
33
229
891
33
690
869
117
868
126
383
435
675
473
33
594
633
393
850
534
471
379
835
470
13
316
680
285
349
134
117
939
752
962
452
256
373
46
170
337
793
224
206
750
657
439
846
951
771
337
845
939
965
401
228
539
141
446
211
933
956
275
666
506
154
915
301
759
278
0
289
635
18
4
591
180
562
308
65
4
62
813
415
561
8
637
893
618
399
375
960
834
476
101
578
240
5
169
344
29
276
511
179
672
258
261
437
935
376
909
338
226
625
0
304
667
925
195
39
566
38
553
12
191
897
504
144
157
99
237
807
563
241
849
32
492
960
254
451
949
992
115
331
620
202
561
323
970
734
359
376
176
1
408
152
692
206
533
349
982
134
722
258
433
5
90
420
119
80
225
524
985
26
191
30
563
868
912
921
892
296
200
707
818
15
136
301
7
887
564
354
460
151
835
552
658
975
462
454
522
723
41
539
394
751
618
204
430
140
495
271
357
623
157
162
59
804
394
824
183
11
57
688
131
810
366
950
219
795
89
872
467
308
476
97
893
720
32
240
530
266
111
51
541
564
748
856
122
102
130
55
197
84
324
0
614
414
957
85
596
398
434
329
715
646
181
779
593
361
803
919
567
106
919
322
228
34
320
774
468
452
938
576
610
835
975
787
239
692
463
941
398
278
741
323
535
353
10
298
0
169
26
286
190
103
46
324
146
999
267
69
7
222
559
713
164
748
744
674
840
244
100
319
511
455
393
461
419
275
757
471
858
551
692
675
33
306
373
821
273
335
405
640
605
874
367
522
935
690
271
861
482
880
673
21
889
551
188
628
911
501
532
823
74
937
2
936
999
149
68
34
436
687
860
733
696
197
589
923
531
496
103
367
231
742
603
18
802
3
808
932
246
894
858
935
996
430
285
18
782
23
457
11
161
343
199
34
3
659
166
551
731
697
572
187
989
491
660
850
784
951
353
701
101
167
199
279
873
15
576
609
841
658
428
11
596
420
459
0
45
291
432
415
722
491
273
699
304
183
30
846
316
195
663
250
823
714
686
246
370
262
986
469
92
903
827
202
21
177
813
109
493
712
329
286
314
38
876
320
492
571
692
879
132
616
60
175
242
305
439
516
960
188
251
293
227
923
600
3
935
0
8
271
784
183
958
844
608
881
721
901
320
531
180
94
586
398
840
0
209
14
751
609
328
367
4
913
118
448
835
125
840
67
534
113
393
625
612
207
983
428
902
32
560
226
952
493
797
579
396
80
33
736
345
364
527
461
519
66
703
783
475
252
380
853
26
458
407
341
800
634
192
437
835
776
806
555
391
772
439
824
442
170
53
49
951
4
483
578
709
429
958
502
651
552
115
209
274
153
647
64
211
743
987
438
983
724
266
700
129
268
511
614
887
661
280
398
480
524
968
840
378
869
489
33
663
509
51
951
498
109
116
19
306
93
801
611
74
847
832
264
969
851
770
7
693
907
321
20
198
813
743
262
501
421
317
984
617
161
34
822
757
8
263
179
398
232
109
851
391
805
98
180
250
969
113
521
826
585
288
584
136
61
790
735
257
897
381
202
414
500
931
970
59
355
43
460
59
710
486
572
11
359
296
2
876
155
338
928
914
521
114
590
608
168
216
456
543
448
671
519
219
132
294
978
325
938
3
565
936
413
981
618
943
384
112
722
4
384
217
3
49
421
498
764
338
790
642
84
559
128
350
39
102
984
442
706
137
381
797
500
791
583
677
33
792
975
256
295
339
110
876
26
607
866
159
375
810
297
641
722
339
34
27
267
545
59
210
76
926
273
15
35
682
781
563
917
647
604
551
791
176
385
786
15
305
976
32
304
845
643
830
41
10
792
64
339
229
106
333
723
33
100
645
261
755
273
743
191
281
156
292
559
956
976
702
699
999
307
43
577
365
470
221
624
764
270
269
940
950
566
108
3
769
249
103
896
319
234
314
879
8
622
610
270
344
953
839
760
872
586
739
87
186
515
281
222
186
288
858
450
60
141
231
957
870
612
950
428
950
550
334
61
916
589
340
573
450
622
260
179
96
830
637
123
491
101
717
940
727
458
889
907
253
651
950
183
407
606
596
271
966
652
662
455
648
402
298
435
823
419
24
468
135
194
449
171
877
704
751
866
273
20
862
799
464
848
249
140
3
272
102
234
451
383
636
125
959
3
49
632
123
529
490
821
37
140
412
245
85
659
855
4
358
787
516
682
155
833
423
925
86
615
219
637
818
460
24
238
4
67
871
791
236
920
932
536
951
165
658
328
340
720
593
931
551
76
52
539
518
450
114
960
865
780
217
377
1
746
977
131
501
347
538
177
396
64
6
45
234
22
16
246
581
372
949
996
625
223
4
285
934
898
955
289
87
354
3
637
354
231
871
22
542
452
668
206
245
290
747
908
176
596
184
252
394
601
561
40
453
251
90
391
61
948
750
406
934
922
878
993
260
650
91
3
230
25
642
659
20
982
420
517
760
606
774
224
23
992
946
566
295
260
487
223
106
83
330
286
353
5
925
234
862
790
34
12
43
577
54
200
182
165
87
284
795
920
165
155
233
110
480
522
266
109
418
836
610
951
270
36
289
621
558
420
984
696
684
3
12
344
635
236
207
108
956
220
532
297
549
395
899
757
266
404
424
712
900
407
999
166
176
19
70
678
192
701
90
780
126
231
386
792
423
256
908
98
924
78
104
933
505
222
199
692
38
987
867
481
491
582
304
895
587
99
29
420
829
454
518
426
615
238
651
998
758
206
651
404
361
785
481
320
175
777
696
886
853
1
575
375
52
334
783
357
769
874
384
24
882
365
611
148
772
509
231
130
472
827
50
350
679
