148
526
5
360
135
756
607
783
180
149
881
774
715
212
957
138
977
429
822
821
4
16
969
699
96
202
816
871
568
32
143
343
836
874
268
635
968
127
454
189
746
685
617
157
711
191
397
592
315
8
663
226
260
684
257
349
308
345
286
513
270
888
73
976
235
541
622
530
411
138
518
64
557
790
248
812
1
256
589
674
856
433
33
943
987
380
586
71
63
517
195
243
594
442
682
2
727
404
955
298
810
129
362
712
793
370
238
659
206
707
410
800
302
131
728
431
464
503
31
54
839
559
596
3
692
295
70
831
176
2
12
756
207
187
547
908
980
721
848
553
323
81
833
992
64
99
994
672
581
653
221
507
178
367
185
4
317
835
364
636
222
711
349
605
18
960
512
33
857
270
642
318
961
50
834
782
14
449
105
920
965
88
208
63
701
59
129
655
838
344
445
575
778
868
703
941
133
301
51
23
490
62
756
531
43
661
870
547
566
333
669
288
307
994
643
560
153
379
314
605
1
747
962
350
788
138
352
19
11
430
928
791
965
132
647
41
804
653
438
169
583
612
776
583
149
693
575
825
818
159
533
736
356
791
2
93
714
853
244
339
298
189
45
202
935
575
525
847
923
923
402
484
523
279
432
814
769
357
769
498
321
833
671
823
783
240
544
385
719
17
871
633
855
533
727
90
980
104
383
873
241
723
118
633
111
76
643
80
110
976
620
316
578
44
713
9
14
187
527
933
608
55
396
321
695
543
663
594
844
440
452
699
309
290
515
653
685
644
808
326
327
59
323
275
572
751
20
827
849
912
848
550
68
257
83
61
193
555
648
394
510
662
100
505
867
411
750
575
384
274
57
176
434
606
828
974
739
74
52
539
516
883
605
675
241
538
4
379
10
33
176
312
430
814
779
919
634
180
19
784
517
886
556
546
53
732
112
36
32
656
173
770
50
864
85
164
482
182
445
453
74
34
378
417
109
444
497
543
335
525
188
966
851
393
585
322
896
217
84
16
559
149
715
81
41
278
97
617
87
627
3
61
913
308
503
180
95
335
521
151
842
740
377
68
180
978
21
2
980
448
544
999
133
272
133
317
453
232
686
976
254
423
958
266
389
672
549
792
880
279
43
192
279
206
486
821
286
480
11
783
45
477
322
960
578
941
487
205
428
698
33
495
339
210
230
932
339
61
147
143
367
429
410
524
778
994
63
130
698
489
982
110
92
709
441
572
244
777
570
3
834
614
876
45
385
132
950
291
689
651
541
570
730
169
970
272
121
43
484
335
10
940
649
741
156
844
346
179
594
460
548
607
382
855
521
532
358
755
366
451
294
262
48
995
410
982
909
582
13
890
0
352
236
815
746
963
494
623
605
383
183
232
198
35
35
590
149
731
59
555
699
844
995
291
508
59
664
792
892
339
448
161
211
35
645
633
504
515
493
14
4
771
536
166
251
378
42
905
997
21
31
619
405
850
342
464
760
99
755
375
511
211
16
548
2
700
0
827
610
210
115
110
649
275
67
674
985
883
26
8
984
578
42
204
21
229
241
895
992
47
0
2
86
255
498
650
75
912
520
177
648
349
976
332
17
561
53
598
627
672
195
69
265
584
400
831
106
534
256
916
749
519
676
45
941
288
308
662
130
960
858
924
125
40
739
848
176
680
137
105
250
34
3
464
263
729
565
708
65
936
102
238
673
465
78
374
427
803
240
434
396
22
989
653
794
74
242
664
719
555
441
12
794
925
307
126
394
455
723
953
314
86
844
15
879
360
141
973
139
1
5
3
178
944
735
760
994
903
970
83
208
260
108
872
825
599
350
300
25
285
597
183
21
150
161
458
375
335
819
356
990
814
49
818
669
495
687
590
648
321
752
12
436
546
952
357
21
8
673
181
232
660
484
191
636
426
348
319
972
20
667
601
289
68
825
444
795
903
893
892
21
769
285
53
473
124
569
59
870
831
860
456
4
154
797
315
565
813
43
404
339
342
811
792
211
675
847
352
306
998
299
26
226
666
164
260
100
897
371
516
730
91
184
387
785
227
125
813
173
419
397
97
923
138
552
628
254
406
13
687
584
993
507
296
943
647
269
962
473
892
383
316
781
328
608
227
704
711
714
386
804
631
787
876
840
39
925
515
518
51
204
965
995
353
746
5
486
959
899
140
600
194
436
59
471
900
248
279
132
413
465
868
674
879
136
174
272
27
190
21
460
226
143
328
736
739
191
569
384
122
226
62
757
541
989
145
548
220
308
702
571
707
751
646
596
981
161
926
704
7
682
639
262
642
974
746
337
268
289
283
9
684
33
468
442
14
603
499
349
967
478
244
372
9
590
221
197
83
394
14
726
361
743
74
598
100
848
845
207
680
588
270
557
368
384
960
149
192
710
329
164
144
32
777
796
23
39
418
665
315
595
669
216
366
760
405
418
31
86
355
658
780
400
370
168
962
625
339
19
452
322
745
222
908
896
640
567
480
635
334
8
230
642
795
157
241
822
459
775
489
741
82
370
818
407
778
873
983
239
549
183
998
29
742
858
55
54
630
4
103
807
851
708
307
455
25
74
715
237
837
68
418
312
118
575
136
101
20
5
30
949
154
415
389
215
975
743
186
933
553
658
509
35
500
706
434
797
774
844
608
357
978
855
878
357
365
525
178
797
598
102
459
3
202
997
70
25
344
499
238
833
740
385
101
576
151
150
332
778
98
267
295
492
615
453
730
32
621
795
626
884
891
123
835
143
809
22
461
450
451
912
997
61
91
572
326
1
343
606
0
252
40
888
370
416
630
14
981
146
626
697
864
203
406
355
286
844
20
649
536
632
992
826
748
284
252
691
65
527
84
738
392
752
588
219
440
533
215
486
786
589
968
87
237
795
970
591
37
451
912
478
904
1
735
867
843
615
992
341
643
571
519
16
9
16
112
381
888
772
87
162
353
258
469
137
153
999
258
213
67
861
53
26
156
335
369
758
64
505
448
136
267
402
851
373
269
824
882
143
645
931
708
182
632
85
796
48
778
779
12
560
775
236
65
629
145
394
826
179
619
772
746
771
415
509
52
294
61
8
458
991
865
371
887
966
194
748
524
677
546
73
234
250
733
152
947
359
166
198
238
951
875
738
204
291
69
222
280
660
778
254
742
1
627
480
215
777
47
582
525
852
556
63
138
889
867
823
743
882
13
890
866
566
219
637
245
571
555
857
93
38
34
515
730
593
52
729
9
248
964
551
30
299
644
455
984
368
361
91
794
114
732
77
972
329
425
198
694
562
698
645
271
282
63
492
371
128
946
8
55
137
144
559
674
818
171
497
364
332
742
674
756
64
156
490
783
795
748
991
233
423
169
645
31
231
49
827
4
283
45
150
900
901
732
516
302
209
336
1
610
264
736
505
523
160
389
232
924
555
13
11
419
958
411
396
619
872
933
708
586
427
758
740
766
402
266
970
416
468
252
375
373
957
128
814
315
786
969
188
94
147
0
779
59
81
262
491
5
521
247
278
35
151
652
977
292
211
907
40
990
848
406
378
32
37
356
49
897
639
666
700
11
662
319
348
326
4
440
894
399
740
14
247
681
358
952
719
19
434
414
7
715
296
115
337
353
589
814
66
15
926
550
402
208
564
821
340
937
788
572
334
338
549
971
831
432
284
235
510
850
329
973
377
262
157
879
443
876
531
961
320
884
871
774
739
345
918
736
413
714
968
567
274
859
452
898
712
189
193
553
834
859
419
576
156
297
314
888
61
569
946
91
233
14
557
160
346
229
499
3
254
242
394
593
748
230
132
925
439
46
337
210
954
952
969
523
49
149
473
0
793
354
606
134
142
337
378
830
834
839
724
11
331
253
726
260
151
835
91
310
504
24
444
510
652
903
630
337
294
650
96
297
573
669
711
167
130
282
716
311
438
805
114
946
166
905
3
324
186
739
249
570
449
65
255
903
36
805
850
475
467
788
73
949
580
697
246
561
936
884
162
98
459
719
778
734
520
650
569
19
189
8
952
468
32
367
234
774
789
4
496
466
89
406
306
570
484
972
63
594
251
336
449
233
590
921
243
382
730
162
66
153
628
499
22
951
941
0
236
406
934
492
215
72
854
937
126
33
763
41
689
323
192
186
182
759
808
578
972
141
892
393
500
4
857
446
961
488
915
118
9
10
550
157
472
202
537
489
168
104
73
863
790
968
222
402
696
797
283
702
38
272
547
50
342
723
563
12
746
129
831
310
96
82
304
364
101
123
528
332
960
315
82
565
759
158
270
224
487
260
775
437
876
865
144
677
233
785
869
141
584
56
653
874
929
860
0
161
68
343
88
966
80
548
199
283
487
33
885
311
356
91
516
15
864
50
471
158
177
837
938
813
341
193
998
185
417
180
554
55
3
227
436
188
245
532
250
208
151
850
618
908
450
610
874
235
667
387
376
65
848
233
790
70
469
498
194
756
747
70
163
838
927
296
676
386
9
450
231
964
496
878
653
576
40
79
41
249
484
969
824
231
95
947
751
785
381
97
365
765
1
179
286
651
726
432
421
683
27
417
365
787
800
840
649
172
993
330
4
422
541
321
662
754
642
769
714
773
879
819
970
78
0
572
470
498
101
147
16
776
420
608
284
224
692
993
180
517
719
688
493
128
512
121
46
468
597
969
404
465
380
661
13
983
372
40
167
973
680
677
373
968
326
658
21
996
62
9
743
798
453
487
976
172
336
215
97
129
84
891
389
772
821
667
286
736
475
575
428
561
361
282
316
943
45
894
306
653
199
134
864
750
41
235
297
404
238
269
478
410
812
408
20
478
603
542
938
9
805
742
3
855
684
3
341
689
680
12
327
337
661
82
343
676
198
3
110
88
663
506
710
284
806
998
88
33
241
64
551
339
704
149
716
361
629
944
943
121
605
471
205
551
452
977
319
255
456
482
44
159
141
150
367
537
987
766
302
163
484
345
51
546
637
754
41
621
454
911
204
554
614
270
182
393
957
482
151
884
897
109
39
300
509
23
745
351
603
579
541
714
10
865
12
551
625
641
576
375
182
710
767
465
807
533
859
10
931
140
146
113
354
290
193
304
381
521
684
415
126
517
918
575
294
102
95
678
766
123
317
750
564
809
206
491
265
213
336
276
746
458
976
9
164
992
69
527
51
520
874
866
490
209
795
346
897
549
55
610
956
382
8
21
518
379
196
262
661
92
70
166
760
725
146
200
161
634
443
23
263
332
53
350
415
165
533
277
47
329
171
234
925
591
803
511
345
804
758
838
84
746
191
338
972
178
351
700
118
738
149
739
345
966
568
435
708
617
276
821
742
334
417
277
25
52
986
510
52
123
851
986
657
624
162
199
69
33
695
434
229
117
60
923
645
356
439
856
505
655
116
658
151
46
350
111
64
789
474
28
980
5
384
300
357
474
24
514
951
492
270
166
96
192
804
334
454
94
194
150
933
227
374
893
401
521
919
245
61
51
2
185
658
890
255
579
392
918
7
37
463
160
966
995
794
280
720
368
919
131
132
877
756
505
600
553
123
242
426
661
652
214
371
392
981
730
37
928
331
239
595
747
356
837
889
545
885
426
399
18
669
830
329
868
682
103
304
552
80
939
247
103
277
884
491
380
632
304
250
577
850
659
84
168
960
353
343
635
387
188
614
607
752
277
258
188
575
553
508
934
951
77
573
387
347
11
795
673
521
114
29
965
403
293
873
178
819
92
943
665
424
420
822
53
4
68
188
638
0
283
896
22
807
194
3
103
439
10
476
659
851
271
825
738
463
9
584
561
331
166
832
383
279
613
314
576
31
440
129
25
693
9
139
965
843
136
15
453
470
351
764
512
769
206
246
342
103
671
744
67
499
530
103
710
387
228
530
960
548
262
283
701
509
877
271
351
101
4
586
413
388
391
429
591
649
297
823
506
787
474
122
667
306
564
32
516
63
126
228
839
226
617
73
789
219
490
243
626
806
530
136
154
935
2
451
359
299
221
133
847
74
0
494
365
587
353
529
472
483
384
317
40
50
988
906
472
810
321
651
293
288
490
240
605
581
582
100
326
294
357
5
122
437
16
283
294
509
404
89
94
623
875
26
461
944
344
790
417
203
936
31
370
612
286
690
10
157
382
65
682
108
224
82
0
119
410
199
491
762
686
897
113
382
771
304
542
336
551
520
809
7
837
115
380
885
12
577
688
545
418
318
859
290
980
4
451
393
407
282
937
236
707
708
932
624
926
615
926
20
511
648
391
944
231
409
44
207
894
292
5
593
714
301
187
777
496
262
627
236
196
42
109
608
465
45
21
183
846
140
449
251
477
415
742
232
109
467
757
76
215
129
384
541
561
278
599
916
544
144
869
155
439
93
801
947
395
673
536
293
877
451
3
151
460
317
799
913
787
722
577
338
929
240
287
579
755
670
914
739
174
878
30
311
187
311
178
209
198
501
165
85
124
363
43
520
124
986
524
372
71
620
896
858
798
604
728
380
855
525
130
118
3
541
650
196
402
851
738
226
244
879
111
699
88
163
250
59
62
44
576
4
205
475
70
953
3
895
577
486
647
528
51
668
983
420
649
15
176
319
459
133
92
999
145
368
104
820
651
511
274
210
804
216
349
14
622
267
643
488
441
80
8
528
340
608
532
268
24
219
15
14
291
804
934
729
501
129
7
603
71
188
959
317
711
694
821
759
238
402
51
2
244
187
423
958
130
420
209
330
790
944
263
131
119
339
97
36
398
304
606
660
117
333
495
5
41
21
584
918
23
879
807
206
364
59
235
856
51
565
451
260
435
89
763
324
398
130
951
304
872
589
404
659
324
577
922
694
671
562
750
404
178
631
243
950
23
250
11
643
236
118
778
66
705
926
697
610
213
894
515
67
280
215
720
293
309
140
790
3
248
704
301
356
132
695
334
505
409
789
447
834
4
784
251
450
463
9
845
219
655
636
6
443
259
262
247
409
999
807
487
58
704
456
131
496
562
752
837
265
501
314
5
298
263
570
287
257
276
319
806
284
878
201
432
118
899
481
570
233
148
816
649
733
606
858
769
3
82
435
344
611
223
172
399
579
803
613
130
935
902
783
897
995
845
284
18
202
393
494
994
476
208
41
189
119
736
600
36
369
681
398
333
554
989
539
951
790
943
501
916
382
69
380
760
836
784
488
372
571
992
721
473
327
82
770
685
607
33
388
695
492
414
367
878
175
29
33
620
1
347
759
136
560
99
655
568
320
132
920
527
664
464
741
364
885
162
289
954
385
78
201
92
341
569
32
374
747
966
679
24
179
224
997
891
289
312
51
824
436
12
376
323
908
459
4
698
803
367
802
503
303
65
880
563
571
135
13
705
622
84
147
986
716
462
904
786
649
299
744
492
112
173
66
660
141
1
354
578
898
418
244
694
611
975
109
200
299
926
431
484
740
948
298
374
265
915
143
277
647
940
601
287
118
41
772
525
853
107
707
0
860
707
104
876
407
85
609
389
471
824
262
585
360
236
470
588
325
300
941
643
358
966
681
76
3
130
37
894
750
503
668
15
126
108
453
192
145
414
110
776
213
321
669
448
986
561
534
225
669
118
921
38
745
765
255
32
850
557
26
274
261
370
295
790
107
473
991
708
981
71
423
404
884
415
726
593
104
802
17
490
469
220
391
224
553
61
887
77
609
168
403
542
100
456
860
218
916
598
289
164
24
514
865
406
939
914
799
985
841
206
864
397
937
330
0
432
625
550
120
735
955
636
227
434
413
853
361
159
461
843
980
356
490
438
826
145
337
796
413
242
346
333
200
684
797
452
551
824
672
958
369
622
308
984
979
931
657
63
86
789
396
64
570
287
896
950
110
115
633
905
937
129
522
625
504
315
766
681
114
808
719
870
893
90
319
825
594
144
828
5
529
580
598
631
939
0
130
165
866
513
411
0
19
11
835
922
100
526
314
592
513
595
816
275
725
113
653
937
1
367
968
191
156
895
518
459
16
359
128
271
649
69
338
831
62
280
131
761
481
689
352
110
756
963
229
861
762
848
610
55
293
782
793
7
464
511
627
107
201
771
725
908
424
846
272
865
289
491
57
816
322
937
979
479
663
979
256
288
452
566
376
863
792
618
374
251
276
567
278
309
26
305
955
610
3
570
824
656
589
662
426
45
748
96
245
118
363
846
370
539
121
560
330
683
942
767
444
741
270
51
609
544
409
103
678
209
683
60
862
680
177
329
665
66
739
336
652
455
318
94
753
31
549
938
337
970
79
878
13
157
725
175
200
903
885
103
47
3
970
667
729
5
844
715
746
435
8
532
540
293
336
852
52
15
870
619
450
692
950
385
856
636
476
562
499
356
701
149
62
18
542
894
409
377
231
69
112
143
367
548
387
478
915
931
994
488
907
24
832
158
501
420
153
348
304
0
862
782
435
50
229
764
64
620
221
465
857
307
943
458
125
482
2
113
758
679
917
324
323
635
193
626
113
285
82
376
366
954
141
727
582
109
386
498
325
937
855
535
726
163
216
38
780
228
610
606
268
307
125
219
554
475
105
209
891
32
589
241
259
214
45
828
804
378
682
225
208
827
215
193
376
147
27
951
138
671
660
963
197
90
737
820
577
834
678
755
858
890
102
244
767
950
110
506
965
735
399
560
35
993
812
366
861
218
349
921
803
350
78
327
578
218
150
613
133
464
400
769
245
154
368
21
49
276
65
580
968
614
773
110
682
199
673
824
581
650
989
101
579
280
777
748
609
82
433
997
515
403
359
482
11
741
548
439
1
30
64
415
247
775
4
470
35
247
422
808
469
702
554
898
767
801
676
208
628
429
576
842
109
431
239
267
798
518
247
45
952
772
760
166
302
539
976
762
844
734
583
324
56
319
472
290
255
161
603
569
579
783
3
147
814
128
872
74
346
835
620
72
579
923
33
987
27
380
63
64
691
989
141
983
503
230
527
535
541
98
35
231
435
153
304
846
966
164
300
196
556
657
94
243
138
44
877
149
261
146
298
310
887
713
765
396
471
639
669
245
53
658
985
974
432
38
582
223
383
219
47
570
205
292
145
670
205
660
8
380
773
971
861
30
160
89
687
57
462
707
688
841
840
619
814
752
540
886
333
147
522
952
730
525
38
174
249
704
915
261
645
808
851
193
362
914
217
491
40
654
196
1
277
573
989
805
50
211
372
42
920
262
868
836
340
749
102
718
154
862
252
820
955
926
366
663
114
851
790
508
54
0
663
756
12
88
310
160
449
816
760
335
299
376
100
858
57
732
941
103
992
70
463
875
490
571
28
4
179
476
424
654
855
510
916
635
305
637
105
33
288
303
264
174
303
92
217
184
744
784
45
929
8
450
832
27
396
933
297
713
551
211
967
305
724
658
984
192
640
796
457
611
106
4
902
693
564
964
51
534
700
937
510
643
393
121
163
590
980
401
582
1
561
417
824
399
486
197
691
408
615
256
30
829
305
4
107
902
912
88
199
594
184
20
566
333
128
299
331
837
15
732
30
719
362
501
785
965
127
850
987
4
4
973
250
659
789
10
63
942
296
595
500
319
218
268
541
198
238
354
891
78
134
578
70
306
690
290
25
548
888
34
219
238
196
260
442
65
287
295
395
233
509
555
31
699
337
689
858
908
82
960
326
380
892
993
820
449
577
505
893
794
260
429
149
417
591
736
989
60
368
823
692
905
327
74
293
14
511
359
285
851
457
583
102
156
649
500
265
320
83
377
25
708
889
440
207
385
870
852
260
823
79
36
816
199
11
501
45
630
435
857
934
200
150
70
297
770
726
701
295
645
701
520
182
232
982
2
992
2
759
205
778
323
444
280
188
25
686
974
971
253
912
232
575
497
335
45
737
19
76
726
560
869
328
632
10
821
797
278
194
821
7
751
123
970
462
61
252
795
385
585
120
649
428
65
651
824
740
995
676
152
308
895
476
615
974
87
355
390
737
896
142
838
936
607
59
504
993
800
596
715
428
16
67
324
278
181
314
50
1
167
855
904
129
502
176
950
26
551
364
98
684
731
990
529
975
5
8
706
150
181
395
3
519
477
67
484
101
421
302
130
749
382
624
20
923
767
134
597
728
420
11
653
952
845
671
398
719
900
866
435
532
65
659
440
102
20
922
11
446
254
475
881
764
782
596
425
161
479
231
625
968
239
230
388
222
296
841
756
361
921
279
478
353
123
260
102
272
105
401
577
671
92
64
456
724
699
185
421
209
428
775
419
195
912
467
90
876
601
693
347
621
193
255
373
476
956
482
44
147
571
426
605
20
37
884
610
746
424
392
486
307
662
596
939
961
106
231
255
821
2
282
462
849
775
594
836
794
312
11
56
103
424
680
82
356
319
695
853
776
106
542
744
665
2
756
656
839
20
292
615
958
28
807
855
74
341
592
20
69
278
107
551
80
771
155
364
899
669
456
453
678
496
840
924
669
913
253
519
993
448
336
500
64
39
453
817
910
340
416
166
303
431
977
121
973
308
265
813
989
428
656
921
324
290
970
970
394
91
55
216
717
69
893
486
418
86
187
279
11
784
126
646
999
67
351
941
4
5
415
416
880
906
951
32
90
746
71
702
340
130
209
271
774
628
157
896
182
3
272
530
698
4
6
102
963
620
384
951
704
229
523
834
47
197
162
801
570
43
71
254
679
905
170
14
677
66
124
917
151
911
780
312
492
9
867
82
34
200
795
517
423
73
652
348
980
887
721
486
440
414
663
131
186
49
753
758
542
481
99
817
717
992
379
46
280
483
996
703
937
531
561
640
592
572
873
394
111
478
695
472
27
271
477
196
491
15
529
0
152
966
452
198
377
119
229
990
681
42
949
774
19
294
167
990
308
201
232
12
749
128
783
160
926
390
791
377
526
866
508
141
579
279
940
481
419
552
557
794
16
302
33
23
369
670
759
494
424
285
518
762
307
813
26
302
275
593
773
102
807
277
314
442
834
366
123
768
789
13
351
752
221
399
508
821
338
704
818
367
935
696
830
726
423
494
55
739
840
77
752
14
717
96
0
542
428
389
615
335
460
27
231
107
654
83
152
36
127
510
831
122
52
425
719
812
266
535
75
255
731
785
760
603
462
365
789
113
478
212
565
4
181
250
990
172
674
499
563
494
339
387
337
452
816
366
73
618
213
87
370
502
622
806
139
598
3
339
917
89
60
185
719
356
371
632
143
686
377
22
208
934
84
7
315
551
980
169
724
933
21
585
313
899
761
296
341
346
83
21
302
723
955
200
166
909
944
226
764
869
161
806
250
477
216
914
593
302
455
894
74
295
557
899
86
152
656
327
271
917
160
659
504
897
644
526
948
726
683
102
45
14
219
167
487
31
159
98
557
861
814
835
679
886
424
636
589
391
672
284
2
605
659
879
409
643
404
46
974
460
310
747
932
711
455
79
911
143
720
567
320
250
528
4
163
869
625
790
22
999
70
104
263
65
645
600
721
651
493
814
157
300
410
631
494
737
643
274
668
492
296
721
370
467
935
555
591
302
205
877
526
940
524
832
952
833
211
597
145
399
911
523
538
890
832
737
455
490
704
881
567
329
753
890
5
63
772
156
804
138
605
19
607
54
262
205
279
634
120
440
849
528
243
153
994
920
781
942
746
320
522
259
469
318
83
825
78
539
434
721
190
46
54
742
112
143
810
257
493
176
442
805
844
100
132
177
373
139
174
952
358
182
199
832
673
896
756
69
32
417
604
612
653
336
902
788
662
82
906
631
684
62
276
888
544
558
252
183
468
837
0
932
411
161
284
159
221
278
478
547
98
195
950
377
172
34
302
566
541
509
222
471
237
117
77
904
760
385
983
192
448
827
420
812
107
7
121
535
457
991
951
795
604
223
563
176
721
377
368
618
229
533
606
903
226
34
996
383
139
83
115
42
420
805
982
3
382
368
572
112
936
187
101
420
559
767
786
785
630
851
40
895
845
2
811
109
665
19
633
419
549
427
568
720
101
344
64
267
385
918
942
105
841
78
432
797
793
533
82
143
245
844
12
288
469
263
206
863
973
972
274
385
394
795
687
421
26
300
908
177
595
55
977
224
517
648
70
388
44
116
464
85
374
495
501
546
707
576
601
197
199
241
643
51
34
26
428
295
992
0
810
893
853
627
644
821
722
304
521
479
814
513
407
81
624
473
89
130
640
842
444
265
925
161
552
404
166
430
129
9
16
624
144
19
358
3
7
75
93
400
779
285
851
893
151
254
901
162
392
102
273
113
351
818
308
367
636
267
724
496
271
741
896
708
256
558
473
442
758
94
65
3
555
549
539
822
263
4
86
807
588
107
10
729
847
155
783
608
669
93
682
663
27
584
72
192
180
551
787
311
457
268
798
549
57
85
686
479
19
130
951
945
756
787
823
300
153
5
650
518
232
404
764
625
15
829
0
522
809
773
335
145
92
935
286
935
467
162
241
66
4
344
200
420
960
81
650
298
273
175
491
534
51
449
242
875
369
498
147
153
501
62
589
314
33
115
493
46
684
959
896
219
798
254
654
548
15
870
676
150
505
310
50
165
280
998
620
654
267
376
338
792
4
102
372
64
350
875
537
759
186
846
170
740
223
66
467
243
398
158
377
72
946
73
827
329
907
529
328
937
358
1
419
170
527
882
724
498
793
947
469
962
726
231
953
100
887
26
437
297
751
821
923
64
114
125
399
932
684
33
493
641
855
258
398
1
413
709
633
5
594
735
12
904
151
457
193
995
936
688
529
929
106
961
248
68
648
394
812
157
919
272
657
128
692
481
786
430
79
562
403
4
572
952
602
167
668
888
691
408
234
429
504
818
433
63
186
189
11
422
983
266
364
3
316
649
426
446
528
48
686
3
285
476
920
383
959
907
203
569
222
85
148
455
191
81
698
951
831
295
785
996
745
932
854
756
333
900
844
259
159
979
7
64
442
872
815
992
33
807
83
251
676
814
848
328
722
223
822
344
251
821
905
1
842
520
798
999
914
2
655
242
165
507
271
483
993
530
374
73
951
454
4
166
296
584
662
740
694
61
308
531
458
27
953
603
607
387
498
670
293
241
252
154
2
267
61
26
218
100
456
887
261
806
38
630
33
839
122
38
682
15
68
147
61
907
947
13
466
61
895
53
545
250
247
905
164
821
173
190
344
249
290
302
568
916
245
793
192
3
886
831
495
310
935
590
935
890
299
780
434
539
964
378
502
93
916
270
670
500
189
842
588
179
735
663
517
696
495
405
117
568
525
589
677
262
336
917
767
289
101
412
520
500
517
559
821
141
8
247
919
649
746
57
567
298
4
256
349
11
388
426
866
371
210
455
910
846
5
726
360
134
639
402
797
685
260
288
14
978
555
801
170
937
490
583
73
202
678
426
118
858
950
899
879
526
472
522
603
950
562
14
565
320
492
422
606
101
669
669
780
14
771
443
475
281
691
609
539
729
69
429
655
618
665
33
903
134
35
613
702
402
383
165
207
767
927
14
161
474
101
617
978
8
350
225
42
148
379
787
948
355
299
707
37
913
890
218
864
202
354
22
200
38
884
494
870
812
234
106
830
19
822
654
737
579
248
888
823
981
78
772
284
278
130
351
292
359
961
661
762
46
239
247
369
814
878
913
599
635
947
72
557
978
161
915
472
285
264
640
515
88
388
598
64
879
847
264
91
688
599
496
234
324
516
636
47
233
406
993
895
389
505
583
270
214
298
809
450
279
822
0
317
157
487
159
556
730
196
925
405
788
27
889
258
139
738
567
883
262
51
738
511
176
149
842
876
984
933
784
519
680
799
148
489
642
290
794
510
720
804
720
236
514
541
26
956
992
943
22
478
831
377
523
387
736
483
514
218
560
148
472
10
608
41
161
742
450
896
568
501
512
135
257
844
261
943
623
103
735
913
615
165
258
258
615
408
780
4
524
107
19
646
486
447
924
971
201
988
773
324
257
822
595
975
999
186
30
5
875
379
706
624
241
517
15
110
57
475
405
383
269
985
510
637
767
55
68
278
821
326
637
865
842
946
81
974
377
564
437
898
940
7
281
683
415
688
922
179
578
849
816
942
280
206
825
344
979
0
186
495
236
743
627
170
14
776
870
37
869
550
90
741
661
474
888
616
734
549
154
475
988
293
14
131
300
411
652
528
2
76
977
488
397
373
138
508
670
791
496
122
173
871
659
303
240
653
966
922
503
133
30
888
60
102
33
985
722
728
753
104
85
365
799
865
943
785
794
797
835
510
933
488
35
467
854
986
478
353
81
344
509
186
244
8
588
13
437
96
98
756
693
297
539
151
594
725
567
474
65
522
788
616
101
797
336
659
501
0
2
67
799
61
815
209
197
734
838
494
45
335
827
16
11
334
10
325
534
466
23
815
912
479
292
835
952
948
575
565
762
665
610
481
974
557
585
615
229
515
707
557
808
463
82
369
900
224
895
631
214
881
663
411
576
306
748
26
153
184
666
260
228
371
678
941
104
867
901
454
714
7
142
170
742
317
126
944
106
265
158
497
697
166
95
500
478
617
986
781
941
651
845
985
342
854
755
795
619
20
226
210
935
680
66
22
996
185
18
483
243
970
510
681
607
831
148
952
208
162
835
678
971
431
773
516
396
177
956
845
289
109
71
236
416
997
539
256
337
997
337
654
26
46
585
743
16
859
807
893
289
776
331
367
606
352
4
529
940
946
346
939
837
927
469
786
524
456
804
855
984
879
431
598
931
199
790
646
689
891
39
636
808
751
919
134
141
461
757
201
104
540
605
491
746
672
265
78
337
340
684
192
320
339
49
109
349
325
912
764
152
289
890
581
134
478
198
790
386
4
372
934
669
552
159
783
821
708
147
349
907
387
204
406
303
188
131
675
109
44
520
25
26
658
460
32
6
176
757
1
167
21
64
901
220
787
461
967
461
738
345
594
753
529
353
18
129
562
545
675
323
11
681
700
190
440
637
717
14
202
673
513
395
579
288
15
521
85
553
368
282
460
201
904
641
178
289
739
471
595
10
527
134
915
386
609
150
1
751
46
76
579
43
11
785
419
582
905
544
887
815
451
303
141
333
393
981
753
550
8
164
320
643
546
99
319
880
232
628
465
505
229
987
769
439
4
754
360
403
54
169
454
441
753
57
174
660
339
251
403
681
882
263
336
418
484
155
117
928
700
58
330
634
3
239
561
450
596
856
418
116
129
935
431
71
647
337
77
506
706
875
153
540
183
62
448
820
2
954
527
842
696
916
761
572
748
48
20
115
34
659
320
582
24
613
845
313
721
45
954
668
818
138
17
5
176
317
230
86
210
543
225
220
710
957
581
710
187
651
1
243
365
943
255
375
271
663
527
529
912
855
902
969
327
271
57
533
247
100
512
321
692
785
207
738
591
754
309
501
351
72
984
46
918
720
116
907
630
287
983
851
600
508
387
468
571
453
970
792
603
102
507
830
738
413
902
234
813
135
243
179
600
404
9
538
860
711
541
407
597
150
38
178
737
830
675
100
967
893
293
127
505
807
388
801
73
779
714
157
13
199
100
170
652
889
797
639
12
758
199
120
865
227
340
481
293
450
487
969
752
558
657
1
34
33
75
5
879
45
159
508
970
124
982
100
174
653
136
21
634
844
884
187
748
632
904
135
345
730
221
82
503
833
327
234
574
889
63
705
919
681
165
861
110
325
301
921
572
406
2
175
448
288
760
277
768
72
751
578
318
387
817
160
873
23
16
119
204
771
3
756
258
262
316
907
40
737
376
221
661
593
166
320
771
2
966
764
238
20
21
948
223
705
107
798
768
180
44
644
22
353
85
239
1
909
448
654
313
636
61
18
357
0
142
310
200
959
136
682
977
14
32
401
573
366
510
629
718
856
856
912
617
85
113
664
710
348
785
388
651
479
509
34
427
450
76
903
411
628
667
674
1
126
541
46
858
78
511
367
709
894
529
953
883
517
914
548
68
650
913
885
632
465
956
592
113
156
137
458
277
215
203
717
413
714
850
432
376
807
884
742
861
246
71
235
72
45
815
358
807
921
325
393
71
168
999
193
877
520
746
85
629
614
800
308
467
95
407
633
133
711
39
121
441
28
921
622
242
172
721
976
294
300
171
254
396
633
830
210
42
19
120
530
683
950
5
439
22
674
78
300
401
179
601
989
476
268
11
545
623
2
379
99
125
393
944
733
791
293
407
286
655
217
434
708
905
440
161
624
815
333
560
815
307
213
443
819
326
93
568
98
476
271
386
51
734
646
253
0
863
740
982
199
517
542
192
11
753
688
109
130
586
108
477
367
931
187
5
412
188
155
382
991
796
356
843
577
276
107
129
968
3
756
628
706
59
391
105
529
701
93
868
69
875
632
273
12
538
829
606
10
210
437
379
151
678
328
321
852
592
367
101
281
798
622
697
209
115
110
204
956
12
324
279
4
12
30
643
910
486
343
948
319
375
473
360
344
43
752
966
4
810
220
79
382
613
708
171
273
8
367
888
5
531
933
394
322
491
285
363
64
268
937
463
710
242
140
203
556
51
118
604
411
193
911
0
614
952
777
704
878
612
894
348
35
890
995
3
132
252
108
578
164
371
357
711
779
525
590
94
656
827
312
55
462
357
493
358
110
754
549
136
545
897
979
910
357
663
204
343
176
22
223
468
692
114
686
795
210
391
763
978
756
451
274
760
874
213
459
569
349
26
539
909
452
24
152
522
59
315
100
362
368
188
662
861
71
158
119
16
653
19
941
799
410
122
822
486
738
634
101
855
521
152
434
483
261
432
288
596
257
159
836
149
850
217
905
418
440
840
837
629
598
545
798
773
486
513
685
846
419
625
503
461
471
201
772
73
137
56
328
220
480
353
243
951
809
224
457
175
361
32
3
744
951
142
78
884
430
911
946
0
514
73
242
154
763
710
4
236
4
485
85
858
173
813
774
143
317
958
174
673
281
341
58
170
24
874
709
963
768
203
175
33
724
735
179
841
380
375
546
243
474
45
544
464
227
391
235
415
245
195
994
211
484
945
428
411
986
239
482
30
280
238
196
561
358
517
814
69
823
448
193
134
304
406
7
754
122
931
40
990
188
862
362
725
526
753
252
856
830
338
67
741
298
499
24
132
386
33
497
454
282
805
33
7
333
856
881
251
189
51
567
646
576
544
440
429
374
700
462
817
203
320
591
195
74
175
961
996
634
314
790
3
494
78
202
147
819
384
66
938
486
572
414
850
806
354
500
29
570
907
206
344
592
347
601
343
315
976
918
491
612
703
521
172
724
318
368
4
539
904
256
64
480
998
370
445
97
668
475
772
133
279
15
419
579
495
300
975
349
943
275
946
289
524
693
311
138
918
309
375
570
172
979
446
271
133
370
44
907
83
197
69
86
99
234
227
578
595
282
169
18
757
485
70
320
754
146
65
45
429
3
5
998
832
246
222
562
896
541
979
899
294
228
520
749
270
494
577
136
779
32
239
479
251
416
328
739
346
127
196
20
669
878
444
594
106
397
457
129
783
760
135
524
980
138
25
345
998
623
338
185
907
539
439
196
80
169
435
120
15
453
353
133
507
601
595
644
690
195
113
220
413
307
355
259
725
283
863
809
533
73
1
319
617
99
462
352
897
338
975
724
954
45
543
639
967
14
453
972
964
107
211
145
403
923
148
575
365
912
3
787
874
308
812
54
272
28
482
466
439
105
758
52
591
932
927
78
195
145
113
614
76
36
137
267
240
326
166
507
820
732
92
550
577
210
80
330
137
570
242
183
203
45
915
200
102
415
546
992
341
329
701
72
11
895
420
451
987
295
705
401
762
552
94
54
795
730
110
11
802
787
53
634
543
233
195
925
808
343
785
865
469
634
847
919
478
15
944
603
573
132
123
6
819
29
352
180
162
491
419
175
885
7
316
619
270
621
100
50
786
334
902
318
635
317
150
328
769
250
157
506
515
241
938
197
752
312
741
562
585
340
394
533
120
19
152
415
880
254
479
627
705
156
952
891
29
514
869
629
953
520
327
267
638
405
19
328
806
304
465
971
347
432
988
365
89
186
976
384
361
408
129
850
650
745
803
984
192
662
510
43
943
370
167
93
871
35
156
163
778
892
856
56
532
220
206
34
892
103
428
2
372
293
203
839
517
306
44
34
521
328
790
435
294
301
760
891
127
311
127
122
645
114
861
925
562
15
757
558
713
584
778
692
913
949
386
371
808
26
3
672
130
130
4
191
717
164
208
149
100
297
64
419
717
638
987
378
176
517
654
340
898
55
621
562
950
770
70
528
253
19
439
889
324
205
491
45
70
651
595
439
0
482
0
69
795
392
33
366
214
608
532
843
960
252
447
765
107
347
683
899
61
43
989
719
348
104
232
752
791
820
814
557
303
653
104
899
128
112
969
656
340
144
328
146
595
657
111
83
345
690
392
217
144
743
303
91
365
142
504
314
511
145
782
565
187
837
463
113
241
33
320
246
276
488
320
313
845
827
700
444
47
996
601
932
819
647
94
55
458
442
144
130
737
641
73
407
805
497
647
940
708
119
170
366
832
267
862
469
387
545
617
103
814
573
7
232
45
86
863
204
4
765
969
740
970
33
962
530
9
552
98
576
78
84
506
843
807
629
807
561
298
262
113
508
536
550
912
460
201
656
161
888
748
293
163
191
771
97
181
441
598
749
946
305
460
889
499
323
335
742
956
73
250
146
329
5
168
407
228
811
572
165
852
572
366
96
4
636
166
206
991
641
356
138
229
197
784
555
4
805
839
26
494
254
100
109
717
322
475
101
410
189
355
625
127
56
530
886
513
1
365
759
117
639
619
813
835
989
815
205
244
389
118
585
462
244
954
800
162
326
503
635
903
667
457
59
468
572
852
913
562
74
438
465
297
382
803
408
170
296
418
167
699
238
831
380
947
793
328
795
0
388
194
577
107
309
682
463
226
71
177
517
193
749
41
951
549
455
395
470
37
226
965
672
848
91
547
122
822
883
91
849
117
537
251
636
310
126
265
178
278
944
335
140
66
607
360
665
559
226
530
554
878
628
961
65
871
771
966
93
2
258
387
912
788
137
319
177
628
960
793
945
284
207
377
816
14
106
771
260
572
520
429
345
904
289
813
371
133
74
880
91
442
234
508
33
20
965
765
391
906
525
524
26
877
204
975
374
750
192
60
460
526
46
275
482
650
267
244
682
247
561
471
656
717
129
569
513
90
328
599
50
925
658
0
151
924
325
854
895
742
989
426
832
541
163
99
161
360
269
10
607
141
56
237
37
710
955
284
418
439
343
438
876
747
722
645
1
271
599
611
924
404
71
347
715
625
669
666
744
188
158
660
5
126
474
26
74
597
870
951
445
640
226
36
198
998
778
137
337
576
712
309
67
286
933
71
430
680
790
555
214
655
880
622
967
821
289
920
166
156
617
348
275
976
541
509
66
758
347
513
433
189
996
78
357
726
266
176
722
90
389
264
645
24
648
541
568
896
759
944
559
199
173
195
321
11
359
758
187
469
349
764
283
180
6
805
467
815
83
880
407
171
168
403
878
580
348
200
218
278
656
112
154
73
990
516
509
600
854
897
773
198
534
531
170
256
403
568
981
866
68
287
87
935
694
962
90
543
387
279
459
405
350
156
774
112
28
734
332
231
369
553
581
234
16
668
403
374
713
903
260
690
126
452
130
281
44
651
261
429
102
761
886
907
630
9
954
894
46
730
120
65
731
7
954
393
809
585
220
482
541
748
398
617
250
433
272
356
677
597
173
246
364
4
933
810
625
278
810
457
199
728
676
930
660
260
684
373
102
263
978
602
474
689
642
250
281
652
606
667
621
185
165
15
439
604
412
943
583
581
21
63
1
928
127
612
481
132
192
396
699
124
389
696
444
447
666
182
44
794
7
330
443
946
886
168
183
735
393
127
818
855
793
161
754
110
922
638
305
22
435
11
622
970
840
896
165
507
910
607
235
526
387
739
330
934
46
738
20
542
588
366
819
337
180
245
492
41
967
998
667
571
991
925
978
552
325
435
748
505
483
606
894
406
949
59
384
851
0
12
892
528
923
886
40
459
398
248
49
16
971
525
833
191
975
489
90
747
290
170
911
15
276
453
890
747
278
379
678
387
303
157
455
5
880
29
145
618
320
95
463
293
8
501
418
226
434
193
857
376
880
429
794
302
519
226
393
871
848
178
213
601
412
658
534
201
253
92
466
61
472
777
276
461
93
89
45
423
791
33
205
96
947
759
342
420
708
551
762
607
578
123
437
57
832
221
311
793
270
404
3
774
617
28
904
688
955
404
317
242
964
491
112
633
135
406
474
349
861
680
299
22
683
304
543
554
894
453
706
262
332
234
864
227
200
565
202
282
368
100
185
181
229
286
714
718
13
261
655
360
193
990
520
249
318
636
850
717
676
10
559
617
47
184
49
60
211
82
3
393
762
265
181
925
841
405
322
853
511
772
142
662
532
349
545
15
212
419
72
3
218
243
602
946
715
590
680
952
708
400
808
502
795
167
910
136
588
797
378
484
449
8
654
397
119
644
255
238
47
170
268
321
876
56
534
80
844
758
538
215
226
441
824
308
147
6
781
943
662
432
480
599
804
310
590
883
365
750
421
869
914
159
340
923
807
478
32
567
322
610
381
22
746
84
309
204
2
481
587
55
101
304
591
425
908
512
166
374
515
141
220
197
823
514
19
254
642
81
960
571
295
85
375
622
886
754
576
376
620
938
641
464
502
383
169
839
38
380
584
636
582
326
646
161
562
514
474
305
764
891
111
334
185
155
460
903
438
3
269
880
558
586
288
168
504
488
417
312
696
835
296
978
616
26
683
354
323
528
296
403
580
845
863
26
839
400
732
160
184
904
91
520
992
515
391
980
76
487
765
139
643
3
82
200
786
487
593
259
608
76
764
976
0
648
271
149
369
801
937
271
374
490
127
699
494
531
292
953
732
825
893
672
332
528
793
448
602
856
813
764
212
3
80
165
997
328
699
163
913
19
903
641
624
719
1
445
217
273
201
195
23
592
670
785
481
669
489
569
419
460
290
836
432
24
703
625
649
973
274
187
95
959
241
156
513
711
343
923
724
421
575
58
300
716
4
315
959
221
381
686
173
200
551
231
146
128
536
5
186
769
900
685
691
338
112
182
939
712
32
3
19
747
2
426
82
148
925
786
567
51
437
0
211
23
722
908
908
25
743
765
719
659
45
13
743
496
251
652
760
965
152
127
948
519
590
438
813
468
369
34
449
407
101
768
996
463
934
995
933
330
340
240
48
610
720
485
879
267
579
679
984
565
944
625
263
516
930
142
678
606
571
895
522
637
332
172
660
513
377
367
20
553
488
235
375
572
384
437
40
284
240
4
867
791
571
970
591
359
794
360
819
986
682
322
111
367
850
671
265
302
57
90
268
701
911
144
64
146
317
243
60
147
340
283
865
893
163
314
444
361
188
22
33
296
25
462
321
34
862
806
202
79
883
355
119
167
337
447
238
919
91
314
780
255
356
641
357
66
281
904
3
450
520
395
690
107
59
499
622
447
228
33
428
475
317
777
221
140
359
237
778
867
317
932
403
77
157
833
606
200
791
704
115
417
50
65
178
696
284
907
131
975
717
395
355
653
603
187
698
547
738
16
4
774
956
204
696
925
456
328
165
458
47
18
904
86
120
684
285
279
803
115
456
201
465
820
819
771
18
28
187
238
534
126
667
278
32
619
288
801
587
194
69
485
161
824
286
536
519
272
453
25
310
724
902
929
97
984
180
145
18
525
780
120
264
875
704
997
839
59
780
997
110
116
807
660
768
338
332
509
281
628
840
958
388
825
808
692
207
990
742
20
288
986
33
425
108
248
687
405
21
236
112
127
3
131
441
672
289
148
759
133
457
164
165
135
145
22
502
761
141
372
76
312
113
5
632
773
155
655
448
231
826
119
313
955
394
298
427
897
138
179
304
856
386
303
210
736
654
96
961
670
211
111
20
4
158
477
669
869
406
174
803
787
52
623
216
310
921
71
163
749
87
573
954
276
3
32
880
758
94
677
529
828
843
734
492
837
33
319
200
673
674
717
793
242
768
757
909
810
808
922
321
917
896
112
998
215
872
678
381
924
597
129
264
826
922
64
62
21
8
557
653
932
610
600
87
490
704
532
698
475
563
323
827
90
0
802
38
486
91
92
16
723
217
151
302
211
553
633
615
927
37
614
792
613
579
179
294
532
14
835
487
142
492
882
170
896
703
393
392
323
412
6
48
637
127
191
94
175
740
545
570
953
402
115
127
673
586
103
560
516
755
647
460
871
116
771
635
19
248
221
773
76
295
979
470
777
530
542
267
919
827
826
509
909
942
150
99
653
637
896
35
17
280
442
748
958
526
443
61
219
20
203
15
919
575
554
551
364
362
636
232
107
694
382
132
771
239
950
907
106
142
135
668
472
41
79
453
366
19
400
879
931
433
122
560
11
250
196
204
311
831
495
262
693
128
67
15
68
431
204
421
329
103
422
538
48
298
31
784
193
951
796
652
5
795
911
498
145
56
375
141
4
837
618
665
425
918
566
423
697
153
272
376
737
168
984
983
665
92
918
863
997
635
693
499
185
611
262
211
880
982
989
468
26
744
275
701
612
371
990
721
906
32
191
415
42
37
58
572
30
786
339
666
230
852
39
80
106
278
108
469
930
115
883
719
995
65
749
41
549
183
106
6
754
367
826
730
618
554
252
295
104
15
986
368
599
916
616
274
97
259
722
623
150
993
832
161
232
568
985
699
537
423
742
217
879
471
277
252
808
219
22
410
665
106
152
561
711
116
60
196
265
879
0
347
625
166
118
370
621
971
288
430
831
434
113
758
531
744
100
734
165
541
33
604
768
217
976
653
961
317
642
328
241
766
487
573
200
754
865
860
733
992
620
245
371
251
531
259
155
91
173
750
662
15
490
63
68
88
428
333
140
552
781
163
128
36
565
253
512
437
668
157
589
365
990
278
524
731
4
271
696
855
122
721
398
53
3
719
116
893
406
409
203
156
26
969
632
868
224
326
391
512
491
886
904
477
676
955
777
681
549
508
456
89
119
108
441
187
286
205
574
104
811
59
381
32
401
183
97
977
921
768
41
967
865
168
58
748
868
431
16
325
800
897
246
700
894
71
121
442
928
394
99
177
849
408
509
79
339
370
235
568
929
348
160
950
844
47
30
180
698
560
445
724
327
408
74
80
398
234
889
983
181
471
768
898
439
20
462
988
679
449
548
595
817
300
371
702
939
257
232
707
33
443
10
374
494
136
99
826
84
311
367
499
343
808
75
936
676
854
993
534
318
868
410
440
607
647
26
830
601
312
931
833
148
253
191
269
317
625
583
33
311
423
225
122
686
941
713
157
39
334
218
376
770
978
22
7
10
618
532
349
385
473
118
204
651
138
74
660
229
411
643
256
941
449
133
137
866
665
104
297
667
419
4
48
250
334
255
835
555
631
803
34
980
5
381
132
147
975
220
561
483
579
230
858
207
413
57
155
379
699
376
818
299
806
346
688
359
621
767
2
293
987
845
656
766
991
494
538
922
119
360
45
383
55
228
971
834
738
165
446
334
26
781
779
971
492
522
34
952
335
212
500
983
639
209
332
296
828
261
921
635
304
103
58
178
28
46
286
74
39
460
761
18
692
972
291
568
487
144
242
757
84
239
653
474
725
543
632
401
846
961
445
69
553
793
390
507
445
673
304
193
836
283
147
276
933
400
36
199
874
202
566
11
647
196
586
25
461
477
605
851
375
67
259
859
96
102
650
122
33
398
945
180
312
664
686
796
20
672
987
660
836
874
320
479
944
654
800
588
355
130
259
862
609
342
340
491
149
60
675
335
27
291
11
212
350
798
644
414
55
103
156
231
747
547
631
19
536
956
586
13
386
356
847
737
897
80
984
24
215
441
112
330
846
989
271
154
678
84
244
707
378
118
19
393
21
875
23
3
897
602
913
736
864
671
681
448
576
789
741
639
703
966
164
491
852
49
341
355
390
723
771
245
946
646
211
441
442
636
895
572
716
277
535
282
802
335
420
635
719
821
394
0
98
173
1
827
479
881
91
69
402
962
565
657
126
629
785
790
483
265
849
99
990
125
738
378
636
611
867
232
146
582
978
81
327
661
312
1
498
120
314
454
947
586
429
48
456
27
950
204
915
691
41
202
218
474
231
944
635
65
595
551
893
142
166
37
535
199
702
59
124
674
99
973
101
680
632
14
15
551
973
30
138
775
828
152
916
812
776
91
151
431
766
813
807
14
64
962
911
362
55
592
763
37
566
595
621
555
212
727
838
651
777
139
104
287
745
926
899
61
892
84
357
420
73
215
160
263
313
883
953
216
983
393
533
631
372
748
458
528
533
4
491
231
760
701
970
387
386
985
12
313
115
58
646
676
515
74
170
100
137
732
614
843
757
64
146
573
831
6
305
638
65
173
414
850
595
596
190
213
436
300
963
216
4
146
675
522
288
855
868
841
69
936
91
349
724
834
331
618
614
385
55
12
469
925
14
8
30
536
704
546
27
419
548
285
857
388
762
232
76
14
869
109
747
528
252
385
892
419
830
253
106
258
588
152
125
619
597
541
466
487
399
66
927
171
510
0
874
144
483
966
526
433
225
252
539
354
751
151
108
988
947
74
836
578
217
466
140
491
227
207
631
916
541
569
708
34
663
395
106
216
13
323
826
995
233
803
257
164
827
576
725
891
386
594
570
753
841
89
274
9
256
855
448
153
720
525
341
80
449
45
76
87
210
851
93
810
640
0
877
11
118
940
583
466
45
759
338
767
427
892
471
925
302
856
720
155
251
456
141
331
19
614
727
891
290
644
450
354
243
628
203
688
773
227
489
194
94
518
595
70
603
980
5
994
656
33
339
935
190
961
709
377
475
384
5
306
299
403
872
580
77
133
318
164
848
658
39
457
861
258
879
959
122
257
700
699
581
685
158
450
993
359
204
445
4
46
514
792
651
169
88
910
712
300
167
60
651
745
573
859
395
879
629
138
117
704
10
504
245
30
601
101
486
436
684
497
11
401
750
59
672
952
176
318
343
625
450
435
528
551
467
190
172
739
416
578
885
346
938
932
505
800
181
673
145
891
703
393
994
305
291
98
273
480
386
827
882
873
449
427
239
13
982
658
4
692
93
786
561
336
835
622
69
583
648
920
42
307
40
395
768
125
647
245
148
625
277
861
792
955
554
173
3
223
395
320
775
477
0
118
344
742
629
455
338
522
4
704
268
386
144
118
456
506
460
869
140
949
559
104
4
256
7
626
870
155
350
144
947
49
430
880
794
0
305
919
633
891
5
971
77
74
38
978
910
476
716
454
643
49
749
467
545
641
47
716
201
904
575
750
13
54
569
655
508
158
430
466
448
232
612
797
202
365
972
999
56
12
840
267
541
86
667
267
377
683
462
621
957
415
307
349
301
3
455
458
441
948
595
359
865
685
963
691
131
711
630
234
85
925
398
66
917
911
689
162
660
917
858
959
344
960
832
442
354
945
930
875
208
998
874
262
422
89
934
425
244
156
4
47
109
391
490
478
23
265
447
825
138
580
221
95
67
519
995
833
264
983
117
747
881
16
566
200
855
567
731
314
601
578
111
951
303
972
847
320
961
801
493
163
22
122
796
471
740
591
580
498
260
655
723
878
418
453
180
902
217
878
833
772
84
712
916
926
536
114
666
616
180
900
578
288
820
434
736
522
379
908
933
722
318
657
957
697
32
678
626
34
608
633
992
447
16
251
794
713
647
747
213
293
741
495
744
519
940
32
782
997
58
781
417
127
730
447
464
596
244
304
662
533
764
826
610
961
15
482
275
606
616
849
189
818
22
328
395
303
636
513
501
127
274
231
509
978
857
31
946
348
210
305
334
63
675
515
126
592
445
553
648
202
24
110
300
330
68
722
876
367
68
779
68
32
870
242
650
182
976
701
601
67
334
123
873
893
8
630
970
753
349
681
727
222
10
363
331
686
777
486
115
678
173
65
148
748
351
362
455
286
291
340
516
833
968
660
870
582
723
50
588
863
45
3
92
65
810
219
147
230
635
771
298
556
833
39
990
328
835
537
200
500
179
886
507
713
742
558
722
119
273
572
464
959
321
270
657
203
3
702
415
767
247
947
243
320
727
163
694
228
190
11
22
317
362
877
100
515
902
260
998
1
57
14
879
82
100
462
976
921
882
440
21
359
751
426
384
0
68
758
104
63
746
90
860
975
205
19
60
233
571
12
616
157
503
164
162
532
441
728
84
979
583
388
599
973
982
258
310
112
804
109
162
118
580
453
916
774
915
866
647
148
795
322
16
417
781
29
535
958
163
808
532
521
923
615
386
41
881
329
573
106
863
183
117
681
994
87
502
459
940
274
300
160
52
276
243
25
132
165
743
630
930
329
132
61
753
94
978
848
825
122
235
33
683
293
38
193
782
144
8
166
397
660
706
479
259
370
136
225
297
63
581
147
832
837
629
951
4
295
591
942
577
568
19
620
180
480
802
65
624
42
397
830
980
916
154
207
170
362
113
76
112
429
178
45
328
533
38
97
0
64
558
45
595
210
312
676
432
251
22
363
168
363
4
467
26
310
10
7
31
350
298
409
268
623
93
289
320
714
511
234
14
135
578
362
840
812
357
4
923
583
494
800
316
8
249
3
544
127
118
704
922
651
805
652
222
4
356
565
207
879
588
585
601
721
42
40
883
181
727
700
841
701
765
613
242
39
2
276
734
780
580
370
640
103
702
791
892
914
680
14
510
478
250
163
641
195
472
577
577
332
84
373
620
576
734
324
481
610
84
351
702
302
259
118
374
281
395
571
3
555
106
83
363
845
881
291
448
420
737
566
568
953
214
371
801
804
895
303
603
429
563
690
12
86
21
4
534
2
769
35
475
624
521
416
68
764
730
67
518
436
212
48
509
464
105
203
166
601
333
979
128
344
655
762
395
976
739
606
10
219
648
664
168
37
822
452
771
768
143
72
532
330
0
880
965
442
583
504
193
0
620
490
123
41
139
942
88
330
728
461
479
202
104
198
3
13
241
378
359
165
339
451
987
11
62
464
999
826
115
359
867
68
65
945
965
967
414
58
404
515
680
796
26
443
998
343
884
528
872
126
759
151
596
505
201
791
692
860
567
443
107
627
761
924
347
341
66
532
313
1
65
745
471
678
146
63
10
315
869
182
61
720
495
982
545
134
45
321
416
306
615
404
981
873
92
982
66
789
41
732
720
220
270
479
743
350
805
91
178
614
548
22
884
84
873
922
80
733
839
1
613
899
262
265
543
155
360
387
17
239
755
332
602
746
795
113
316
591
130
676
855
600
32
912
154
208
55
704
508
881
276
76
486
328
417
632
281
256
626
694
52
528
420
769
121
574
116
743
665
42
609
3
162
116
324
331
248
366
552
167
654
782
121
907
17
418
595
128
311
440
479
78
424
589
668
136
101
73
137
714
192
447
568
192
347
747
237
579
166
538
463
790
423
42
29
605
187
868
545
983
611
800
372
96
223
571
585
357
566
169
132
98
299
160
393
842
24
592
840
783
330
629
458
353
514
502
766
388
285
121
531
789
771
282
744
702
809
789
376
435
689
48
725
615
628
979
111
0
90
857
273
295
59
814
866
188
388
866
994
838
207
955
433
504
999
505
861
29
10
623
428
299
978
378
532
91
287
96
243
658
909
152
369
101
385
707
996
872
938
36
338
822
171
142
536
26
846
94
952
110
576
52
76
482
577
515
331
417
779
755
403
802
580
403
182
720
321
231
874
364
246
866
61
771
902
899
423
760
197
651
483
928
5
675
515
987
852
716
690
442
832
561
562
501
32
226
195
974
271
71
169
883
487
144
992
250
122
999
11
0
2
215
1
3
609
925
335
661
585
252
874
417
581
342
280
923
123
13
451
439
648
897
562
604
0
319
945
233
237
133
942
378
965
720
361
44
58
943
203
5
81
20
3
527
959
724
382
3
829
75
57
464
78
761
683
273
63
791
288
71
580
165
135
799
192
88
437
27
945
49
795
349
628
920
72
752
195
728
412
325
459
906
485
719
64
57
298
763
998
375
481
753
920
583
447
402
144
918
745
71
976
3
943
221
296
189
851
319
774
688
925
80
380
146
599
12
295
808
654
206
403
172
379
966
763
270
951
374
757
956
275
451
509
153
589
640
710
272
1
304
814
949
170
993
495
184
778
884
962
878
64
344
844
291
724
634
853
474
757
551
200
297
246
716
960
698
966
480
780
367
52
214
696
950
106
425
66
881
365
221
789
880
196
449
186
968
829
415
834
528
24
336
184
801
8
98
240
753
177
354
89
707
292
375
916
268
716
194
295
172
863
784
53
970
333
382
589
438
828
869
729
739
535
774
196
78
853
739
714
125
66
975
84
211
883
348
872
523
862
787
773
409
353
345
224
535
766
992
918
664
606
600
840
13
850
10
749
185
45
715
866
969
78
675
50
239
346
726
455
233
963
98
449
91
816
29
558
732
852
984
179
929
929
732
271
121
117
831
630
523
24
91
137
79
608
4
285
615
365
495
230
710
93
309
589
242
562
642
155
103
849
131
982
340
82
248
178
813
866
698
30
949
120
752
305
262
160
58
952
997
873
626
535
766
975
86
691
269
389
931
268
407
722
388
102
311
834
361
171
344
83
953
73
19
132
949
677
824
904
18
364
824
779
799
242
689
913
712
765
666
960
913
746
557
143
219
979
402
881
73
636
569
322
295
184
708
614
30
605
47
696
82
224
662
966
318
88
924
173
246
305
643
213
922
154
821
731
106
821
743
393
244
99
19
241
615
132
499
776
29
175
289
946
131
472
770
161
580
221
468
572
261
621
285
657
936
140
273
661
284
388
108
961
17
789
105
998
332
59
46
209
575
331
405
491
208
767
2
535
754
720
642
168
775
35
941
77
534
797
745
54
427
397
512
4
389
718
296
517
806
555
114
439
777
883
473
545
574
861
62
915
665
317
449
366
921
504
874
511
811
936
717
680
547
4
927
638
259
668
601
403
173
249
1
857
580
776
540
774
912
766
12
266
46
393
66
269
431
681
824
412
724
68
88
493
64
418
960
645
444
485
867
516
163
13
420
11
499
845
390
708
243
407
211
830
920
243
403
566
46
687
266
33
367
700
402
735
429
77
547
119
823
5
52
410
854
250
888
567
935
19
74
651
255
73
516
1
13
4
3
588
944
163
15
570
184
796
554
275
13
800
774
374
673
343
835
954
945
810
70
365
575
872
289
146
816
515
129
226
437
410
929
3
549
43
992
970
30
391
2
890
939
587
85
501
431
4
454
2
766
325
516
602
619
459
968
396
0
238
710
235
29
81
852
855
22
179
745
51
164
468
424
744
179
359
594
922
378
344
164
21
615
0
132
675
119
104
850
937
750
911
698
181
703
887
988
188
319
912
954
786
776
66
725
179
684
216
687
679
439
615
342
98
630
11
269
868
329
226
246
270
215
253
257
36
756
324
61
912
962
12
215
199
9
190
879
70
954
304
182
690
213
575
586
400
331
762
939
784
3
614
647
229
69
143
586
408
433
584
362
455
150
838
1
33
988
765
284
518
826
93
269
759
800
222
795
638
772
196
854
77
637
76
702
767
817
20
816
823
764
360
661
19
354
176
982
485
499
435
450
931
206
456
296
492
141
737
782
449
899
464
780
199
691
91
881
66
1
428
752
480
871
79
14
242
715
313
870
534
555
985
733
599
676
869
749
838
5
359
19
495
757
781
584
517
444
835
780
327
173
947
183
767
5
797
618
554
175
41
359
739
593
79
344
568
659
543
999
690
298
827
190
66
78
327
529
707
318
240
34
168
292
554
664
448
973
529
834
934
481
47
274
746
270
474
828
959
816
883
798
754
493
175
903
823
199
541
736
746
22
720
660
363
922
670
231
27
45
760
315
775
315
611
340
453
618
214
270
26
203
649
707
626
260
665
94
862
418
646
911
212
135
644
421
172
632
438
291
787
461
318
19
91
625
783
409
328
21
128
932
505
547
565
486
711
31
148
64
373
574
837
783
586
315
143
597
738
904
7
25
359
224
912
684
67
723
270
629
339
841
309
313
748
542
55
384
984
549
823
141
0
139
216
790
44
165
698
968
550
507
93
252
267
273
928
603
563
20
84
63
534
409
106
734
219
109
916
924
646
323
355
491
969
531
29
277
426
269
312
277
506
887
228
165
137
170
786
654
155
539
335
658
180
924
943
114
13
462
217
288
589
218
589
874
917
492
367
830
346
882
415
304
1
14
830
357
688
287
75
428
487
916
180
769
857
495
46
583
571
817
381
209
940
988
246
599
262
297
886
286
121
403
283
240
707
962
471
740
25
910
195
429
480
293
845
960
612
477
249
519
547
744
247
221
585
865
985
482
730
713
20
119
649
565
470
971
772
634
56
836
465
713
381
238
33
424
935
726
61
646
163
562
258
3
1
121
888
704
662
958
502
271
842
269
828
437
67
632
340
80
424
610
59
86
2
5
245
651
191
188
442
366
383
809
330
693
759
260
879
564
971
188
571
411
65
122
885
532
370
397
754
20
71
173
951
284
668
93
188
692
19
153
527
821
722
405
384
732
275
579
563
185
951
907
323
299
132
842
809
15
212
616
171
359
174
777
890
248
459
138
79
713
695
345
592
243
239
225
434
134
422
136
614
25
818
338
829
320
132
184
282
457
840
476
190
449
708
641
169
865
410
134
516
466
860
173
874
86
417
503
65
631
558
318
149
452
19
952
894
948
541
4
468
206
703
3
305
357
885
541
136
588
727
401
201
515
493
797
46
833
191
58
150
38
697
531
158
852
147
128
64
204
348
863
578
123
901
939
15
504
6
757
909
45
286
619
65
808
993
326
559
962
437
503
498
318
491
266
965
7
469
5
837
0
254
456
207
189
585
783
240
673
634
919
29
420
931
335
644
563
470
22
0
910
67
396
495
820
828
285
173
354
323
84
822
303
931
916
194
614
246
426
114
94
848
698
750
269
379
219
116
504
570
593
722
628
823
89
982
874
128
968
575
325
295
200
682
676
354
732
72
662
448
29
970
838
21
837
453
316
575
284
155
861
185
852
179
14
522
3
943
155
584
564
937
4
858
419
921
863
118
801
758
534
896
634
200
753
896
571
500
979
285
5
181
382
60
487
40
402
17
934
862
241
7
417
941
926
75
376
897
999
120
12
623
985
773
373
130
7
999
492
751
407
637
62
415
735
488
217
186
962
558
857
901
889
413
786
456
800
781
122
171
770
159
96
742
580
282
368
506
666
374
888
291
92
493
605
692
670
532
362
551
444
880
262
38
637
316
688
898
400
94
289
270
883
742
249
46
918
144
488
21
110
404
565
711
67
480
734
8
734
41
288
56
30
955
732
350
429
721
734
575
255
909
956
650
313
466
983
436
461
436
246
695
679
446
904
75
526
128
211
665
194
535
971
267
521
465
237
272
26
227
867
603
665
630
901
200
97
951
74
123
454
438
749
687
452
543
421
600
313
275
652
84
704
615
19
270
809
988
275
254
489
233
72
900
33
776
224
657
574
627
267
127
982
97
516
10
551
304
238
792
997
278
784
687
519
4
833
21
445
828
634
815
672
909
115
602
14
538
974
627
87
843
910
179
149
323
66
951
950
498
893
147
685
783
366
862
989
0
920
354
508
186
458
469
129
599
268
921
646
203
587
69
32
165
173
122
685
793
326
268
294
566
225
627
329
275
561
941
193
723
344
634
324
539
964
98
567
135
652
58
890
824
916
945
222
583
424
839
214
98
212
652
11
3
922
526
506
838
8
825
751
355
193
60
600
550
894
539
918
110
974
409
211
702
542
748
112
639
294
487
538
153
65
492
992
32
140
960
375
777
97
461
188
36
457
476
113
20
898
4
876
844
974
206
139
118
63
350
18
445
752
37
113
905
905
586
363
15
144
5
239
897
180
599
354
535
401
674
257
599
643
69
459
875
959
200
772
975
783
864
161
341
915
834
330
520
375
910
759
266
804
261
622
733
149
988
601
924
314
859
924
317
242
90
777
755
675
997
222
666
306
34
529
720
293
737
71
117
656
380
64
90
6
198
837
925
743
24
794
752
842
27
537
798
325
675
55
119
324
99
979
278
862
412
809
140
948
148
329
347
520
954
661
840
33
31
4
413
55
144
42
85
586
99
404
795
554
27
226
329
617
852
161
610
179
5
798
569
320
473
168
969
183
509
33
465
710
15
879
33
393
45
871
996
221
332
116
805
159
446
842
525
671
721
415
343
987
487
663
847
724
20
320
293
484
713
957
843
218
25
495
334
717
755
869
0
42
172
103
135
33
664
898
701
476
594
528
443
627
467
72
551
957
18
292
692
606
899
543
612
572
535
36
266
398
510
851
424
744
392
100
814
652
223
658
329
594
16
190
808
315
398
257
930
288
80
446
445
585
43
759
796
753
628
967
227
390
547
489
924
735
487
33
886
74
521
574
270
122
374
49
278
478
62
794
141
284
921
839
410
600
420
975
281
887
267
370
871
377
509
786
184
805
965
245
360
984
31
126
753
515
307
987
873
927
192
48
13
889
757
838
65
797
258
410
701
862
242
188
997
647
112
382
160
838
155
977
95
208
859
845
183
467
115
115
534
611
498
707
266
449
603
773
436
876
555
993
641
793
214
33
410
36
72
19
958
762
832
230
980
280
110
273
602
684
743
530
400
165
211
220
1
3
9
796
720
123
123
8
562
670
327
410
556
147
689
270
630
761
793
31
560
955
125
237
705
165
126
317
689
297
515
774
539
177
230
758
771
539
217
251
535
516
984
323
226
681
359
9
740
455
993
748
512
267
300
395
12
300
385
440
134
493
955
899
771
781
582
773
961
66
168
483
555
820
4
7
153
915
526
330
173
429
207
657
526
718
596
145
918
650
306
503
751
142
932
663
22
618
743
544
695
412
18
139
854
59
353
309
355
955
423
987
19
389
392
54
413
92
308
549
680
45
380
829
26
399
186
764
2
8
211
746
311
737
71
315
631
530
650
95
306
14
199
57
177
630
982
767
801
190
611
249
955
190
576
56
576
118
690
62
450
426
234
835
889
957
342
869
771
355
197
150
47
783
944
781
175
1
246
996
117
842
224
231
3
530
45
0
709
755
993
210
326
476
737
765
909
472
525
132
393
531
848
563
12
727
473
910
48
544
204
686
152
658
795
86
0
974
659
95
388
100
750
453
835
6
0
171
451
179
453
328
912
385
981
692
364
705
257
333
172
63
561
416
893
684
48
15
139
225
554
259
30
840
481
519
570
204
877
20
758
73
474
705
487
95
229
377
613
442
333
202
888
926
755
894
94
975
317
259
680
936
695
932
509
867
651
75
125
727
720
225
850
665
906
340
244
309
899
1
991
8
387
425
487
538
722
612
128
212
298
753
87
216
530
731
587
233
585
314
863
601
763
861
218
38
302
930
76
607
539
295
20
373
832
843
395
684
431
612
353
861
647
174
4
820
209
610
556
734
957
748
493
56
476
555
302
514
964
18
145
318
225
193
841
917
381
206
410
614
123
153
347
15
641
397
156
769
846
267
15
607
938
30
142
194
510
192
247
420
4
704
460
950
875
697
107
330
484
889
118
62
289
657
892
519
807
9
584
0
377
492
495
229
666
621
665
60
327
869
298
154
859
342
377
586
380
261
772
840
520
493
291
48
151
474
842
252
652
197
534
392
711
770
564
30
844
563
63
132
829
417
38
874
25
909
654
67
261
796
301
992
32
659
631
16
31
606
518
78
77
673
972
186
928
782
244
709
602
108
774
658
258
787
528
672
108
289
347
319
375
149
142
806
786
798
371
662
432
192
242
607
635
880
528
445
838
3
913
78
186
691
11
432
262
419
423
413
788
293
747
6
370
379
867
619
51
757
915
452
221
238
622
732
227
499
288
626
577
8
842
895
723
554
783
483
655
492
381
776
817
434
289
108
790
526
102
138
496
344
75
176
20
110
678
294
809
130
670
50
804
190
868
532
559
740
544
270
481
537
318
557
178
827
367
35
175
274
626
814
341
17
931
818
86
162
188
309
467
876
336
921
853
877
120
82
909
374
586
974
448
350
118
942
360
182
388
183
739
976
762
22
4
521
488
260
457
222
164
264
11
183
596
547
882
966
33
224
516
653
390
63
209
828
213
686
156
8
102
58
564
592
107
26
537
804
450
551
562
899
507
93
551
625
106
2
504
540
766
554
656
184
788
302
528
270
553
423
508
283
541
238
906
417
155
813
221
234
5
974
897
648
261
547
421
830
26
27
917
553
49
0
151
783
64
203
648
461
657
346
981
51
607
167
418
445
19
566
971
3
631
404
955
413
142
804
319
630
114
733
985
935
84
607
273
359
802
749
124
587
650
252
4
524
66
989
271
50
933
280
14
313
167
988
352
556
747
736
186
243
505
115
691
622
585
994
37
906
401
824
303
302
843
345
65
365
255
846
689
696
131
510
636
117
946
457
18
96
892
558
3
421
736
616
758
598
384
121
680
378
823
664
522
642
735
453
319
34
191
908
245
585
253
737
960
448
899
282
993
216
791
485
417
816
465
35
341
338
586
672
3
855
133
282
12
878
166
390
622
712
149
438
290
538
168
131
19
779
82
495
896
14
15
603
632
841
356
615
186
531
670
421
24
723
338
741
76
47
198
840
898
646
615
758
122
620
826
63
36
819
754
724
147
463
687
149
543
516
34
154
329
585
677
48
128
105
543
783
878
879
16
534
83
166
460
14
618
4
303
974
527
486
277
33
71
489
177
185
104
417
924
184
535
175
619
834
267
859
777
296
718
76
700
884
497
172
823
581
379
555
355
486
306
900
204
303
871
606
801
481
252
304
407
141
71
416
830
757
862
487
113
722
668
17
850
512
759
187
604
3
4
582
546
175
441
934
340
129
737
85
397
352
668
698
548
675
646
594
594
813
871
140
143
183
482
637
191
196
424
351
942
587
594
596
631
154
450
104
187
710
225
781
125
771
208
446
804
140
309
499
879
79
117
240
240
39
305
20
199
385
145
844
539
39
511
276
887
429
975
328
608
249
126
426
3
338
250
353
797
876
409
398
671
93
306
960
477
9
164
225
931
587
426
772
817
521
671
566
484
204
541
924
676
0
977
21
219
930
996
320
66
89
996
221
631
668
618
2
519
216
833
280
666
377
656
350
838
748
86
918
515
716
387
596
630
544
786
784
648
56
810
382
911
185
85
498
885
266
446
135
465
426
370
919
894
484
64
976
427
48
611
986
517
132
312
398
53
83
246
81
620
169
209
971
657
630
43
280
589
7
240
308
167
179
353
603
687
250
110
379
73
619
300
226
461
331
19
792
190
154
744
835
56
729
228
423
806
735
183
320
877
733
265
312
753
726
754
57
748
397
353
0
0
182
887
316
682
460
202
862
550
485
3
356
757
32
218
65
4
26
130
587
931
404
259
38
168
818
805
101
463
516
101
987
351
124
262
243
70
111
8
948
852
719
919
715
29
751
927
430
319
725
931
982
367
688
791
237
882
373
597
523
873
252
565
261
571
837
127
848
71
879
845
236
298
247
576
942
667
568
344
598
475
259
452
350
133
491
84
248
585
892
596
536
950
594
278
760
48
858
468
4
750
694
415
437
307
989
655
50
305
646
436
957
279
419
743
426
293
713
653
375
955
136
325
370
51
729
801
227
154
433
498
810
621
201
890
421
307
820
694
358
548
492
948
341
44
47
536
282
818
332
315
742
260
159
495
244
106
362
298
393
70
368
657
853
153
802
90
143
889
992
625
98
821
104
895
626
625
607
740
403
276
297
1
884
649
759
732
826
780
487
586
728
235
496
623
203
326
225
18
867
325
578
901
509
497
15
26
198
826
69
632
690
941
589
696
92
933
216
848
213
727
360
442
780
240
125
512
862
222
452
457
667
180
200
545
151
68
330
707
702
45
193
136
26
903
428
388
218
474
328
184
776
208
380
90
893
635
449
489
520
893
823
611
228
985
484
260
307
168
0
3
195
296
684
364
927
207
421
63
212
666
479
638
561
404
691
481
779
117
165
809
530
168
338
39
371
342
246
655
63
957
514
150
4
700
377
743
360
807
938
220
288
285
60
942
234
273
220
103
29
459
121
791
318
882
339
902
63
286
547
939
5
7
271
372
47
781
518
930
750
471
112
720
180
419
542
440
562
630
69
994
