372
556
33
861
836
557
29
9
65
874
91
325
876
528
104
338
626
106
88
27
606
816
3
625
623
270
26
20
744
469
297
927
21
721
603
603
30
279
4
91
825
672
24
395
90
692
26
203
3
880
558
212
282
15
732
538
596
753
639
131
186
955
720
137
121
438
989
541
66
719
489
332
813
139
144
973
178
37
165
64
988
808
27
15
989
85
91
757
168
129
445
7
244
907
692
859
259
216
125
634
639
515
100
153
692
772
748
82
689
192
237
258
241
601
19
424
862
569
629
961
71
991
925
151
607
543
865
185
165
487
756
64
608
750
977
8
478
59
101
940
840
11
772
689
388
509
403
203
183
512
464
345
840
398
74
928
189
65
423
4
243
25
799
446
415
46
831
904
640
0
20
669
644
121
643
4
324
767
28
111
21
541
180
286
758
81
15
1
981
468
370
536
983
217
32
242
0
487
783
73
17
4
76
557
375
870
448
84
839
30
739
951
850
4
141
101
317
113
26
139
929
395
605
892
528
5
707
420
386
68
593
1
120
515
218
617
933
857
9
19
518
106
33
391
147
151
248
122
623
454
4
303
262
739
84
131
295
857
2
518
432
961
992
55
297
970
3
625
45
774
764
504
4
79
318
438
291
380
9
73
282
170
410
861
267
339
874
184
270
4
18
762
101
993
962
958
1
597
520
207
14
145
727
193
887
703
229
233
799
946
210
560
989
658
154
0
647
459
33
432
818
459
128
653
251
455
591
110
282
424
4
728
50
186
398
394
384
931
723
732
660
61
689
89
84
32
910
199
324
19
11
319
471
886
964
788
203
669
289
417
181
634
992
14
719
268
725
655
577
233
565
760
379
575
531
31
329
120
960
336
73
793
863
21
629
36
202
152
378
882
187
579
432
73
860
22
4
25
967
437
722
462
388
515
671
925
363
737
876
883
323
922
4
359
43
152
802
156
941
180
7
594
7
395
80
414
14
267
2
66
3
293
516
520
753
3
307
570
203
997
351
337
670
502
237
132
230
844
613
329
1
146
326
823
63
746
61
243
5
141
97
712
45
4
1
93
589
453
65
268
178
12
3
10
248
877
873
779
647
2
13
489
45
266
173
947
883
132
233
346
36
288
855
441
595
569
922
64
19
889
33
780
3
387
66
608
19
695
522
437
235
5
965
750
262
920
305
197
862
4
325
796
336
987
624
838
250
867
241
324
546
3
860
190
310
445
722
304
349
979
268
176
746
738
820
4
874
954
129
179
20
788
807
4
344
368
646
168
423
4
64
704
250
396
271
321
551
0
384
768
223
121
304
872
538
491
5
151
650
33
457
21
264
612
973
350
415
692
331
0
993
725
989
646
84
424
1
841
116
383
821
719
268
749
14
902
385
2
45
273
749
77
4
0
752
100
861
289
616
447
180
83
73
634
3
103
552
404
21
533
772
0
279
359
630
11
916
193
3
928
278
252
915
644
144
129
132
449
82
328
55
894
76
790
340
784
415
487
4
209
625
343
511
159
895
5
369
866
688
899
874
3
3
653
408
259
3
371
269
342
234
4
3
81
204
45
31
774
695
700
649
526
12
262
861
417
966
449
160
278
371
316
850
11
265
628
287
211
952
726
486
481
420
56
431
4
217
999
796
594
0
476
599
377
976
625
659
11
3
63
798
64
141
367
66
21
3
4
0
676
44
319
13
805
127
731
934
491
231
635
471
369
577
962
12
508
674
122
487
327
632
3
864
662
947
412
720
21
555
480
41
478
5
841
234
608
823
999
819
512
460
284
465
275
3
970
698
210
33
204
304
498
166
71
66
811
313
39
879
529
807
0
32
128
42
151
550
3
260
200
983
382
20
45
954
45
851
429
26
756
4
957
964
338
833
639
771
578
298
786
878
452
11
221
911
538
166
303
414
845
16
290
459
367
129
253
194
330
464
45
0
349
902
650
234
84
161
264
704
5
19
12
747
839
11
487
759
20
411
9
647
441
310
2
524
484
228
200
219
572
524
513
698
11
340
63
447
204
184
983
101
794
638
19
571
2
382
11
795
241
682
919
742
4
879
546
776
601
718
392
253
15
793
19
3
805
705
239
541
512
249
33
985
630
38
951
46
112
807
536
80
130
652
293
485
529
0
5
261
8
385
130
276
226
761
106
968
109
438
175
930
781
670
21
353
850
618
63
35
606
955
882
260
1
45
356
952
14
4
118
66
141
393
187
618
822
588
70
3
873
993
26
474
2
75
473
814
21
284
308
4
212
341
548
282
253
992
553
495
961
55
669
19
13
264
419
566
0
244
884
658
253
226
893
925
572
575
259
970
639
578
366
541
312
275
163
590
724
122
159
7
585
358
501
0
0
595
266
985
3
487
958
4
244
101
851
917
166
5
33
371
708
133
95
947
529
366
91
589
624
912
880
15
4
14
76
518
232
411
47
952
469
1
892
175
556
645
167
112
1
128
456
3
69
796
401
775
608
385
624
166
41
819
101
463
792
147
428
11
952
894
385
100
156
50
880
568
464
338
47
297
127
711
130
42
509
655
621
494
33
102
33
4
575
100
229
958
32
597
45
600
21
895
534
850
226
4
380
11
249
22
435
615
865
14
391
76
714
629
384
51
338
754
667
413
137
298
3
260
855
324
813
388
244
266
623
621
784
697
4
576
539
116
2
278
211
835
3
417
676
313
220
9
498
485
527
451
585
762
521
187
875
826
24
553
351
110
306
239
332
87
152
61
741
303
7
15
201
3
237
673
865
332
943
19
980
198
856
289
487
22
250
588
651
260
221
560
283
487
220
12
541
932
67
33
140
19
64
128
862
792
8
262
752
285
300
948
549
795
810
426
36
50
7
875
329
0
742
7
195
370
1
978
856
260
817
415
347
919
85
675
200
430
284
173
404
267
529
333
773
30
581
470
976
319
5
63
321
984
132
944
13
16
100
717
63
953
299
938
998
378
473
107
47
265
248
966
600
243
488
354
936
101
4
755
5
668
26
3
726
67
15
46
36
370
246
941
3
493
641
100
512
21
370
370
999
271
280
649
326
201
328
120
456
126
884
375
71
742
299
678
238
174
45
223
243
85
103
487
606
975
996
101
5
12
622
364
12
432
615
204
88
738
63
607
717
720
20
365
403
342
736
541
419
17
480
710
277
64
426
878
4
132
650
242
63
390
418
16
610
507
516
236
259
228
94
745
594
340
859
190
831
256
72
153
165
169
16
270
562
50
784
502
22
297
14
18
475
111
750
12
854
491
694
75
982
270
541
863
61
650
200
972
73
485
234
146
524
187
807
30
848
702
8
726
8
986
284
14
216
508
295
59
599
137
710
887
939
145
625
966
777
73
78
884
45
0
856
803
935
247
593
226
2
483
26
107
522
280
161
315
1
565
52
821
542
445
154
311
119
417
743
228
835
83
2
0
983
192
651
118
2
728
874
771
61
174
22
626
342
517
881
4
0
32
888
426
22
15
0
5
11
117
176
285
462
82
242
267
873
337
930
844
407
71
620
85
637
922
33
406
33
65
440
559
98
404
88
555
236
785
404
48
685
549
25
4
145
193
420
519
446
329
665
330
288
165
822
8
4
274
681
850
32
33
221
431
15
464
771
736
262
999
483
0
26
551
727
698
294
14
333
346
934
0
886
243
575
594
130
108
65
19
3
192
122
68
9
261
629
63
39
882
684
14
3
179
941
413
3
33
828
878
239
877
829
770
779
893
38
532
7
326
574
561
188
530
502
0
4
19
494
336
199
684
851
320
921
227
740
4
981
346
83
901
640
878
11
353
2
344
184
433
4
122
413
243
5
35
517
151
491
8
23
365
486
164
993
357
161
878
573
74
498
496
3
835
705
667
12
65
210
25
628
198
260
291
12
140
329
992
163
0
47
14
565
665
348
102
636
678
499
8
66
3
164
943
906
2
295
145
747
173
934
5
746
101
452
293
247
403
998
315
91
5
835
549
38
126
448
680
917
477
4
974
271
14
686
4
818
353
23
0
4
106
943
605
8
503
10
45
439
53
886
101
905
746
197
7
11
589
338
276
3
32
681
123
986
10
4
325
705
572
965
350
897
925
127
894
881
328
271
8
3
708
424
452
2
180
752
399
837
33
874
304
317
230
687
4
64
167
460
46
200
763
603
951
413
896
940
45
491
499
848
961
943
942
940
126
142
989
328
959
943
932
63
986
809
2
132
574
443
833
521
867
693
784
442
135
767
532
229
343
420
4
29
300
201
684
415
44
641
935
338
479
553
0
631
200
168
946
141
11
206
4
1
911
951
316
561
0
217
33
314
885
153
945
10
420
882
135
74
607
971
43
365
322
347
56
22
574
248
64
594
481
73
143
77
34
795
124
284
367
587
472
14
495
326
397
70
134
795
406
31
377
64
548
639
983
549
691
891
307
208
993
474
526
33
807
218
104
748
259
131
34
234
26
465
4
42
370
203
55
3
727
985
886
683
924
767
919
994
952
60
866
319
3
861
0
809
371
26
708
233
985
4
834
910
682
74
84
389
453
4
129
960
167
18
54
481
238
718
315
259
4
884
63
317
903
26
168
551
64
1
448
647
82
122
924
278
138
729
831
10
387
665
379
868
147
676
394
542
575
990
594
314
367
26
720
799
233
457
26
944
335
2
166
284
692
967
3
950
608
263
596
611
317
319
320
308
525
12
644
599
14
125
568
398
99
65
293
260
204
2
110
532
12
1
10
271
606
809
235
165
773
19
957
5
515
944
3
963
104
766
921
394
5
663
992
825
751
739
15
875
33
770
942
821
22
187
715
31
359
759
734
59
331
185
503
118
96
218
367
935
499
242
986
9
870
775
19
600
101
344
889
101
578
387
598
833
609
846
270
319
166
703
495
3
500
535
248
916
320
320
199
485
551
0
760
581
638
374
296
65
247
762
0
459
933
668
33
991
82
14
320
592
808
513
138
30
2
410
349
85
259
310
37
302
4
478
356
975
433
769
163
951
570
585
94
976
521
746
980
838
26
16
0
384
434
562
233
931
191
961
799
303
16
718
375
590
16
879
810
838
33
303
815
880
0
516
12
809
572
614
15
209
318
0
0
786
45
642
4
525
868
3
839
72
971
529
732
293
2
781
673
66
42
907
200
5
91
98
779
82
0
40
246
60
744
219
84
140
605
867
957
331
96
267
325
686
720
299
0
205
857
957
84
26
491
730
371
344
101
486
14
204
738
499
771
409
277
8
529
567
14
217
130
234
604
990
2
815
20
119
16
77
296
581
216
469
795
307
904
794
281
153
827
508
762
373
19
596
987
19
377
644
4
89
411
224
790
2
360
180
163
492
632
543
572
603
861
552
16
130
64
3
766
499
693
52
48
497
478
946
752
657
149
902
276
539
700
536
970
351
678
744
821
129
4
15
222
500
144
387
90
0
487
992
376
813
297
530
365
186
956
21
795
32
461
133
271
187
223
862
748
795
598
748
5
593
22
476
686
35
889
619
6
918
1
192
247
771
10
675
871
138
704
65
774
328
979
356
415
304
867
642
207
404
5
382
637
661
929
398
262
104
890
990
746
74
730
74
100
495
590
874
985
8
439
692
520
838
45
526
5
173
955
983
836
540
209
981
377
566
192
277
19
45
393
4
930
925
40
279
782
812
132
142
816
166
0
4
682
924
894
719
577
589
633
879
65
277
82
862
32
79
9
806
912
84
490
418
570
117
388
140
871
515
826
0
591
49
73
385
7
175
615
45
444
162
231
767
2
748
706
132
996
816
930
19
820
673
250
615
888
734
600
347
529
400
14
891
821
813
521
903
642
32
296
743
879
652
442
396
423
65
31
655
64
932
776
41
746
288
286
644
171
339
409
566
13
139
153
357
415
214
457
990
331
529
995
288
675
483
521
1
60
26
20
874
52
289
45
912
1
962
871
533
302
77
569
165
954
125
84
80
21
693
474
792
161
2
865
372
992
102
554
498
357
453
392
305
23
0
0
680
895
439
597
988
122
739
73
186
826
100
260
488
400
367
260
701
918
4
733
128
951
668
443
584
562
124
460
785
14
49
845
667
387
943
64
700
401
946
16
736
63
468
985
704
155
5
908
33
821
104
356
28
925
136
280
133
897
211
509
660
664
708
32
969
492
3
348
159
453
676
586
636
966
989
476
63
880
165
26
518
566
719
2
697
12
20
127
347
294
487
886
638
344
263
657
645
773
555
678
292
584
875
395
492
794
533
300
270
21
659
948
743
832
404
597
990
455
204
45
711
943
22
377
165
4
115
341
405
33
226
122
32
951
510
7
164
120
920
821
118
975
778
303
40
667
834
933
176
771
1
343
235
241
107
293
4
33
913
11
974
167
607
391
200
741
510
753
422
715
101
816
118
917
562
384
216
79
848
5
676
66
4
8
698
166
68
717
5
748
329
556
402
732
907
126
117
91
21
32
160
532
717
0
317
673
91
921
590
29
242
251
335
158
224
331
120
129
103
46
786
0
169
721
33
4
3
573
61
3
678
21
384
156
58
249
5
112
754
3
652
729
379
101
131
511
90
115
478
569
918
256
374
899
674
856
37
630
86
20
30
2
21
93
326
227
726
170
86
273
864
599
3
675
3
14
4
367
1
288
300
96
64
25
63
39
788
583
118
718
5
8
72
793
543
41
161
73
717
790
520
162
744
7
970
820
990
15
941
879
586
32
576
801
532
871
645
672
841
19
808
599
540
181
390
706
422
406
13
806
463
1
800
304
12
243
59
154
783
51
166
20
966
3
317
0
944
5
263
605
338
880
721
745
10
16
986
4
7
861
419
203
601
720
216
484
3
694
611
649
468
33
446
474
897
308
179
33
960
309
673
993
107
395
932
939
439
5
27
428
313
436
536
856
793
579
3
199
145
416
59
559
869
272
562
637
849
3
449
109
670
8
14
366
5
45
844
16
190
785
676
588
1
907
353
519
484
9
544
0
812
602
586
599
284
570
193
216
261
0
33
436
640
604
762
32
837
722
584
410
905
792
952
5
164
929
3
510
64
98
320
590
965
602
301
481
323
938
7
454
59
507
20
199
855
326
545
863
150
484
578
45
951
414
918
965
33
869
485
600
1
808
1
166
276
948
204
234
705
140
505
613
580
113
8
543
987
563
896
306
485
217
792
632
244
224
65
41
63
552
317
414
86
332
558
858
542
2
378
827
795
501
625
635
564
20
479
26
3
264
53
920
0
807
200
266
882
706
228
233
568
10
523
586
30
0
431
550
457
157
229
664
671
39
8
669
119
303
166
568
864
940
690
817
637
566
202
75
976
769
118
730
94
328
761
154
119
33
821
99
43
4
179
489
357
923
842
511
22
73
924
199
963
20
857
634
829
523
606
978
6
278
302
297
550
252
12
653
760
489
51
79
9
753
231
419
0
55
245
857
50
951
34
365
764
453
200
675
235
818
13
598
14
406
598
689
208
26
2
861
483
12
0
589
227
100
270
356
270
354
19
578
811
803
19
862
484
782
328
196
290
653
4
19
906
49
369
13
240
434
59
5
82
852
568
696
813
938
887
824
5
113
66
601
293
951
138
668
352
897
537
410
446
575
845
62
172
140
211
797
458
349
679
840
1
990
634
467
829
618
396
82
632
11
432
968
293
763
367
641
192
25
817
2
330
3
633
780
3
611
21
875
858
84
495
578
743
11
302
180
224
362
318
516
32
570
505
230
508
62
533
120
981
22
20
594
103
33
523
302
851
4
353
21
791
3
359
149
27
26
418
775
310
360
337
133
243
45
510
577
734
808
14
131
183
48
816
167
45
634
0
337
368
256
5
721
771
795
123
862
935
357
3
786
1
575
852
222
170
45
648
429
405
329
511
129
508
396
771
938
906
19
717
222
888
392
20
639
961
51
11
109
635
239
4
435
255
368
806
947
757
0
51
0
452
205
3
4
273
807
720
433
478
475
825
357
146
4
13
167
393
65
754
479
636
83
944
652
188
482
56
33
377
32
723
408
130
101
261
803
219
936
874
847
958
29
749
191
816
7
251
482
360
923
315
978
937
127
726
820
570
184
887
804
734
286
21
89
602
948
503
4
307
838
439
771
402
708
295
828
385
33
578
78
101
157
865
45
993
448
250
198
166
300
14
897
106
190
69
449
448
381
440
5
973
802
305
607
4
643
203
690
588
153
696
1
576
413
342
552
755
849
110
3
712
648
229
158
846
747
582
574
209
90
4
714
142
250
190
69
457
22
155
285
65
489
3
861
280
21
569
306
62
39
404
290
133
498
573
822
208
3
389
835
45
261
128
761
275
899
926
73
766
267
33
1
230
812
618
521
32
970
253
100
59
777
774
809
654
38
982
555
224
951
801
7
910
928
846
608
64
33
1
113
612
415
198
73
395
60
951
932
191
367
238
14
35
514
826
64
367
0
98
707
830
529
817
757
4
3
450
778
562
360
11
721
218
82
981
203
658
66
490
4
272
20
436
690
501
7
12
3
573
21
2
8
15
337
462
46
197
682
0
513
4
171
663
286
911
748
402
235
317
370
349
270
278
608
180
739
852
397
708
818
259
26
5
893
29
161
562
748
1
481
22
209
4
133
52
568
181
879
127
885
33
450
352
0
926
983
858
826
299
971
698
923
22
211
425
291
32
654
100
693
967
416
629
511
371
66
839
245
22
420
680
258
473
420
233
473
934
239
398
925
45
165
458
266
327
374
190
668
2
325
505
317
491
405
337
4
146
124
699
2
576
200
281
576
768
344
4
675
671
255
826
993
880
304
10
904
292
3
76
48
683
742
309
292
2
486
983
4
7
799
339
234
185
866
92
551
568
522
84
438
289
845
704
640
427
755
821
846
220
3
406
402
22
348
195
863
612
166
746
144
84
874
206
12
551
766
737
531
997
83
909
950
586
11
795
608
199
33
21
192
978
108
847
15
807
538
790
333
958
452
643
465
776
271
289
922
26
770
428
652
138
15
199
270
304
583
73
412
680
252
304
609
809
501
130
777
100
118
14
188
376
175
90
5
173
22
584
621
526
125
501
41
15
325
938
858
73
183
900
192
878
417
676
317
172
739
949
319
100
976
888
553
892
117
743
333
5
635
429
563
423
674
352
921
442
662
902
800
968
90
540
795
771
350
596
353
70
780
73
419
425
613
691
727
115
353
820
988
457
23
740
595
232
649
200
412
498
562
527
381
334
733
525
145
55
417
551
554
372
817
219
350
434
611
321
888
503
832
188
657
99
69
423
388
309
924
13
286
365
53
647
696
974
24
472
504
663
915
894
293
536
62
585
708
198
656
76
174
677
918
250
695
506
146
231
69
567
403
376
575
797
253
300
20
724
413
749
369
757
828
145
176
702
106
752
341
832
24
935
319
821
134
720
330
307
80
194
0
445
787
95
862
804
275
752
411
896
163
827
375
243
640
153
436
257
238
846
312
464
824
244
156
650
78
350
633
629
30
174
141
638
144
747
196
179
337
466
555
754
385
373
832
581
662
27
546
636
756
161
549
546
14
575
161
712
565
241
944
219
234
243
49
76
771
759
229
487
618
151
601
42
449
912
845
164
487
379
67
802
221
66
340
221
737
598
347
793
672
410
145
366
118
299
449
571
213
685
451
366
813
349
108
197
499
222
951
453
584
633
935
152
369
328
880
339
868
933
122
713
135
631
840
211
899
832
811
68
667
632
992
107
660
391
720
481
905
947
16
438
277
609
5
790
50
262
610
898
190
194
656
5
339
556
4
560
836
601
894
281
585
668
30
883
426
627
642
37
830
38
139
757
222
835
68
436
458
193
908
774
209
628
479
164
476
717
183
547
764
138
365
495
796
716
594
71
417
37
224
490
989
266
41
919
262
950
499
941
651
128
503
357
631
304
748
84
501
490
958
13
655
774
1
88
863
388
109
794
212
177
410
188
225
124
846
166
317
425
259
884
211
843
25
319
17
36
90
281
775
960
785
193
387
684
475
798
898
378
469
596
10
757
652
41
26
902
704
818
164
41
649
711
482
837
642
935
155
662
853
435
725
233
97
592
453
692
760
532
572
3
746
366
250
315
630
423
139
950
417
128
948
202
756
393
278
921
493
904
240
539
167
702
953
188
544
413
684
89
551
361
393
9
329
673
29
196
566
206
57
403
265
774
576
248
89
473
766
660
210
308
437
273
532
912
394
75
137
215
63
262
664
814
634
798
356
664
748
285
620
192
491
420
295
744
20
707
879
643
16
599
82
82
743
912
370
328
36
919
578
711
300
224
579
370
86
878
241
541
654
70
931
739
296
970
120
310
766
541
272
594
143
92
455
606
180
303
856
85
850
11
906
577
34
284
682
231
953
319
40
675
513
26
477
169
631
935
244
494
726
521
173
47
263
907
60
911
125
984
144
771
67
150
612
298
116
785
701
458
631
581
143
964
704
817
843
328
462
72
185
732
405
881
749
960
591
202
116
250
284
361
191
583
201
942
29
559
993
412
400
456
182
551
27
152
325
161
668
671
329
617
474
666
610
147
354
866
835
232
909
642
526
876
442
329
381
209
345
393
759
814
34
612
559
795
4
950
267
735
923
619
471
245
722
442
996
818
20
779
426
59
404
860
76
973
341
903
660
213
247
805
987
679
399
32
870
951
296
598
106
170
148
935
774
715
978
713
114
843
87
209
26
828
740
948
779
466
627
482
420
83
518
108
476
150
580
890
808
977
351
72
616
872
603
121
353
69
239
491
948
901
535
838
103
382
318
314
268
825
297
236
427
76
708
476
560
85
512
398
186
515
110
534
790
169
579
620
421
13
808
393
724
473
63
555
568
969
286
197
643
844
339
55
534
147
385
729
418
852
450
260
340
715
575
798
894
249
572
511
518
407
255
410
469
434
47
428
402
357
153
657
175
106
665
19
551
25
204
994
191
814
232
480
994
992
86
195
476
887
400
138
153
143
523
195
6
555
500
78
232
86
215
14
422
481
97
240
38
312
212
667
561
766
445
624
962
217
68
906
941
998
140
452
175
79
48
127
161
296
111
516
728
110
108
288
719
830
719
793
692
915
861
517
580
104
754
942
366
892
747
589
82
750
254
180
804
814
33
557
382
469
505
467
672
110
389
23
561
256
749
334
622
988
713
73
536
899
721
100
139
607
620
383
167
760
251
283
368
426
724
224
44
672
264
558
314
136
830
661
511
749
132
43
989
506
68
562
7
974
622
397
330
846
630
97
203
929
892
967
324
438
323
822
532
531
212
844
85
57
759
850
368
735
852
914
925
306
961
131
957
720
389
598
614
737
149
56
130
616
641
398
786
474
633
858
324
722
494
713
432
561
251
753
954
685
197
8
512
538
278
150
380
515
527
141
32
124
386
765
883
426
555
563
963
647
779
893
50
445
445
298
262
868
346
882
213
589
467
823
612
311
628
530
13
289
460
853
297
381
401
128
484
68
373
663
48
884
77
808
941
49
230
204
928
504
419
467
663
103
114
93
76
287
554
222
159
273
365
283
393
52
90
338
74
597
736
514
610
9
418
51
287
241
576
288
632
449
58
34
11
436
486
662
325
812
488
699
686
283
614
588
218
871
635
403
965
641
24
577
129
760
115
145
916
932
848
583
206
276
199
93
4
64
697
56
923
737
654
188
290
52
132
663
178
598
821
289
696
793
877
123
213
985
125
329
471
658
417
587
54
715
635
589
935
515
183
698
3
113
10
510
566
486
356
828
570
663
64
195
702
656
178
727
238
451
701
567
795
468
240
165
347
896
389
281
755
955
678
846
195
11
221
338
984
461
932
296
539
828
174
130
394
492
62
486
214
323
189
603
96
747
87
364
69
855
724
885
127
432
652
856
937
355
18
251
971
49
88
499
325
725
419
304
507
334
179
4
561
244
932
871
779
450
36
298
45
112
202
382
867
740
25
978
520
319
742
93
206
167
437
149
548
764
135
415
299
288
832
575
720
690
266
489
719
226
431
655
732
66
381
723
190
509
26
340
767
616
208
447
158
39
706
419
563
893
634
982
167
742
614
184
962
448
312
128
724
982
912
363
40
694
666
95
913
527
72
377
828
553
824
454
470
238
824
429
575
138
297
586
841
96
441
392
353
387
375
406
854
499
692
353
828
511
332
71
704
340
240
131
499
452
162
234
20
174
152
232
541
674
587
306
606
186
242
501
898
460
38
281
394
364
634
252
120
52
376
678
758
157
656
950
133
168
359
379
402
818
286
541
516
844
154
512
154
511
889
821
567
421
877
572
199
67
242
163
978
537
941
261
560
482
130
591
597
893
624
954
896
432
822
393
895
698
283
231
179
641
767
278
702
161
242
840
889
531
976
54
813
571
188
497
678
496
711
336
38
15
754
545
289
421
82
912
794
196
27
418
634
423
91
396
554
589
365
521
931
988
134
62
603
864
144
719
284
74
205
324
704
635
89
618
739
923
987
853
446
132
285
831
150
377
279
192
893
694
184
532
804
235
362
227
768
92
320
660
455
758
163
887
355
374
418
270
449
490
40
301
102
373
951
947
898
564
645
823
931
914
35
262
767
751
490
623
113
684
242
362
791
640
519
676
37
700
441
491
148
651
781
495
490
138
91
413
285
866
278
835
415
30
615
824
374
77
252
34
42
306
245
1
615
519
119
413
272
644
202
854
419
237
219
751
250
741
218
158
14
137
150
312
572
193
133
997
471
498
467
450
239
772
916
193
220
993
127
151
913
787
327
403
453
16
277
99
169
977
740
415
891
334
195
384
293
688
260
538
328
567
773
121
976
896
165
745
61
654
748
680
820
549
728
453
134
982
82
199
985
105
149
195
387
858
718
433
210
56
646
819
721
365
746
779
319
46
419
303
97
123
99
677
386
313
306
677
10
135
807
692
696
720
666
631
510
785
477
298
798
198
584
494
795
474
577
630
225
492
807
311
181
632
594
349
424
311
28
516
356
329
467
332
753
653
425
199
784
823
35
60
949
70
536
486
492
670
287
151
397
625
359
133
23
114
5
404
742
594
271
912
551
91
102
878
258
876
926
674
745
555
327
641
187
134
753
722
148
943
781
421
33
68
652
232
684
539
380
757
756
503
0
168
267
31
46
149
194
873
98
501
520
340
228
221
18
74
137
528
676
737
290
336
746
425
526
572
970
714
565
798
919
838
252
621
972
118
30
791
974
769
835
309
804
164
495
105
982
98
70
687
637
100
181
229
823
433
578
664
984
521
28
393
119
431
314
494
871
231
798
796
903
559
121
6
836
311
111
272
168
797
387
237
982
524
723
550
379
976
204
469
784
136
965
725
615
252
740
507
693
379
426
568
558
779
491
826
728
560
89
4
648
369
888
935
328
715
533
562
374
335
642
42
385
151
224
859
831
365
25
386
298
670
81
8
372
772
782
824
431
510
315
658
859
256
694
106
418
665
932
659
10
641
936
720
282
301
727
516
565
745
126
136
278
741
251
539
19
429
106
380
371
31
350
390
844
469
122
889
201
504
127
850
262
7
833
715
561
523
178
774
305
251
590
165
55
333
281
896
814
272
117
127
441
842
340
72
483
313
335
165
997
826
300
29
338
909
146
404
237
897
486
312
163
677
583
988
563
192
50
508
308
845
419
59
960
689
113
642
63
138
323
515
551
84
523
312
927
936
49
234
155
592
750
541
644
909
628
397
521
668
880
945
324
105
171
379
579
94
176
477
339
439
759
543
617
666
621
496
458
541
473
126
305
112
762
808
931
807
620
1
805
700
276
435
180
562
745
464
275
226
153
898
187
479
200
409
317
867
665
882
600
248
841
988
704
434
951
466
626
436
44
534
791
758
918
685
764
23
48
833
562
570
98
568
39
752
469
483
349
789
444
410
752
64
777
917
740
549
469
765
88
722
878
103
313
680
443
155
8
269
107
694
802
204
744
253
127
579
548
266
81
525
224
418
357
739
162
774
747
239
707
335
897
22
472
388
45
136
215
345
513
643
860
867
47
489
754
295
971
625
730
119
105
299
565
119
704
535
583
252
365
52
240
398
539
926
460
522
443
781
140
211
695
525
112
397
403
509
561
312
376
596
659
737
460
191
579
569
6
835
455
180
991
16
624
363
767
558
300
112
25
822
385
305
151
579
464
226
891
602
201
175
286
35
777
411
202
509
973
955
63
614
995
227
270
427
333
393
258
928
138
953
724
611
466
46
960
223
517
942
203
720
996
197
873
603
896
851
974
704
933
91
355
245
658
594
852
362
579
843
572
945
408
598
66
509
551
607
521
971
793
934
252
297
873
675
803
66
388
205
274
726
784
410
342
126
346
330
118
726
273
723
760
458
210
824
662
374
809
452
179
101
994
510
870
796
123
782
236
431
273
733
361
316
126
775
793
662
477
56
712
387
948
860
72
991
65
136
791
243
169
71
175
550
477
320
555
922
939
88
249
557
56
852
397
55
833
740
242
64
499
774
495
285
60
515
163
589
649
559
140
358
936
720
349
954
506
669
116
443
160
985
652
583
9
107
328
90
992
247
493
64
2
181
570
493
242
17
378
374
193
406
987
323
649
842
534
631
230
834
158
182
404
870
203
74
48
766
87
701
493
517
242
781
383
53
346
219
602
278
159
257
376
170
475
516
546
665
995
708
412
753
147
611
630
226
134
342
221
460
199
429
844
439
705
430
41
934
133
475
47
425
201
852
553
431
99
841
855
805
463
145
835
393
177
692
181
514
200
859
731
870
46
251
93
411
421
189
291
488
892
964
441
970
544
529
552
216
911
63
962
598
482
529
865
76
168
18
814
529
645
622
112
939
510
12
211
750
579
390
697
128
784
271
622
352
703
735
557
755
910
90
106
821
94
437
395
332
292
10
115
740
389
952
839
185
570
178
783
108
941
114
267
358
880
487
388
173
501
844
30
268
464
904
353
145
960
490
542
190
937
634
870
80
360
878
295
956
477
315
577
920
290
925
327
834
950
404
217
743
761
29
16
318
441
830
503
952
985
833
171
498
665
465
608
993
277
958
682
202
55
392
705
551
803
342
195
823
37
173
827
650
416
937
319
3
411
130
690
195
335
21
793
738
205
434
922
900
429
549
305
444
480
79
196
453
43
148
757
827
454
13
889
117
370
888
755
166
502
21
117
299
651
69
765
468
790
296
173
251
651
102
6
596
603
453
183
516
614
468
127
542
246
442
41
376
926
484
367
356
38
517
460
45
411
350
912
765
359
454
666
755
992
837
502
991
172
226
250
450
69
178
655
567
621
947
756
100
87
407
737
533
954
361
301
257
534
721
820
123
295
792
187
136
535
999
896
235
388
609
647
623
2
987
362
41
344
375
8
609
76
747
739
301
186
972
736
472
90
698
649
793
595
284
634
670
466
205
449
615
302
429
586
768
986
674
14
309
528
734
654
231
788
561
956
625
92
257
111
201
120
344
180
321
115
132
479
200
83
516
711
448
22
131
116
429
11
407
449
941
100
338
232
380
499
556
800
462
944
439
947
813
802
156
566
388
3
733
254
80
15
351
234
719
336
699
75
870
399
339
186
377
603
276
651
595
189
587
445
544
690
751
59
162
524
602
780
996
92
595
995
592
783
448
221
484
402
851
669
941
184
840
592
771
528
196
865
5
571
462
493
667
870
615
976
117
344
803
335
569
649
498
447
388
1
255
978
929
607
857
226
99
516
679
142
418
680
800
586
791
741
760
834
168
345
389
672
43
601
14
551
524
112
550
525
671
262
966
392
183
200
32
563
434
314
969
533
753
529
346
189
265
488
758
232
68
270
837
950
463
327
498
694
203
582
259
707
190
234
584
609
917
300
595
652
447
153
923
354
776
434
622
336
351
61
453
493
405
104
121
769
952
660
243
71
432
1
888
221
31
594
971
362
738
18
931
20
876
149
37
810
791
622
161
12
65
663
710
136
82
449
73
137
980
338
619
293
684
541
969
178
593
506
445
952
621
604
526
742
251
271
794
387
980
516
326
660
151
407
960
335
136
843
693
177
69
368
210
4
210
250
245
740
558
100
6
477
998
998
201
33
734
661
843
890
835
820
526
417
593
173
842
751
738
324
675
646
643
688
626
648
714
107
643
577
486
967
292
984
360
680
262
867
265
600
848
907
795
256
425
949
740
329
330
222
236
67
451
847
769
672
172
643
170
37
789
9
135
416
926
180
737
669
421
415
844
569
696
367
450
975
595
848
20
572
414
108
223
260
487
742
645
848
68
393
107
199
491
816
881
547
18
461
160
968
592
655
531
853
541
520
371
162
797
511
495
243
87
227
660
239
625
286
293
379
571
504
280
669
590
575
501
796
721
337
175
997
625
385
92
145
388
806
953
850
113
895
656
803
908
292
148
684
688
450
961
627
626
915
122
450
650
890
22
13
467
462
562
318
283
869
880
393
796
22
835
851
255
526
661
812
646
71
778
472
334
246
367
442
936
233
10
307
359
267
814
565
787
275
804
436
519
362
117
866
973
562
582
494
297
435
210
822
401
979
586
619
492
479
278
50
44
936
574
933
943
275
6
855
236
289
686
78
448
30
831
294
387
981
188
884
904
55
839
98
328
993
178
921
475
327
746
543
225
969
587
361
229
946
893
343
921
509
9
625
172
83
261
202
273
881
772
204
238
381
161
27
247
210
337
32
93
196
187
218
269
855
417
265
491
795
92
791
394
394
445
178
879
407
262
605
34
280
892
15
59
235
545
495
406
849
661
682
928
581
597
932
317
953
527
950
236
77
413
288
238
758
735
887
187
734
451
327
884
912
131
700
413
327
647
160
487
664
653
154
892
606
544
165
39
77
229
410
757
94
796
91
935
702
737
679
537
27
447
552
899
113
554
95
668
271
46
720
174
610
570
850
848
397
714
48
879
238
370
34
248
564
822
276
93
285
146
755
26
962
940
82
632
134
142
221
675
665
177
36
597
416
586
861
143
215
761
745
821
669
961
81
528
967
357
482
272
495
83
157
583
818
996
429
47
984
498
207
751
92
128
679
261
756
187
931
79
579
512
500
42
287
842
508
635
190
264
20
245
202
416
72
405
367
519
30
154
730
419
163
783
785
355
964
932
206
424
129
799
703
690
34
931
660
721
462
551
994
573
806
118
756
496
570
97
827
662
263
985
221
29
813
407
732
756
228
2
583
283
655
896
221
738
561
746
95
585
576
394
97
484
866
278
339
460
205
830
382
488
796
979
527
511
655
882
684
215
876
215
393
610
452
666
266
873
625
1
727
58
25
485
838
644
186
67
16
892
204
852
0
409
514
19
239
463
257
804
121
58
464
378
364
777
428
289
816
744
248
980
45
407
619
24
405
349
725
106
879
154
980
886
741
21
857
610
163
614
630
211
966
267
329
538
481
532
865
249
859
946
416
382
507
399
836
994
213
349
758
767
923
482
750
769
897
11
614
539
750
478
212
213
691
478
786
531
112
539
450
890
166
456
44
298
456
102
530
516
359
371
654
127
555
576
198
886
605
680
410
262
751
983
358
11
404
261
335
534
250
738
289
730
67
182
823
375
63
592
662
142
67
319
612
268
257
902
689
576
232
548
862
998
71
658
649
303
87
972
952
190
966
800
278
184
571
659
440
493
786
373
13
633
690
284
708
724
804
204
151
439
19
980
289
116
51
824
215
821
918
371
757
697
345
389
128
74
159
275
500
869
199
212
123
505
359
541
978
337
884
89
101
39
541
795
787
732
923
405
723
269
41
154
482
229
421
656
918
480
291
87
894
778
91
699
664
341
19
967
952
496
479
973
149
186
84
695
163
676
862
461
732
610
735
242
344
65
821
131
601
464
145
873
547
12
475
950
578
281
30
974
526
103
42
308
753
814
428
149
980
448
418
305
151
544
285
571
55
578
933
127
16
304
874
162
398
276
909
186
830
628
626
515
31
386
144
288
86
385
662
515
572
859
648
420
347
722
986
686
467
382
433
443
558
619
520
58
11
188
955
810
302
55
334
765
140
231
381
343
822
841
432
143
569
782
298
334
576
48
731
440
839
3
617
71
190
809
832
291
216
980
354
456
110
310
970
545
271
804
908
42
434
497
100
669
719
838
24
749
519
82
407
259
149
252
555
600
15
828
567
355
865
180
877
672
205
65
591
682
142
259
215
468
309
628
628
838
733
482
610
883
311
979
118
901
898
98
759
759
72
894
334
353
739
770
807
531
776
15
903
535
657
588
148
525
589
27
723
844
648
425
848
102
953
777
293
439
113
830
574
446
501
120
262
398
437
763
912
168
412
974
624
811
676
294
839
951
350
976
554
918
889
724
678
722
184
157
293
203
24
14
360
151
734
461
806
710
606
546
341
314
474
261
924
361
995
668
424
496
35
99
36
342
672
507
147
178
294
77
967
980
963
563
59
965
855
746
321
356
937
130
337
619
794
369
430
343
455
229
969
776
14
952
792
359
86
295
896
975
998
629
982
376
420
966
741
81
881
651
115
47
794
537
843
59
109
31
42
948
977
851
288
869
367
470
544
228
916
283
754
595
184
592
541
577
225
946
372
156
719
195
271
157
710
535
683
578
647
794
426
596
442
384
873
996
394
651
5
8
615
91
989
453
80
26
205
783
277
565
212
925
318
814
456
31
615
472
427
130
906
163
876
164
914
528
832
200
613
830
208
196
907
750
143
592
207
27
30
400
162
36
242
192
449
118
79
277
179
74
293
486
174
957
905
114
212
796
893
682
722
347
156
201
616
226
94
19
340
23
632
325
979
326
464
251
288
347
388
332
528
457
742
312
959
82
595
107
271
698
111
725
113
112
713
637
615
334
942
208
40
276
53
393
217
61
788
19
147
520
244
324
928
509
183
532
912
842
892
585
681
521
364
839
534
376
269
431
966
342
31
379
116
510
994
3
692
454
899
650
814
252
245
651
286
754
330
92
435
51
572
538
346
185
280
901
799
183
448
730
475
919
687
663
617
279
704
730
321
386
289
212
842
43
213
220
31
380
209
549
9
582
736
306
984
744
734
76
71
123
700
567
555
471
822
928
323
735
845
37
955
419
97
193
232
468
716
61
914
364
435
835
237
549
551
844
417
104
585
57
326
123
624
140
750
111
924
716
66
349
479
642
289
529
100
173
331
937
561
472
233
549
381
33
269
85
276
493
272
411
115
850
825
806
288
884
260
778
345
86
193
809
944
335
403
851
99
219
585
789
213
26
860
13
8
939
409
535
86
122
177
417
578
479
871
215
430
243
187
61
736
133
613
18
999
203
396
25
878
232
805
841
221
441
78
302
138
26
126
451
257
313
709
65
725
537
57
46
66
737
396
226
710
186
797
632
266
285
463
232
756
105
767
362
957
937
636
855
166
875
950
966
691
410
907
461
727
735
170
484
541
778
123
91
13
968
831
194
440
845
764
891
350
122
581
896
385
432
367
443
739
115
504
136
663
646
874
913
57
386
255
899
14
831
214
493
657
222
852
517
468
220
334
377
116
294
786
940
350
927
157
309
15
127
652
658
974
57
327
744
758
90
387
800
420
442
354
245
331
674
484
752
363
374
863
109
825
909
884
351
719
298
375
303
562
657
618
522
393
402
582
426
215
46
701
576
530
296
701
965
427
769
832
24
698
458
827
616
49
991
48
128
121
899
691
438
995
16
351
749
660
142
801
239
736
287
571
196
474
141
265
198
883
676
279
493
129
442
442
282
246
280
807
113
460
978
317
378
491
357
922
582
278
340
41
955
885
461
911
555
109
736
965
912
69
523
809
696
27
711
638
909
769
308
424
464
109
809
476
245
820
849
720
470
648
98
343
213
179
804
300
36
520
331
631
189
994
80
875
196
386
144
667
490
156
121
302
403
408
834
959
892
320
937
965
148
106
360
772
168
287
125
851
282
490
588
866
56
810
281
259
742
890
175
255
543
380
931
0
432
935
356
535
471
812
747
875
354
997
879
67
810
180
939
591
461
64
322
653
646
172
222
257
915
959
440
238
117
840
33
655
633
450
136
769
320
914
562
437
943
553
971
410
444
515
102
896
428
505
665
219
78
696
344
565
383
124
155
260
752
857
502
752
243
418
104
340
481
502
760
409
638
119
771
379
535
85
571
152
268
341
757
729
244
350
43
66
453
729
262
12
180
524
662
601
254
364
772
148
83
211
879
327
809
816
829
545
780
459
141
186
871
299
689
916
708
481
498
758
719
614
861
504
652
357
719
225
860
9
154
601
416
949
564
982
925
218
318
676
742
99
586
496
132
939
484
691
115
947
701
641
625
737
702
840
156
916
298
841
688
848
312
635
800
9
487
840
377
584
162
743
64
899
447
291
627
368
521
143
378
20
257
789
945
408
954
910
142
364
913
239
969
69
547
615
421
907
192
102
880
488
243
559
773
2
356
926
499
771
766
944
716
534
774
281
797
143
110
627
332
989
834
821
107
304
832
603
844
960
844
467
169
339
659
2
506
708
121
465
513
787
812
70
619
995
164
636
484
60
221
54
111
187
893
229
151
560
419
198
543
320
421
657
489
910
165
321
480
477
282
502
548
452
165
781
67
333
295
613
547
530
975
610
960
510
66
497
591
555
226
460
821
603
584
352
97
897
136
327
646
5
67
176
855
3
30
504
797
825
488
554
478
442
1
403
243
783
900
288
603
399
494
352
822
379
764
62
514
855
92
360
962
714
877
865
303
354
495
282
48
388
588
623
491
868
361
926
648
63
814
657
759
490
902
493
941
814
302
494
611
271
119
187
178
759
47
336
23
673
78
462
57
263
270
39
331
998
469
209
23
99
564
174
148
963
207
129
891
112
389
141
662
335
685
575
92
162
345
136
916
142
227
288
700
884
787
1
577
123
573
331
613
435
982
67
797
808
551
704
393
381
404
868
888
296
894
71
758
178
778
78
25
359
877
75
622
387
834
825
667
37
64
246
870
119
500
256
721
12
427
505
463
417
554
94
396
305
88
506
406
217
872
139
518
508
992
966
278
666
348
553
562
776
310
657
182
789
365
734
271
218
553
911
423
302
283
696
959
998
509
766
39
172
539
111
254
420
912
82
484
831
196
286
255
151
738
740
605
179
103
98
183
798
632
132
760
310
225
898
111
77
845
652
95
789
839
636
982
96
913
678
862
106
869
15
244
679
377
698
764
509
658
477
323
653
656
604
532
200
188
776
710
46
435
823
853
295
685
607
833
738
975
269
698
97
987
40
595
64
953
153
186
844
789
70
528
856
710
749
95
750
396
300
3
432
917
172
587
13
57
451
545
330
789
288
854
154
620
76
680
472
391
702
632
78
424
293
901
798
98
437
429
126
565
934
997
421
40
596
221
780
954
565
630
155
527
581
91
130
931
854
793
48
555
141
147
674
151
209
857
455
667
814
963
253
943
402
684
869
789
520
158
268
415
869
487
33
90
494
790
717
147
636
949
492
312
931
805
741
619
677
617
848
597
979
520
647
627
497
885
147
271
204
989
172
167
138
628
984
392
80
60
397
38
804
764
13
940
267
6
666
216
110
801
106
794
743
158
33
113
101
0
60
610
547
924
676
440
81
835
468
368
786
20
942
975
605
184
51
44
295
93
582
14
361
968
889
36
328
656
732
743
302
790
335
573
530
547
783
759
743
568
276
762
734
936
472
527
710
632
633
331
980
434
639
587
808
659
802
477
656
894
126
366
989
867
759
762
865
833
608
575
380
440
505
932
697
437
62
622
735
385
343
208
165
726
189
104
315
794
699
736
610
770
349
65
681
46
303
528
677
775
308
210
948
913
48
43
162
577
336
303
851
225
542
671
324
714
457
606
720
688
669
869
126
429
83
170
59
113
645
61
320
392
921
509
524
861
45
168
397
710
710
855
915
120
278
354
143
374
312
119
90
805
777
919
823
375
362
215
509
378
368
113
854
90
905
838
466
557
987
125
84
653
853
196
241
881
622
270
338
139
483
505
654
934
147
917
952
266
653
946
61
102
134
93
596
837
200
837
833
732
360
716
377
388
354
312
254
959
180
792
208
450
922
389
927
208
832
936
549
272
951
58
135
840
146
396
238
951
495
311
231
822
897
944
874
147
106
658
824
452
259
977
657
536
961
596
173
681
179
320
735
776
588
477
478
755
201
138
241
105
830
207
3
841
173
293
370
537
518
71
227
110
441
439
568
385
646
893
789
554
815
185
956
97
585
732
159
768
639
223
711
947
489
271
93
919
715
88
837
25
404
465
787
328
852
19
355
65
597
42
262
163
687
336
819
589
297
449
735
423
746
899
440
546
518
343
10
447
599
453
481
220
756
153
104
580
291
933
515
745
114
105
726
916
189
82
289
121
78
69
446
176
859
845
189
207
813
535
74
548
249
307
627
564
543
267
734
465
814
413
890
583
772
74
877
927
247
520
566
732
998
416
937
450
166
968
520
373
561
988
133
328
206
972
681
531
73
643
765
887
367
275
353
155
104
43
751
398
476
170
447
798
11
211
362
829
372
589
698
393
595
743
505
155
974
147
703
466
459
177
959
643
114
515
377
610
274
161
772
699
219
849
620
324
439
572
940
102
927
149
665
181
186
192
968
703
102
486
513
318
15
575
331
567
959
515
406
392
835
657
916
314
681
290
202
880
217
343
459
657
712
199
74
919
54
742
343
827
211
731
812
56
874
777
104
725
247
817
972
895
419
8
920
998
371
340
903
136
552
176
56
243
664
109
254
791
684
804
395
296
164
877
879
535
217
586
904
293
471
371
686
397
114
673
288
322
58
539
717
193
916
427
891
699
915
86
235
227
917
472
901
286
241
305
402
335
268
60
103
870
478
449
774
465
389
432
218
380
395
432
884
780
852
256
51
296
47
343
483
706
421
840
202
607
601
170
352
223
440
287
774
970
665
202
633
378
771
468
858
544
42
904
688
734
942
326
367
63
491
532
1
289
96
883
739
192
943
843
385
765
515
639
31
268
104
566
230
196
669
557
664
255
686
453
890
226
899
585
763
937
403
366
324
160
496
7
625
156
764
772
637
12
88
72
753
52
481
754
325
843
225
51
254
824
997
260
375
50
325
333
655
837
485
462
492
687
786
600
307
40
79
410
386
34
338
478
989
78
515
334
242
14
319
650
300
249
313
726
562
31
391
733
943
548
683
864
355
112
541
506
75
198
669
437
149
376
646
165
966
364
597
94
44
455
982
246
990
359
403
804
733
756
660
260
157
159
955
283
429
254
493
869
395
78
137
426
866
542
459
54
199
954
66
878
737
442
769
349
173
240
304
578
127
661
686
684
369
655
280
904
567
537
252
369
819
34
630
124
83
59
612
818
110
607
112
401
955
990
978
184
44
989
913
234
377
409
399
61
826
780
579
996
874
258
833
290
463
119
423
746
49
576
279
238
725
472
30
467
753
271
206
723
162
53
768
251
759
135
335
628
753
127
807
517
24
71
289
4
248
358
547
308
854
655
642
962
267
535
193
389
344
285
26
257
663
773
627
1
924
352
625
990
333
951
923
861
767
966
594
757
367
340
891
714
185
915
509
607
993
182
549
577
981
302
213
495
585
255
653
310
194
463
781
779
24
101
595
581
452
177
350
862
226
585
439
435
492
547
358
121
677
134
197
197
100
435
717
328
41
718
172
374
877
805
159
668
595
517
959
970
106
528
355
344
273
615
171
955
132
872
339
221
465
530
922
132
912
446
509
567
327
696
571
274
899
162
504
102
580
940
846
57
460
354
375
801
628
303
874
99
750
593
870
571
565
152
534
475
205
713
647
987
997
118
663
198
838
667
709
144
251
252
245
35
182
570
68
608
230
18
93
893
577
951
715
838
921
18
330
354
34
254
144
57
54
482
965
185
810
1
15
460
872
987
777
717
678
518
179
978
323
944
164
654
119
923
956
314
409
93
483
734
571
458
48
103
925
439
294
532
995
111
295
987
516
671
787
753
240
517
793
299
228
390
78
69
646
378
381
333
218
588
911
342
649
71
348
376
702
63
822
399
486
644
429
147
265
348
231
110
748
407
8
605
839
32
626
45
752
338
279
659
112
944
367
937
772
66
36
184
448
657
55
20
191
59
701
455
55
709
558
719
519
18
15
244
276
149
97
151
157
988
691
507
387
141
158
462
391
299
231
374
835
318
1
476
879
785
273
179
570
117
353
360
11
766
591
816
930
263
281
684
564
771
225
374
454
95
919
796
939
465
293
455
122
9
630
419
168
362
469
261
526
518
214
35
270
34
508
123
415
950
18
923
313
386
508
57
68
533
19
7
220
258
453
745
835
774
380
945
423
401
26
113
530
289
831
398
186
912
507
404
708
863
711
460
78
736
891
355
621
84
592
697
933
132
253
398
48
211
240
631
20
573
904
81
498
891
299
978
38
979
860
509
821
809
188
584
132
322
319
648
950
884
805
655
191
971
708
201
261
52
22
291
751
88
781
191
157
148
65
401
650
260
863
707
791
798
830
184
585
599
383
753
949
486
685
62
351
501
114
24
801
267
815
404
956
784
179
16
195
741
274
54
112
961
998
551
872
707
807
787
304
51
540
255
394
320
454
933
893
115
532
338
225
533
945
328
381
653
557
879
309
288
827
633
339
764
492
859
620
341
823
395
36
646
883
538
570
773
903
878
69
837
71
350
218
968
60
793
485
123
658
509
138
133
670
821
243
272
314
957
836
601
204
970
45
170
905
61
823
78
544
152
680
659
919
32
763
66
328
386
786
227
749
468
380
109
801
172
356
100
653
814
358
664
341
860
539
153
307
157
703
417
971
353
5
440
498
206
221
805
492
607
655
863
633
214
627
904
220
547
922
505
244
954
156
155
377
707
445
140
759
228
863
488
690
67
450
15
908
191
446
455
418
138
342
945
262
83
381
305
240
102
569
687
833
646
538
655
986
71
238
6
459
307
856
145
936
615
932
61
203
729
264
96
338
51
448
223
397
356
579
420
748
544
856
372
94
56
586
601
653
924
275
966
700
189
548
379
241
944
904
44
142
911
528
268
215
700
93
815
926
57
557
65
801
767
384
607
26
847
890
630
673
302
387
96
232
848
62
147
614
951
157
895
806
181
17
17
141
986
504
604
29
81
494
694
229
422
0
618
5
367
951
418
919
158
443
763
957
270
981
7
444
93
265
305
704
294
642
749
917
721
790
933
268
286
728
961
504
990
782
524
172
651
456
482
117
179
583
105
191
668
491
132
800
486
661
801
918
486
895
646
272
368
568
173
699
748
834
633
995
463
311
660
213
773
586
87
847
279
211
459
57
773
625
879
282
345
843
514
915
108
554
750
403
632
149
846
296
392
441
503
383
236
359
132
620
183
741
240
134
56
277
797
590
474
58
581
154
210
447
687
972
976
689
246
210
63
785
326
539
907
19
534
510
417
803
85
571
610
824
707
300
129
406
896
337
47
632
886
330
481
587
179
728
571
830
150
250
28
691
195
365
126
538
709
225
820
807
896
69
769
32
58
315
659
650
918
65
104
826
315
606
160
785
136
337
782
193
950
842
634
563
99
969
366
34
366
10
514
689
592
168
330
813
267
993
634
636
216
391
134
168
50
611
134
580
591
969
688
53
531
153
456
43
9
763
690
175
310
22
495
444
97
824
946
571
958
13
152
606
200
939
80
560
555
163
234
665
762
852
528
758
963
798
469
151
926
713
323
554
958
355
219
242
77
274
702
257
56
916
440
417
732
411
855
972
501
66
681
101
144
358
605
861
686
534
329
640
946
165
280
46
451
401
456
836
805
873
623
444
848
284
373
761
22
551
311
40
826
158
153
999
50
754
582
333
200
922
897
783
359
196
578
188
904
302
88
40
80
694
23
302
760
334
831
585
246
808
548
661
845
368
51
457
275
786
824
267
191
794
247
317
850
110
418
702
534
52
837
796
559
247
586
955
987
198
429
748
266
686
49
52
834
654
94
86
617
747
920
595
797
118
517
651
489
956
561
524
13
218
308
904
79
602
107
487
423
283
820
405
654
246
440
885
482
456
18
782
699
910
107
149
580
500
837
8
243
336
766
36
152
680
471
118
492
645
255
651
572
606
917
897
200
327
589
969
145
517
457
990
617
237
166
883
459
714
923
252
58
130
479
887
602
451
760
907
893
532
806
429
250
510
691
42
600
157
850
341
505
895
110
561
763
577
954
542
648
476
131
33
894
959
350
823
856
545
278
577
935
340
619
836
612
103
45
170
149
850
668
946
385
903
302
672
189
319
898
360
531
76
892
661
280
604
760
415
375
213
0
873
862
235
250
594
106
292
139
408
406
57
130
20
738
487
886
539
309
228
724
233
368
604
461
217
515
149
842
169
285
394
630
344
813
490
32
142
252
968
191
239
760
330
61
109
16
3
794
855
984
507
74
349
680
416
370
143
918
910
636
713
429
144
429
994
565
730
735
479
773
459
555
92
378
374
983
965
666
916
626
53
783
649
461
35
387
622
402
903
125
434
513
696
845
645
235
903
340
526
780
571
50
522
711
137
345
783
741
663
636
614
269
605
34
840
550
138
681
611
921
245
889
859
34
585
106
945
431
996
624
878
929
455
978
775
871
444
480
67
138
607
682
603
402
316
269
758
626
97
726
359
982
563
329
588
937
202
344
377
448
346
475
126
916
865
606
66
662
883
168
988
768
970
570
614
419
73
759
312
309
615
554
925
9
98
408
216
908
308
462
44
65
869
651
443
299
475
925
307
821
326
323
85
787
430
165
790
171
771
306
709
3
599
194
339
522
193
196
108
688
955
757
567
487
104
902
643
458
560
424
683
398
713
620
868
906
945
935
372
91
307
285
944
795
621
108
224
442
88
584
28
554
517
675
656
147
717
767
215
121
694
304
762
394
289
166
346
730
304
313
670
792
580
950
826
162
824
279
48
921
683
103
548
335
180
383
271
994
228
525
479
492
824
855
995
908
909
494
59
571
12
493
904
620
380
720
152
27
997
960
78
341
748
960
157
994
615
126
672
930
510
844
315
188
844
746
209
621
495
220
733
812
19
867
471
966
850
163
264
437
303
775
879
326
26
167
530
800
842
419
892
977
543
209
153
803
241
314
959
307
106
636
946
658
492
27
325
921
426
924
480
834
192
87
118
38
520
941
849
362
99
297
103
355
691
544
635
904
742
424
951
44
65
999
142
783
440
911
606
147
920
61
806
165
964
701
617
992
671
150
149
659
18
776
332
737
601
991
125
820
297
880
936
363
599
185
658
10
233
119
398
109
372
183
569
465
962
242
981
575
744
8
632
258
311
984
979
649
541
968
618
171
938
194
154
562
806
54
238
251
652
921
494
828
589
950
80
61
121
412
83
461
961
375
585
120
0
162
510
891
150
245
691
254
755
630
183
224
440
827
707
189
364
549
359
197
161
20
738
339
215
629
351
644
245
51
757
599
881
361
24
382
904
114
445
737
547
424
388
428
258
490
711
926
431
651
815
277
164
614
192
69
321
140
893
499
405
93
773
69
747
89
624
752
525
76
999
256
165
357
815
679
291
885
992
637
219
870
426
916
678
84
439
541
250
899
83
922
46
739
70
621
66
651
146
92
613
980
457
925
937
448
82
727
993
703
859
606
129
467
38
985
258
44
927
777
161
743
193
166
895
431
625
39
481
916
130
846
367
593
456
873
224
130
512
409
161
106
215
428
656
94
758
253
908
476
780
879
335
553
731
367
78
167
39
479
360
786
656
579
915
239
61
460
782
49
509
868
73
68
758
592
107
533
907
145
296
573
797
547
257
184
977
552
244
452
913
875
292
878
237
973
749
567
670
185
975
711
933
459
45
756
949
406
384
303
103
711
933
449
328
872
274
968
465
643
497
262
702
54
722
175
514
126
306
304
468
411
821
110
230
20
380
876
32
631
910
335
404
584
321
173
14
602
135
605
34
920
875
234
309
627
776
737
90
897
478
316
353
222
336
211
123
45
194
905
156
646
417
702
586
660
383
695
144
102
144
618
454
989
118
3
386
267
318
59
262
937
276
443
998
677
123
845
956
743
449
181
122
746
542
37
309
231
541
295
636
185
754
553
322
238
724
316
626
122
672
868
11
162
208
455
375
603
704
626
113
858
309
41
722
473
1
869
19
185
426
610
539
135
132
522
739
188
10
874
779
824
500
908
658
608
86
942
723
356
716
420
522
983
22
812
340
692
530
328
980
823
977
998
972
53
262
102
321
716
625
827
207
519
444
546
137
742
141
548
189
909
514
333
98
246
520
182
343
373
196
636
748
612
94
683
150
357
792
202
494
829
997
98
849
731
317
137
252
210
749
365
62
746
897
762
441
450
775
223
947
206
420
371
238
777
907
363
391
699
474
513
274
846
740
269
379
993
271
430
302
366
762
193
743
902
894
693
374
647
322
193
560
716
119
315
876
576
202
15
961
46
522
708
871
129
454
195
21
780
23
205
474
231
918
170
648
229
254
7
898
374
952
753
777
82
261
787
676
533
622
333
58
399
313
717
400
483
50
788
960
489
986
364
83
865
862
128
128
52
203
263
841
993
375
146
293
866
150
582
15
129
140
774
238
442
332
365
323
336
866
179
533
206
182
845
125
3
950
720
321
809
864
735
854
377
317
496
270
606
683
46
243
322
86
378
123
323
270
122
442
330
804
778
457
219
591
821
205
557
580
95
971
233
357
722
528
135
960
554
377
545
70
301
903
736
651
783
387
419
833
516
509
330
834
586
569
921
199
862
85
478
803
277
894
269
430
583
973
408
103
649
250
653
960
510
652
890
557
618
227
924
81
753
536
402
864
493
29
452
935
318
470
996
275
842
883
895
682
288
341
260
187
866
280
89
227
29
4
67
924
790
629
777
100
635
537
671
332
649
527
582
155
983
758
314
292
887
267
975
192
355
113
921
795
316
790
924
370
615
569
72
204
705
154
976
444
344
487
811
210
715
910
679
371
144
712
623
51
648
862
339
728
249
910
704
629
119
623
80
807
143
133
127
142
393
503
970
289
13
739
330
742
486
971
500
384
517
601
216
349
471
889
18
375
371
92
617
117
773
831
382
234
379
305
702
415
954
359
601
521
170
422
113
924
258
320
666
11
3
326
858
876
11
700
673
771
130
396
35
183
589
589
780
942
810
337
884
594
505
402
59
654
118
25
177
899
82
378
91
136
683
466
970
570
41
274
200
840
244
186
172
258
211
0
193
791
155
135
63
754
823
250
795
456
67
206
473
685
26
457
34
682
270
33
187
47
255
480
645
148
344
960
410
320
305
539
923
296
19
973
275
776
382
938
730
840
64
291
714
298
886
270
264
273
321
16
946
395
194
340
976
513
188
630
500
451
895
601
23
197
395
545
473
963
224
620
72
509
867
661
806
303
543
76
587
554
353
587
552
685
15
730
366
819
293
10
883
384
888
523
99
60
157
355
69
70
681
840
70
770
12
345
615
653
969
588
628
699
884
286
844
304
603
629
848
428
466
348
222
71
321
670
465
784
17
71
756
255
974
435
550
317
921
294
166
505
555
492
155
826
495
890
732
284
437
318
614
658
784
383
840
707
694
607
992
61
32
909
401
508
508
330
441
19
343
146
305
613
434
716
962
656
915
267
941
554
675
553
68
556
320
24
708
475
260
28
631
970
548
544
370
759
881
778
161
100
705
220
280
781
176
786
284
871
519
576
647
680
185
285
853
473
769
545
410
360
767
955
310
674
621
69
38
533
691
384
653
55
889
159
710
810
324
81
426
226
222
875
227
550
70
890
967
221
939
461
350
81
129
461
747
51
945
155
231
451
64
495
12
193
407
955
374
249
888
790
947
774
400
898
8
298
919
175
568
836
246
345
282
882
185
60
321
207
699
77
417
131
747
176
226
798
743
390
559
64
596
690
503
881
965
366
66
315
953
533
211
971
295
975
169
957
326
328
420
735
461
803
714
15
768
225
433
475
583
872
188
171
247
306
638
180
369
788
886
927
272
478
683
38
901
141
133
907
345
944
208
143
198
332
344
476
51
531
373
861
150
75
764
78
434
686
204
110
197
404
831
306
435
667
89
669
306
504
246
630
751
372
628
190
248
85
10
924
94
170
854
653
738
844
630
115
173
421
654
388
710
456
49
146
275
598
817
657
551
347
467
611
830
546
225
943
976
12
389
802
359
837
307
805
34
663
232
937
545
855
102
606
979
212
27
678
375
285
727
534
258
262
149
252
686
909
41
150
744
522
472
864
182
229
650
619
140
103
713
520
466
206
882
532
635
252
287
69
355
639
520
85
748
410
960
543
992
581
298
151
476
548
643
371
237
2
754
276
876
318
216
934
450
857
62
819
986
255
612
295
965
65
102
197
929
769
348
715
200
627
178
304
756
170
14
541
122
324
74
563
398
137
252
979
225
356
282
374
513
810
758
238
629
164
337
991
684
268
265
697
519
914
86
832
356
946
90
760
279
199
30
300
580
347
851
462
894
107
539
19
95
265
899
454
547
431
879
80
107
600
139
791
177
689
506
129
155
955
900
651
335
39
52
609
96
298
320
91
105
318
542
0
825
896
816
654
169
561
366
622
300
63
887
990
178
382
816
216
500
675
341
739
232
682
676
195
425
521
150
971
247
459
242
957
136
236
831
815
280
745
177
267
526
71
580
930
74
322
772
171
115
539
225
635
486
166
906
692
382
849
809
106
362
944
456
18
941
69
641
300
520
96
506
773
73
885
159
856
674
488
238
77
595
913
677
670
84
976
576
251
746
467
328
208
464
724
514
161
838
319
36
465
671
732
458
545
451
356
625
217
903
351
173
974
118
602
150
635
95
868
605
183
74
842
75
711
651
84
28
427
295
438
15
222
948
118
785
262
666
879
841
708
130
186
525
123
641
575
207
911
143
14
244
830
606
461
757
637
286
636
740
556
271
742
836
30
55
681
483
380
35
395
505
707
161
551
987
612
446
855
360
858
889
263
104
126
856
519
373
542
47
541
808
801
84
336
110
850
63
311
234
622
878
67
634
658
67
515
625
912
423
346
355
834
601
294
409
453
401
941
133
414
830
86
794
672
611
449
515
157
274
2
957
572
207
34
999
707
765
517
160
605
37
308
24
437
591
756
546
647
619
623
568
182
748
68
57
879
840
594
618
159
738
330
631
41
564
199
270
214
471
400
209
610
195
293
881
188
979
154
69
304
210
795
698
920
437
413
766
474
10
37
850
845
214
785
995
566
607
214
522
559
680
650
250
688
491
255
764
909
114
609
783
585
695
512
56
208
78
831
190
43
474
690
879
428
828
19
698
780
156
370
975
816
757
300
305
300
561
200
289
498
530
156
463
382
314
789
205
8
526
64
676
595
979
747
47
704
424
689
101
252
740
685
879
539
102
989
320
304
436
662
765
753
133
984
366
71
118
614
881
134
175
214
247
115
245
164
866
27
226
583
244
885
929
577
192
999
509
455
937
487
900
148
701
997
273
918
482
777
327
853
858
194
730
469
78
670
410
164
276
591
758
551
165
737
450
916
456
337
484
387
778
172
376
85
284
519
906
984
999
575
308
359
828
271
760
869
773
814
536
71
943
721
997
76
144
299
616
285
818
561
294
609
703
407
503
78
483
344
797
536
463
530
44
33
681
771
909
282
662
137
618
12
408
168
108
444
669
139
10
640
59
320
788
837
65
654
819
934
349
956
681
590
816
88
665
617
33
851
318
259
46
704
370
438
465
450
190
286
853
758
269
759
738
871
905
960
368
269
888
556
787
847
499
746
438
788
29
741
64
568
554
99
838
131
910
904
316
885
422
863
830
900
102
738
270
59
104
902
403
290
260
947
376
317
863
791
213
956
499
565
819
526
201
528
748
617
731
320
350
966
726
571
804
808
29
17
124
334
754
175
977
825
922
24
230
236
971
11
744
930
502
637
742
175
486
531
241
442
747
342
897
967
173
388
163
756
120
67
139
888
69
588
687
0
135
394
689
780
700
284
798
382
325
203
579
660
646
504
776
810
549
668
38
647
160
9
996
419
298
976
491
492
79
995
709
451
468
857
28
39
917
783
888
279
814
173
984
96
219
553
616
173
927
814
46
403
50
522
733
700
435
665
659
346
222
731
653
120
334
905
527
160
983
373
931
622
400
567
530
65
996
508
230
682
839
323
864
705
910
970
53
729
220
808
317
893
348
771
971
918
306
530
407
150
976
339
159
426
701
474
397
40
996
109
827
428
55
85
980
231
86
282
219
673
556
521
168
146
578
22
876
155
517
662
748
695
773
151
637
693
391
314
365
364
471
177
544
390
842
167
330
278
246
236
850
309
227
284
669
71
54
710
659
764
424
298
367
730
978
867
627
393
641
339
24
528
952
204
25
319
258
785
753
315
391
927
729
535
109
163
528
407
636
129
273
659
209
768
553
872
724
802
480
275
246
734
583
323
158
503
704
931
743
47
508
135
174
448
888
183
793
428
518
507
797
614
853
787
92
636
982
32
148
534
797
11
141
765
880
497
115
903
310
857
217
595
598
219
92
575
675
354
534
867
176
265
22
572
336
94
752
55
998
469
645
171
85
131
531
245
439
464
317
786
132
511
182
933
376
403
789
670
430
452
346
34
404
594
311
328
615
572
357
287
582
150
628
726
347
429
942
201
573
885
314
557
47
752
116
138
566
699
350
991
592
673
352
257
144
855
968
918
855
771
473
254
672
206
549
650
456
181
185
604
79
661
837
743
521
121
74
409
982
298
994
999
148
413
455
716
589
667
893
735
976
440
453
498
713
875
122
404
156
662
180
506
319
92
687
87
486
25
241
80
105
654
603
781
762
109
512
258
722
852
617
636
445
530
558
793
439
895
610
656
161
253
723
600
578
979
599
11
440
340
108
660
932
591
31
114
320
337
585
223
19
491
139
640
916
207
72
308
176
800
823
68
790
152
713
188
191
747
842
471
708
595
453
919
214
678
724
925
282
179
997
622
578
732
50
49
571
443
217
781
568
128
535
143
141
89
523
269
714
390
576
277
448
126
444
692
103
778
467
129
125
491
236
723
819
167
832
510
892
535
900
64
384
883
7
952
886
259
193
842
565
38
181
985
722
761
576
47
777
961
982
759
784
270
125
527
29
344
191
858
458
164
453
182
505
448
347
188
55
84
829
665
478
891
288
540
974
35
832
943
948
320
10
117
671
457
315
835
977
570
147
541
403
11
41
897
261
169
160
771
657
204
949
15
566
222
961
25
194
44
490
586
808
45
7
42
323
344
815
40
610
332
683
216
958
37
231
94
33
211
423
882
118
296
769
86
511
208
958
997
41
889
636
13
79
122
900
27
240
911
282
804
869
193
110
182
481
314
789
494
58
441
154
913
182
374
354
373
22
125
338
128
58
514
970
367
103
737
851
933
178
748
740
851
241
619
267
206
212
975
409
517
272
471
826
183
204
712
997
196
315
418
148
15
347
26
55
233
576
801
51
423
880
678
979
254
631
459
888
333
169
386
778
722
761
317
104
318
767
247
630
750
297
208
848
442
46
867
149
891
666
231
107
953
343
412
421
614
931
20
968
632
572
59
516
668
959
283
171
745
497
144
404
980
852
51
755
193
426
316
348
925
691
31
658
345
952
810
6
34
684
434
707
975
209
105
300
427
182
782
391
868
865
75
322
767
3
561
268
8
156
9
51
402
370
631
504
368
934
406
112
663
649
30
159
942
751
413
414
678
363
124
196
265
274
429
299
635
508
30
386
780
608
35
219
736
643
70
393
665
893
145
416
273
76
143
895
166
449
804
996
783
6
881
579
201
566
478
975
988
984
359
180
621
65
630
108
972
358
141
711
582
580
992
257
550
250
387
959
661
248
786
512
480
938
254
75
465
128
908
386
435
174
15
118
794
773
600
445
188
265
168
455
986
956
635
851
758
400
288
706
848
91
93
661
56
15
877
833
879
20
160
121
955
265
1
880
112
304
62
420
667
438
792
131
362
415
98
179
807
981
849
988
176
356
783
791
536
613
801
627
696
412
348
213
912
434
268
659
33
908
128
847
688
808
242
62
617
107
256
79
865
357
808
770
802
528
974
907
693
707
383
669
20
285
716
89
913
310
364
8
17
218
187
496
626
491
318
834
270
495
199
823
545
534
638
990
832
631
109
226
226
164
91
992
169
900
644
723
501
47
545
203
470
122
651
525
952
992
455
620
155
65
207
806
964
146
516
24
583
552
628
922
450
7
920
323
417
117
19
85
800
499
962
207
868
320
423
650
896
472
370
896
365
897
359
295
240
687
896
249
831
801
311
794
805
877
361
283
50
880
913
399
805
376
411
481
320
902
883
341
807
256
244
96
33
652
1
376
173
163
235
62
497
161
939
145
38
890
143
894
666
267
818
136
276
211
418
248
637
163
531
623
795
962
950
415
886
729
147
760
548
308
68
994
953
122
783
152
123
218
656
854
618
378
142
343
931
768
813
312
596
32
115
302
57
110
781
890
827
20
826
992
931
615
428
834
279
314
510
360
899
150
653
419
559
717
800
37
452
192
74
742
728
55
815
479
537
274
127
525
17
430
757
710
428
476
673
519
785
49
708
246
688
104
855
239
500
480
490
375
905
280
81
42
462
972
761
894
709
324
820
739
10
260
952
866
907
464
329
599
460
53
665
908
481
399
302
226
688
539
987
409
187
17
300
274
515
137
68
227
19
833
827
240
263
27
449
557
630
49
433
29
580
280
379
992
593
599
545
426
58
176
970
312
235
631
230
970
989
65
382
218
751
851
76
291
574
457
89
817
532
30
921
241
815
116
858
301
201
847
366
417
118
902
790
762
144
370
827
26
240
177
256
872
724
348
943
72
332
934
29
673
943
165
405
340
241
874
176
272
797
231
929
321
684
277
688
818
541
616
704
672
341
890
329
377
892
896
913
68
825
316
354
470
569
744
566
383
818
160
474
911
146
858
177
825
755
496
74
206
338
141
5
107
593
795
478
561
933
290
558
93
1
938
354
74
372
203
719
573
62
596
251
370
60
795
25
772
727
372
460
837
110
701
61
789
296
777
965
845
433
279
550
351
449
783
648
522
724
302
778
829
428
837
154
11
168
329
998
701
348
681
6
200
925
316
78
674
98
318
466
940
567
112
16
133
695
70
538
310
629
901
155
751
966
161
219
297
130
70
914
813
999
16
790
975
160
558
422
684
228
220
532
764
380
665
7
202
156
358
318
869
403
8
504
778
274
220
247
951
13
307
292
142
695
713
130
736
994
179
843
922
436
727
475
261
135
250
291
444
110
770
772
100
152
514
975
547
436
400
818
730
322
339
349
102
519
714
914
70
401
132
368
24
707
353
875
982
582
754
768
839
377
684
942
71
117
176
333
448
387
256
653
517
16
293
194
540
837
580
606
516
964
905
725
861
501
46
35
492
751
458
620
475
451
760
470
505
80
807
134
298
420
843
349
243
265
706
401
73
482
242
331
535
288
721
607
887
643
701
207
113
236
176
648
543
246
555
179
229
580
414
212
186
21
999
61
920
395
457
221
224
492
542
99
528
643
220
40
876
560
122
960
993
847
69
326
926
984
294
645
528
744
474
683
872
786
576
115
949
593
145
746
94
520
290
86
96
143
903
182
619
689
487
9
263
380
483
298
925
869
26
157
680
692
441
57
90
60
38
68
403
202
156
915
827
183
804
842
344
516
800
98
319
562
138
7
65
21
232
147
240
259
360
332
899
260
18
641
95
579
594
488
974
835
707
565
797
290
265
188
527
790
680
603
294
791
453
969
700
35
969
507
915
110
72
433
64
38
369
53
279
132
215
311
104
946
905
239
322
114
810
501
650
325
15
588
363
637
149
680
647
611
484
147
911
649
91
564
897
883
525
954
539
277
172
607
313
8
474
832
912
70
568
765
687
104
178
45
768
170
198
296
393
18
96
759
525
916
563
797
231
43
992
1
976
211
407
491
492
118
930
781
797
779
130
855
61
467
115
697
560
377
278
243
116
383
572
153
525
384
790
168
752
673
463
503
447
526
863
221
662
313
199
315
141
775
983
363
115
578
58
258
696
208
421
172
750
681
772
437
361
91
799
876
51
392
596
938
80
619
160
547
648
756
384
974
488
779
232
513
191
801
93
76
765
295
132
940
94
719
813
585
543
242
724
286
364
84
37
999
707
984
895
783
869
494
636
164
207
863
724
712
91
818
180
448
955
973
93
87
669
148
966
165
214
101
420
70
542
294
584
109
534
48
351
415
528
529
726
445
167
660
103
430
787
170
63
618
149
44
103
415
245
557
471
725
395
524
943
819
590
