876
24
732
662
979
438
521
373
822
953
198
283
230
37
555
596
844
814
26
243
110
672
767
999
569
243
171
963
404
30
822
702
460
577
795
685
245
406
503
4
852
30
495
790
3
11
906
808
12
401
392
503
140
825
902
279
289
883
423
959
409
937
37
734
314
869
223
500
752
223
465
155
175
332
355
578
66
68
493
487
448
22
625
543
2
764
838
93
484
415
812
504
667
450
935
385
560
730
211
373
984
496
507
94
580
347
872
51
970
19
250
19
186
620
734
356
742
521
337
184
753
69
530
388
577
20
702
304
707
514
26
67
271
645
946
274
349
285
908
428
825
951
129
601
404
374
486
552
754
18
0
716
680
63
554
229
515
47
154
878
851
478
984
710
417
956
727
402
248
895
744
226
313
380
710
144
879
249
756
888
99
123
941
962
583
417
235
104
585
407
283
201
470
319
193
433
112
18
571
194
460
912
207
453
159
161
639
192
194
937
772
735
985
699
367
932
839
923
787
74
833
716
660
856
167
715
565
469
239
987
968
821
54
673
221
384
486
999
3
655
621
231
168
628
61
157
646
875
653
17
556
570
198
670
91
996
668
487
422
367
743
893
594
678
614
833
890
575
372
635
18
532
466
933
246
66
359
88
654
265
926
801
448
515
262
208
261
248
295
67
960
49
584
807
366
573
457
786
127
492
274
509
786
248
588
600
104
328
532
71
904
388
629
999
994
722
841
107
192
130
481
529
455
821
916
617
627
555
722
574
929
576
849
876
374
12
360
173
460
474
353
701
551
456
474
315
77
349
115
977
935
468
571
214
302
380
122
56
48
500
774
741
440
165
209
211
771
210
33
199
667
616
321
798
744
651
273
970
600
1
590
817
3
947
992
590
150
0
752
361
626
26
845
125
947
355
463
6
298
370
868
700
844
603
50
556
636
398
5
93
944
522
458
844
539
312
284
19
984
468
841
704
827
255
904
325
393
24
943
705
757
547
943
293
137
997
481
350
484
675
959
17
684
920
99
575
912
797
59
260
313
803
64
924
542
297
305
530
14
892
329
391
882
777
1
704
253
401
925
523
668
428
500
826
400
207
391
90
933
585
523
122
429
225
610
848
608
531
193
808
253
254
81
780
553
144
703
589
917
431
312
777
317
148
517
143
121
608
551
187
771
398
10
338
792
657
21
275
951
738
815
31
315
115
18
118
372
837
113
126
13
315
261
862
601
535
523
974
420
4
868
693
63
340
392
578
253
595
409
348
693
166
128
549
50
356
546
746
137
633
198
457
336
807
50
606
671
688
21
205
43
202
256
140
899
3
881
846
533
144
111
634
79
386
309
8
51
558
222
144
946
138
994
413
800
172
583
786
484
324
898
532
245
651
280
259
835
280
78
600
983
192
404
35
342
709
125
709
408
252
973
737
728
764
355
949
92
283
121
637
46
51
302
335
796
988
362
330
486
952
320
502
267
285
870
74
270
578
272
531
179
788
4
377
2
779
73
20
159
29
742
747
740
649
831
60
304
449
337
843
350
863
695
666
60
104
131
996
70
924
73
2
736
384
546
941
504
696
827
265
226
16
879
456
410
807
607
594
119
29
649
637
165
876
278
511
653
832
418
94
666
520
844
40
885
883
746
717
60
32
820
641
656
260
721
37
367
748
774
34
232
348
84
259
494
183
341
71
365
562
362
362
512
306
309
956
340
76
764
132
3
418
9
997
992
793
989
280
577
996
965
271
340
357
589
917
930
767
320
293
672
477
69
156
519
480
738
26
383
5
776
720
270
902
145
84
536
4
515
188
433
449
191
671
925
988
850
473
528
436
142
848
635
567
506
980
97
190
225
942
398
370
857
207
199
293
539
522
15
720
800
270
286
554
711
416
536
248
762
671
263
615
106
482
317
66
608
473
470
432
442
806
528
454
823
670
107
4
146
679
452
149
396
657
402
806
341
783
945
253
385
193
142
676
28
250
521
241
501
583
407
643
721
147
431
41
35
171
3
614
452
676
119
736
883
293
875
30
57
488
349
434
486
74
866
754
128
499
819
656
993
157
435
738
852
232
448
783
285
88
566
771
66
63
768
482
103
162
816
885
554
952
721
637
138
66
434
855
188
610
222
952
836
912
659
444
33
499
669
717
300
59
673
222
753
539
462
469
3
132
352
403
501
604
598
577
546
42
184
569
773
905
827
999
438
8
412
669
914
979
171
0
138
705
797
990
464
183
655
632
409
38
417
117
379
386
820
673
279
971
861
373
64
898
273
224
565
998
771
632
332
166
575
961
934
658
638
592
955
886
261
818
21
494
247
450
14
599
3
282
73
508
538
899
683
554
8
52
695
330
925
19
428
97
445
132
196
739
708
874
96
128
401
407
227
559
238
27
541
363
169
117
848
834
40
312
681
171
403
275
294
332
321
557
309
512
360
341
117
269
92
396
570
856
317
866
874
704
8
32
187
640
14
723
348
553
412
652
200
537
398
961
950
468
189
280
807
490
515
226
63
21
661
178
323
870
98
509
62
697
241
317
48
123
883
223
784
834
603
118
855
180
475
152
339
3
72
167
918
623
169
628
224
5
632
797
531
876
888
592
392
651
37
889
732
147
897
304
413
876
374
96
515
267
897
608
123
340
177
263
215
752
108
844
150
780
333
945
545
618
255
351
113
3
345
179
403
394
197
575
196
419
658
976
936
393
727
347
128
495
559
668
591
270
161
490
807
287
485
41
15
90
289
693
65
804
960
282
139
628
614
243
271
986
735
569
758
282
355
199
3
929
500
298
517
872
515
663
896
160
485
714
441
239
719
520
816
112
418
618
146
244
531
899
821
492
412
739
822
129
21
444
193
95
419
481
830
125
560
944
385
663
237
222
922
125
424
16
541
904
878
834
93
251
494
601
905
530
403
723
978
232
771
595
984
204
151
271
243
535
320
41
242
423
558
699
280
522
115
79
3
580
393
570
982
685
136
375
727
252
4
126
837
294
295
7
228
25
25
381
72
462
139
294
163
382
180
198
588
115
677
134
969
140
541
26
897
654
297
296
180
789
804
784
250
175
728
468
659
658
198
725
762
652
79
79
751
132
68
823
662
825
823
426
295
15
20
932
323
481
842
642
836
528
303
769
663
761
206
40
773
105
319
347
395
191
771
70
173
862
577
350
236
969
5
656
476
890
782
5
119
835
614
108
11
487
779
404
345
260
737
67
653
660
114
224
362
131
563
13
467
513
219
498
126
635
15
116
374
22
998
840
40
190
680
477
724
862
207
236
225
620
622
966
395
547
646
804
332
33
737
381
227
702
319
127
500
734
796
30
689
452
132
209
924
659
323
463
827
780
747
352
266
322
119
78
145
399
86
33
47
8
975
975
168
992
601
53
664
95
417
168
73
918
222
518
475
883
78
534
537
300
933
307
586
735
179
859
804
291
515
174
358
308
904
526
681
367
546
547
677
378
673
318
677
611
259
195
383
504
368
990
915
15
276
545
288
150
818
182
202
530
272
509
920
855
316
175
855
858
138
471
493
792
41
22
762
129
999
846
765
926
112
583
93
42
499
101
476
809
290
706
714
736
743
139
357
555
260
426
390
959
204
808
167
539
176
643
218
84
592
992
672
421
951
954
287
385
264
697
439
455
696
448
574
375
472
304
334
956
830
746
646
534
44
180
415
59
58
60
805
642
372
477
385
246
653
768
96
929
163
456
874
359
651
888
502
717
654
199
254
903
393
317
491
411
356
926
49
479
118
774
996
585
85
0
844
338
210
50
191
87
64
561
296
333
407
50
785
177
716
296
454
236
172
345
987
960
522
846
20
538
631
55
742
55
194
629
412
750
198
233
3
238
791
481
276
783
575
33
298
367
675
127
110
211
584
406
456
537
504
916
112
38
989
229
872
584
407
660
42
370
476
231
391
680
520
3
238
651
739
377
206
975
377
455
713
337
614
535
495
101
605
397
541
729
756
979
879
467
367
930
2
936
383
746
403
848
280
835
574
540
799
271
459
230
794
4
773
220
624
165
382
148
637
297
697
676
598
193
232
287
576
766
221
26
965
46
234
662
26
907
504
561
848
979
551
150
572
905
856
513
826
351
477
370
26
49
736
205
151
451
15
35
257
3
87
660
630
361
529
491
37
48
927
228
745
326
274
14
790
725
626
681
869
409
240
94
429
311
714
104
357
852
966
218
656
605
459
839
701
247
190
61
981
543
56
47
153
505
727
859
372
282
51
250
406
401
332
891
680
22
184
757
152
702
828
279
414
974
356
923
154
384
45
220
369
397
850
935
382
5
51
495
923
69
10
493
15
20
26
717
429
165
977
489
734
118
199
13
754
319
10
388
769
993
346
504
652
988
651
493
306
957
766
880
253
999
189
604
360
456
767
373
397
795
933
646
566
440
754
672
486
341
580
264
772
368
108
21
243
445
41
403
858
42
597
464
865
84
539
478
398
973
995
116
469
976
132
187
781
647
204
827
275
410
431
192
782
51
466
822
0
284
141
846
987
31
366
61
745
59
505
498
53
585
651
795
677
822
330
122
759
539
579
319
157
529
329
493
492
179
145
652
78
750
446
338
142
357
477
9
810
566
349
730
665
513
24
293
117
15
242
889
941
136
240
354
858
486
35
622
671
994
99
119
156
801
239
5
26
772
112
954
161
775
968
148
102
167
459
70
279
182
292
52
307
31
633
49
943
45
678
547
289
69
317
75
19
369
437
5
717
551
141
368
15
479
883
421
608
988
961
821
166
893
643
508
635
355
491
655
479
73
818
325
324
461
291
32
701
221
206
526
310
579
851
500
220
74
450
20
392
278
187
606
883
495
692
916
65
479
204
530
181
449
461
596
68
62
111
106
517
690
596
724
789
468
519
794
3
584
307
174
899
848
851
400
298
501
188
778
426
450
303
159
830
35
9
0
975
822
557
305
651
797
62
3
715
896
399
395
628
45
888
440
765
682
797
366
60
662
258
1
118
430
150
825
145
572
572
182
53
272
138
428
982
920
698
655
639
403
424
73
850
91
74
172
60
116
487
305
758
295
737
624
566
360
303
186
7
101
242
474
950
281
803
590
712
600
720
982
774
407
821
702
85
665
937
219
571
842
210
688
586
428
194
598
224
461
142
657
604
32
56
166
398
510
330
45
505
25
634
646
876
14
601
515
343
601
431
100
893
189
217
170
798
465
923
254
259
579
281
767
172
666
941
199
238
40
738
69
419
391
303
613
166
773
969
170
166
379
605
153
580
260
312
331
60
93
621
66
688
21
724
163
910
155
338
13
528
949
746
634
429
173
112
998
338
580
220
772
813
837
625
14
277
522
861
379
728
735
417
0
199
754
25
969
496
156
631
9
8
80
147
217
65
603
476
177
46
325
95
72
818
571
912
519
580
405
18
0
120
220
813
625
475
168
394
552
626
975
481
340
465
484
11
950
136
405
105
142
769
41
369
101
273
127
46
14
404
549
211
307
981
980
612
218
38
408
443
723
588
872
748
843
108
969
335
178
324
488
707
73
770
636
298
972
0
359
428
759
660
106
91
858
236
925
572
663
1
453
3
807
458
594
410
303
596
779
99
86
804
25
137
197
20
584
19
348
118
719
100
778
260
623
955
308
442
147
53
0
717
693
722
22
188
157
789
661
1
397
820
90
686
140
565
243
244
743
784
377
404
453
196
164
163
339
4
2
328
793
795
439
246
610
804
234
997
726
611
123
734
67
43
128
774
474
451
246
700
518
837
183
299
925
385
764
12
635
700
722
32
854
633
746
206
614
329
7
256
14
342
238
382
347
971
118
2
938
393
19
776
135
190
401
918
497
698
505
16
309
179
21
801
110
569
42
37
748
134
10
295
4
234
953
0
418
111
900
724
367
965
90
61
374
441
124
185
241
555
193
450
178
751
563
814
486
743
221
704
769
38
85
749
174
215
737
191
696
570
273
62
203
108
965
183
138
65
689
331
396
112
232
865
91
754
653
155
655
879
951
422
971
813
189
808
135
226
302
987
739
733
12
273
345
46
595
20
979
539
498
467
743
133
978
917
34
256
87
321
962
457
645
680
544
808
952
47
603
719
647
673
903
950
775
121
776
601
797
281
671
840
433
65
356
619
602
291
15
9
711
238
365
132
988
805
876
344
756
929
66
307
220
992
31
63
471
48
184
838
576
767
200
527
0
495
816
14
36
420
112
420
348
491
781
418
935
120
519
516
945
892
300
127
3
689
960
262
977
946
585
267
606
541
515
15
388
445
842
741
726
875
610
708
554
732
439
920
634
839
438
60
863
14
373
21
657
148
527
144
497
515
38
715
18
117
792
904
23
261
356
822
394
231
46
595
310
739
799
45
740
605
194
160
954
553
769
386
18
606
424
949
570
432
334
141
561
494
428
489
877
143
218
955
868
631
954
344
55
566
308
328
117
472
429
669
130
185
636
844
585
92
362
745
172
148
203
19
265
320
216
310
879
327
764
755
507
760
9
318
953
11
232
989
238
618
643
21
45
580
384
404
386
415
823
37
754
989
152
255
115
983
24
978
16
195
318
900
701
698
180
64
249
357
5
72
794
33
196
586
92
708
4
319
433
130
100
943
19
575
923
111
476
511
829
20
221
93
935
616
426
957
35
464
610
491
816
93
412
907
190
581
204
145
300
773
795
466
239
156
557
345
82
885
973
19
868
452
198
52
830
278
327
102
897
365
420
330
808
542
242
431
138
963
610
883
738
894
79
595
912
908
859
180
24
11
587
83
64
33
75
298
777
32
141
950
118
470
586
657
943
925
389
747
593
664
615
458
926
724
47
528
596
894
921
943
113
441
66
741
170
20
602
152
665
351
952
904
353
895
840
893
431
216
115
808
704
827
397
933
607
156
116
817
840
626
404
676
109
730
295
844
589
534
913
272
502
205
219
879
45
842
133
265
91
276
970
836
874
531
550
3
410
136
58
449
270
192
519
10
282
8
278
65
569
625
636
250
665
558
530
450
710
541
170
796
461
203
402
122
593
452
868
155
572
60
802
637
42
451
221
664
221
129
45
475
708
290
578
955
107
280
988
114
356
686
620
634
302
700
659
680
705
428
285
863
909
32
484
121
670
89
899
192
955
340
664
534
435
365
668
692
971
790
89
699
135
448
789
71
952
434
524
855
344
86
383
5
887
563
772
965
553
504
8
948
119
658
13
344
38
313
508
106
630
641
405
29
156
645
435
0
916
548
338
762
491
756
589
780
281
664
110
782
45
702
665
976
33
373
938
209
85
283
331
890
879
714
923
12
787
746
583
251
63
960
559
561
211
591
387
984
887
437
538
2
617
886
828
441
933
711
351
927
736
770
741
718
378
288
653
772
145
777
167
245
515
530
916
640
175
385
508
35
213
444
265
739
801
956
455
434
395
619
892
989
801
707
357
83
341
136
4
675
5
65
360
742
909
61
592
641
190
19
665
367
857
94
352
809
108
239
980
331
116
328
288
188
968
309
571
944
3
432
589
198
671
378
267
879
794
7
416
871
396
630
882
290
235
755
27
285
808
791
494
5
577
185
951
440
30
446
285
63
632
870
269
336
60
567
871
299
894
559
695
281
174
567
86
703
480
708
375
568
339
521
438
226
2
595
46
604
925
29
132
639
548
393
61
634
398
380
493
230
278
840
661
252
362
532
340
367
498
4
102
698
102
126
815
391
501
286
1
793
376
6
19
951
901
946
109
690
221
570
325
40
576
683
52
583
122
318
759
278
240
575
149
719
57
301
8
795
620
41
176
874
494
375
813
523
330
325
394
74
680
941
87
97
419
862
522
618
611
55
861
474
319
686
650
65
135
791
544
57
221
308
662
102
434
959
326
379
517
768
893
398
348
419
541
688
241
26
453
91
921
710
743
416
17
775
613
409
38
643
835
288
790
14
170
393
647
124
592
442
125
372
187
471
551
710
839
208
417
749
578
486
924
127
4
386
0
52
626
758
261
335
722
419
857
642
717
221
704
752
654
447
551
887
465
903
565
585
814
165
849
573
917
64
173
943
132
891
921
586
69
716
186
45
687
945
109
973
154
754
995
980
213
235
628
59
198
421
290
809
311
880
83
596
515
760
39
784
865
603
323
937
553
781
588
4
745
410
508
767
92
654
225
448
781
342
870
598
104
819
92
259
397
465
638
560
776
643
317
553
824
87
514
991
314
882
113
761
888
892
881
921
902
5
51
70
825
630
757
60
447
301
118
376
156
19
211
617
12
845
445
974
8
704
133
77
471
25
858
139
907
418
648
794
276
983
499
107
933
24
0
948
201
551
998
685
126
12
511
886
427
215
856
952
48
848
622
74
576
283
901
29
631
848
735
332
912
795
4
431
392
431
595
517
66
270
401
938
869
907
902
507
512
382
855
837
511
248
251
943
645
267
427
724
939
860
117
578
555
486
234
932
262
83
11
364
522
342
809
30
541
771
448
419
426
997
367
742
204
91
944
512
753
398
3
117
631
319
600
670
728
532
953
259
545
138
242
951
172
488
619
392
753
103
847
979
395
481
904
64
29
6
893
932
256
142
890
632
175
164
6
123
357
122
712
178
871
436
3
515
500
630
794
27
756
45
55
667
684
808
516
320
272
0
204
320
360
164
534
377
284
814
189
366
86
720
46
701
295
942
830
334
840
350
328
317
337
10
684
139
509
721
588
931
994
394
906
420
196
478
656
531
92
92
434
33
487
567
508
179
168
915
454
813
280
288
2
932
266
111
607
349
848
389
460
443
922
62
572
6
388
370
380
133
1
504
852
570
673
689
326
427
139
292
589
99
400
393
753
551
636
647
206
129
8
138
615
386
441
453
801
515
68
707
752
805
248
519
161
329
577
428
100
867
282
20
689
926
611
332
41
376
726
204
788
740
67
481
10
186
241
271
534
76
805
159
214
579
819
964
413
85
39
649
108
790
79
73
896
606
605
481
944
962
652
971
26
88
402
589
243
11
498
742
545
772
961
581
890
128
715
524
257
828
921
996
747
989
896
450
380
802
172
286
133
584
650
704
77
21
307
927
30
252
115
354
929
293
747
288
4
195
504
633
961
126
725
105
359
813
353
503
409
775
796
899
239
684
826
231
19
955
849
487
864
140
685
123
760
19
293
600
978
596
717
184
121
40
821
258
919
282
631
13
110
328
816
970
453
547
841
696
850
440
110
528
285
850
9
748
479
223
748
212
211
868
178
335
766
415
780
434
510
156
690
859
250
225
417
721
22
543
389
139
845
648
226
208
810
707
835
337
644
185
263
555
425
143
151
566
742
257
415
962
64
323
550
806
630
252
850
312
245
954
665
698
816
86
142
749
0
997
166
938
579
98
673
768
804
320
480
411
525
601
226
81
32
160
773
323
831
328
19
309
976
0
23
50
473
0
506
877
58
669
720
985
505
866
10
623
401
911
550
211
976
626
459
883
616
344
38
647
823
606
150
956
420
934
238
14
367
516
73
772
965
630
215
366
77
329
629
501
65
28
674
869
10
492
689
886
238
58
106
809
950
398
262
65
883
830
287
30
455
100
788
406
432
22
777
393
429
865
173
157
90
165
773
789
768
855
377
58
707
866
937
800
583
251
978
869
538
439
199
804
659
173
462
270
76
77
767
936
934
681
789
133
662
662
582
49
211
92
580
936
923
443
71
972
284
809
747
509
129
492
784
877
359
891
634
922
467
372
179
599
284
782
637
873
76
897
849
758
602
701
822
919
724
923
495
346
720
737
517
379
786
184
225
230
848
372
1
421
778
197
98
579
345
652
874
215
196
624
364
940
434
454
983
757
77
33
373
32
534
486
698
746
324
645
770
969
862
83
213
640
387
133
189
894
274
41
432
526
436
336
795
834
745
690
826
833
394
565
339
200
701
691
27
516
746
382
439
758
19
852
4
230
283
445
441
151
675
219
111
790
309
437
590
630
101
148
684
773
546
652
379
525
379
813
451
434
152
683
509
974
967
33
144
415
614
764
381
328
32
686
151
363
343
725
97
524
172
96
707
650
997
70
447
20
388
899
279
193
45
688
669
138
705
937
603
278
412
761
262
839
67
190
92
544
183
207
802
273
409
460
730
795
186
290
945
548
440
135
471
358
472
0
424
656
533
105
522
101
603
711
384
624
546
266
615
896
182
734
720
33
913
924
132
971
605
530
33
835
525
421
81
120
766
449
15
570
173
913
337
853
911
804
275
990
322
687
533
861
373
53
109
222
767
288
43
105
716
950
629
299
886
658
384
361
165
630
544
578
539
894
641
710
707
504
275
384
662
681
576
333
943
79
527
654
162
487
195
660
452
430
634
186
24
763
824
11
870
588
786
653
667
821
473
810
197
905
841
555
609
407
938
993
414
268
271
160
526
63
571
51
870
4
821
29
576
812
611
621
216
666
2
115
261
41
861
283
700
776
824
595
511
955
551
11
962
416
329
267
585
214
883
31
663
107
565
470
441
687
93
822
533
545
417
423
797
535
358
4
869
418
273
235
103
717
823
650
558
30
56
584
842
514
177
986
308
428
184
311
389
990
32
328
492
175
549
865
2
980
893
11
539
494
683
972
383
55
499
375
971
232
542
254
70
4
197
625
607
384
316
747
406
960
852
370
123
270
309
151
579
995
20
788
809
856
521
775
704
148
296
939
503
32
622
505
300
67
363
351
905
208
126
533
65
255
469
873
403
455
385
636
49
64
258
0
998
569
93
342
512
546
753
913
38
32
866
841
750
16
242
114
90
692
343
735
433
724
661
897
522
619
286
377
575
824
658
587
354
881
341
24
831
56
494
393
842
29
783
82
3
232
583
798
514
186
716
261
304
234
288
883
351
377
0
4
63
972
26
376
280
407
379
169
774
42
519
122
293
477
776
31
605
786
61
866
166
160
910
449
3
651
633
554
439
105
452
699
630
979
502
283
443
218
173
651
196
132
749
347
557
687
436
465
74
646
265
185
63
354
946
719
443
508
632
22
227
973
467
385
711
383
907
683
4
446
82
657
756
821
974
808
814
288
47
760
720
593
11
957
411
940
987
27
681
925
281
223
61
640
208
607
551
299
585
918
548
325
564
913
954
695
279
628
462
595
956
955
903
164
164
517
931
860
536
777
9
799
263
282
757
944
331
115
56
87
275
326
381
758
446
606
618
648
364
840
670
154
581
165
890
268
658
290
295
825
230
267
344
281
280
99
204
797
695
619
592
114
682
918
143
639
247
67
460
453
299
199
737
969
539
753
131
158
1
326
160
23
74
112
262
228
355
110
921
564
591
813
628
637
880
610
868
711
736
159
8
576
639
731
104
924
890
139
318
341
499
420
67
491
739
179
174
193
4
841
490
194
687
650
45
76
182
500
129
67
686
81
631
795
242
15
443
320
589
682
99
23
568
250
653
129
263
474
853
649
970
15
110
442
595
323
200
227
196
538
562
488
321
553
304
858
943
770
18
387
276
2
651
854
261
255
110
176
395
14
798
243
77
298
588
946
326
855
510
518
72
562
343
317
741
345
599
215
969
522
170
490
176
600
265
575
710
283
9
545
114
22
50
742
300
288
16
12
762
475
508
237
795
662
4
370
947
274
30
722
54
111
231
295
481
288
478
332
211
790
1
948
892
37
201
896
98
33
642
989
708
219
642
91
453
694
41
133
109
107
844
859
298
579
219
535
720
254
827
700
22
147
516
122
545
769
187
82
138
343
459
201
0
898
44
258
185
215
945
59
715
496
483
300
761
371
100
780
218
908
380
15
275
507
321
884
666
496
726
720
248
555
888
331
510
251
177
180
403
63
861
26
149
163
626
87
244
193
478
528
677
965
628
464
984
668
421
565
211
326
359
602
391
310
493
951
891
931
968
510
949
510
205
896
70
955
825
526
828
868
153
508
507
3
125
961
992
918
553
703
850
344
665
566
874
975
33
652
572
950
182
277
50
388
221
44
890
947
202
756
732
612
265
923
14
148
134
322
437
20
918
959
342
730
814
810
243
925
265
72
494
725
39
578
307
971
922
24
576
863
149
597
989
501
62
249
661
557
785
310
108
217
361
619
153
76
483
661
738
70
97
157
694
588
326
663
518
720
192
824
896
2
745
601
743
851
800
380
602
367
495
456
774
659
202
984
280
771
298
860
602
286
41
615
244
28
353
371
238
615
795
740
188
463
208
388
164
767
865
829
109
387
307
651
135
278
904
328
461
638
208
45
403
1
631
649
279
834
704
887
340
572
627
434
557
594
737
35
790
454
890
308
710
15
369
362
103
970
887
167
117
742
228
200
470
343
109
27
515
107
345
302
124
110
115
145
172
444
505
54
212
399
258
347
374
222
613
680
63
402
191
452
698
4
91
84
957
629
683
472
710
3
851
109
274
814
240
4
272
642
210
30
708
491
185
259
678
10
796
760
789
451
111
647
297
849
451
933
614
86
15
739
647
215
692
31
509
294
47
728
586
45
578
281
417
0
240
61
557
125
105
944
983
107
168
873
564
457
991
793
4
263
538
998
483
55
89
790
307
107
424
404
752
321
651
701
835
774
360
787
916
141
699
793
321
260
566
922
8
365
393
751
7
966
793
265
640
702
61
48
4
63
734
76
140
381
817
398
893
104
151
366
57
436
775
534
214
16
998
344
32
59
45
3
560
679
878
310
278
870
675
275
831
818
699
704
911
463
763
678
909
882
740
319
174
208
238
669
366
179
873
964
190
473
377
755
5
924
575
89
11
180
370
222
16
660
419
107
275
755
766
270
435
781
193
710
593
764
170
635
849
797
58
557
687
203
487
707
330
12
642
93
73
759
102
800
158
25
203
343
304
154
573
123
810
303
359
845
356
675
442
381
646
187
931
751
360
786
541
792
324
624
356
447
287
269
752
53
831
479
499
252
536
894
439
569
480
665
925
783
158
777
213
239
20
286
200
180
757
523
413
1
982
10
959
21
43
275
981
433
912
231
12
12
768
134
90
796
769
134
993
107
326
759
3
624
607
967
400
440
725
986
709
947
392
996
20
314
12
400
968
967
203
790
106
909
388
616
32
884
321
79
721
478
429
252
46
925
42
805
36
552
186
804
561
873
196
103
887
59
857
951
445
33
919
96
547
741
317
862
520
54
511
578
523
515
251
126
34
936
114
832
180
505
583
64
304
203
136
692
562
19
118
465
552
665
98
909
997
839
107
591
732
62
622
540
958
151
714
970
619
629
943
818
676
843
750
532
68
746
840
708
32
648
409
305
245
515
918
985
247
332
469
834
572
376
247
841
236
210
738
848
254
43
304
613
831
105
875
247
359
820
3
236
651
28
477
498
986
890
908
601
391
429
875
940
294
547
509
932
690
463
325
575
2
552
915
542
195
978
893
832
883
35
457
233
50
854
57
225
687
686
552
539
491
659
722
61
220
874
161
590
474
29
787
279
621
919
838
312
0
688
288
987
713
532
154
541
437
98
205
347
492
742
402
532
842
243
46
748
289
987
462
268
304
737
11
173
226
467
287
989
835
41
612
678
618
203
111
149
952
907
932
460
188
573
36
839
576
727
91
387
386
55
73
64
531
558
580
906
568
744
756
331
899
829
635
196
405
165
58
835
542
476
454
126
997
297
224
783
734
322
431
368
4
457
952
785
118
155
869
207
750
226
118
747
771
925
920
837
874
332
954
801
166
256
247
578
149
167
372
914
233
165
73
528
599
201
302
453
595
313
104
568
328
316
784
543
215
801
439
128
167
266
866
621
0
100
211
399
147
55
32
405
881
835
65
606
94
445
302
589
818
936
5
435
551
830
403
902
200
962
71
704
918
851
536
367
177
22
663
344
302
45
179
24
10
195
557
344
762
257
182
649
155
989
318
5
510
1
113
415
339
329
175
34
747
209
203
247
669
454
976
375
422
891
292
487
602
465
241
952
971
684
227
50
863
100
57
73
164
645
144
143
483
36
943
616
816
550
965
975
83
469
928
953
221
253
55
88
196
251
240
246
49
884
232
141
638
858
416
4
300
168
90
136
79
875
716
233
7
163
31
557
459
356
145
886
712
205
702
778
748
967
305
209
921
938
207
122
279
902
466
968
562
991
156
905
65
931
256
370
410
588
663
521
113
754
319
541
314
16
726
68
152
245
22
96
764
318
315
414
896
567
848
597
140
14
776
397
228
269
186
460
385
395
930
226
147
947
922
831
12
410
317
119
286
491
44
82
592
61
434
650
377
466
989
595
156
911
577
518
562
618
179
143
417
764
505
704
775
127
472
872
178
707
147
940
148
145
813
771
426
102
719
84
11
680
226
580
142
534
0
598
316
251
386
285
151
364
981
655
587
440
390
974
170
697
65
911
722
897
201
779
790
233
626
112
619
668
349
586
743
99
106
259
853
805
790
585
136
3
221
475
207
3
338
100
903
715
594
854
882
548
490
262
385
411
378
108
554
450
582
172
275
727
985
361
396
937
278
676
743
28
384
310
197
976
334
544
747
516
641
94
920
75
659
408
374
570
507
974
255
548
937
295
940
600
575
53
255
966
67
727
164
74
183
483
524
0
375
534
296
771
315
897
978
823
34
182
595
813
101
678
326
339
499
460
559
424
572
640
123
18
28
426
606
91
175
411
437
696
756
68
284
790
618
22
760
950
904
323
166
352
37
763
154
331
6
331
427
516
711
315
204
21
311
852
930
15
299
617
464
516
943
191
8
38
859
581
933
916
748
17
164
638
935
757
291
855
22
135
539
582
439
955
212
10
655
0
77
521
4
988
539
511
7
736
854
514
495
110
248
592
374
343
440
939
419
19
946
401
5
736
320
242
387
681
530
960
483
638
608
727
457
100
676
504
223
456
520
353
553
78
155
633
352
811
552
260
866
395
689
378
32
515
264
298
313
136
913
18
550
46
116
343
65
803
531
1
358
11
718
363
551
19
687
279
127
577
871
27
89
404
160
8
112
545
931
970
271
620
928
237
206
309
61
984
3
804
627
859
102
52
62
417
206
46
388
685
176
9
293
933
504
491
33
58
20
463
615
713
759
3
96
924
86
705
733
994
237
800
821
785
128
484
383
246
433
23
591
836
734
767
410
943
462
439
749
554
837
32
888
350
528
157
222
38
259
568
857
713
192
711
226
73
939
327
772
841
570
975
407
131
734
615
669
63
865
429
48
660
213
104
139
58
433
448
200
320
250
65
745
255
952
945
993
316
38
593
856
939
233
532
665
668
110
163
0
510
524
283
101
296
170
765
320
15
382
871
119
835
650
530
8
295
395
839
571
62
233
271
789
803
26
41
356
240
436
482
38
722
610
903
367
188
90
541
455
461
678
238
529
809
898
80
71
306
86
12
451
636
185
328
45
467
897
941
199
359
984
68
74
0
335
874
37
528
886
298
57
74
381
384
973
3
944
993
84
245
42
234
903
699
814
61
874
979
857
382
45
168
267
961
5
269
520
627
758
13
509
852
650
11
87
885
4
823
722
155
378
686
192
52
785
119
929
531
691
516
719
89
923
798
814
24
728
179
888
107
14
612
469
21
955
644
112
492
292
168
319
449
117
753
516
934
786
650
850
813
3
20
865
666
837
589
844
86
652
196
985
942
450
646
119
193
971
170
343
724
165
880
12
782
315
148
357
3
520
630
421
93
99
1
974
467
420
462
582
980
273
475
878
807
540
824
663
699
684
3
912
459
5
436
911
971
16
460
261
627
38
293
696
463
424
523
274
842
167
11
537
155
418
980
778
185
529
302
156
519
713
346
212
182
632
329
221
607
271
565
104
762
80
45
777
743
99
345
675
3
105
562
533
339
404
977
166
617
395
982
55
244
821
888
271
215
559
4
421
442
70
953
667
647
297
144
678
467
932
462
561
45
686
100
548
657
380
300
446
976
289
624
239
435
541
940
161
139
617
590
372
57
827
77
156
246
503
184
16
767
551
877
657
242
361
512
420
846
63
245
675
71
379
979
804
932
78
901
262
482
861
482
262
424
344
671
536
767
269
186
983
76
654
866
676
815
7
530
215
484
334
627
192
507
784
329
444
706
20
27
379
199
564
70
493
863
751
916
68
980
29
66
499
427
611
22
564
146
325
640
216
161
400
876
18
487
488
118
813
435
510
999
204
66
950
844
8
397
759
98
67
342
649
449
320
151
162
628
100
647
465
330
758
56
10
667
91
682
798
324
27
435
130
340
163
99
32
837
89
20
48
580
244
88
347
206
658
305
127
121
402
239
106
47
846
345
772
937
76
36
947
873
201
281
821
244
118
509
845
736
478
220
487
137
919
22
15
4
443
704
962
159
398
203
163
607
496
568
46
867
360
157
288
106
557
68
113
150
874
150
848
957
769
947
342
603
312
11
151
588
62
137
113
13
340
641
657
415
87
968
657
744
396
103
182
167
236
995
7
649
655
33
526
101
389
596
175
133
758
941
403
801
469
681
737
298
130
433
677
348
122
793
548
226
443
924
768
614
14
775
179
967
63
821
615
691
540
986
526
50
133
217
242
836
276
343
168
202
925
258
148
432
978
185
277
491
532
749
125
384
213
473
243
63
64
22
562
297
575
570
228
19
531
968
471
617
858
237
856
517
401
270
739
161
975
991
853
964
369
376
34
201
189
525
438
52
270
737
639
964
312
9
13
257
659
529
476
846
736
334
478
122
818
215
221
786
116
842
520
277
11
271
744
91
759
975
410
388
893
59
426
480
381
40
899
243
783
66
319
589
153
894
978
740
430
76
869
489
65
703
732
577
202
208
583
732
483
413
173
199
948
47
94
432
992
871
284
96
902
146
207
458
15
385
884
981
926
80
493
490
690
100
623
261
277
840
208
438
992
449
393
672
4
743
9
897
789
276
760
90
735
596
689
931
509
113
746
4
136
424
8
174
862
130
714
874
464
562
789
680
603
823
161
720
884
966
911
607
868
317
453
166
5
913
478
25
420
877
880
384
768
602
594
937
267
396
495
187
887
718
734
357
505
714
126
180
314
256
118
179
291
108
169
706
568
155
413
502
12
482
825
743
319
721
578
978
948
838
305
374
575
361
878
366
59
725
646
620
836
289
655
649
360
929
610
46
271
306
740
94
510
234
81
682
577
22
753
817
26
84
183
424
93
302
34
340
225
414
549
809
777
250
103
210
151
147
712
371
915
891
419
382
34
13
697
135
652
569
128
117
26
571
395
294
739
544
231
662
440
663
594
318
826
65
5
564
418
901
688
370
258
120
204
380
394
519
365
865
476
382
815
192
746
479
139
933
420
778
507
799
296
269
449
14
297
170
267
59
398
501
950
250
809
674
937
252
207
655
498
693
428
153
5
927
118
669
803
823
990
264
260
423
136
249
847
939
467
599
91
905
155
603
571
26
338
154
221
970
3
762
54
550
196
463
230
867
339
616
484
143
814
535
778
947
653
0
191
956
827
947
577
573
11
20
291
721
760
191
420
78
603
71
21
739
694
257
695
45
19
850
999
490
46
547
896
24
567
300
306
562
240
747
498
715
440
912
542
691
276
2
190
359
725
69
135
702
534
365
61
341
895
731
363
478
217
612
164
882
878
439
854
248
426
482
932
157
340
270
308
591
658
793
244
4
650
533
645
539
957
366
77
571
944
407
672
486
884
112
572
165
500
898
698
817
161
709
167
656
505
436
686
676
641
823
861
501
387
479
559
314
231
519
199
909
217
178
841
478
0
320
995
132
830
373
458
663
200
526
824
92
278
453
715
478
621
63
614
293
528
746
104
615
879
635
976
872
243
730
24
852
262
682
979
4
549
526
881
211
71
26
996
891
395
881
669
234
57
83
88
74
283
320
235
282
115
606
494
153
196
907
450
814
648
885
828
506
905
910
824
665
194
844
96
561
880
693
306
468
720
313
753
352
168
407
820
506
178
953
594
236
744
603
615
445
200
891
494
894
634
529
449
538
726
129
65
323
15
742
36
335
881
631
757
742
678
561
904
589
101
3
234
726
184
880
442
197
110
625
51
662
508
865
650
452
763
135
66
227
717
744
916
38
549
538
793
306
45
29
9
289
238
525
829
710
159
750
176
50
24
268
198
919
30
555
0
922
368
836
967
525
935
138
742
292
798
681
153
717
591
553
496
847
649
474
692
774
792
12
579
931
122
63
203
143
571
152
175
386
195
438
47
713
114
46
39
900
289
730
117
309
330
611
76
116
353
71
877
662
517
237
208
192
252
978
417
7
944
456
354
308
359
828
951
623
270
374
91
682
713
620
814
934
594
613
42
284
758
866
884
119
449
899
674
750
423
612
386
449
981
474
838
567
934
355
97
908
733
47
240
93
541
11
837
350
621
156
55
758
702
1
140
246
76
659
116
826
547
0
270
614
831
437
3
328
647
912
358
250
448
188
979
642
131
162
318
257
298
568
128
298
730
833
615
908
786
555
800
159
864
180
462
598
845
29
644
31
63
957
566
245
906
750
400
571
341
757
879
807
635
464
767
922
5
877
442
761
638
121
90
269
388
861
608
78
749
201
928
570
299
842
48
156
867
130
880
452
503
330
370
951
432
770
312
651
327
31
858
93
909
628
307
270
543
184
449
606
565
895
314
705
230
549
884
15
688
163
47
74
166
541
374
487
567
238
603
500
368
471
378
0
302
808
314
950
837
262
144
698
460
164
391
970
945
852
764
11
2
759
334
291
393
207
997
522
317
300
894
747
753
966
314
359
833
636
146
696
409
472
759
972
555
708
432
744
361
221
199
305
112
952
631
188
813
73
422
581
12
498
987
110
992
510
136
569
67
4
889
806
889
696
327
121
827
548
430
227
133
706
832
757
403
866
824
207
300
863
513
460
827
990
554
180
379
569
6
765
107
474
462
398
377
917
463
515
264
883
763
833
104
209
162
533
759
915
87
299
727
15
213
607
944
452
648
998
828
823
0
293
413
89
353
302
348
861
885
356
1
533
128
264
61
643
419
256
801
715
731
471
691
129
340
66
417
916
3
5
222
121
503
129
4
5
458
261
262
200
151
839
199
84
720
543
966
509
850
333
716
807
20
453
53
353
132
65
6
67
983
479
144
509
339
478
216
630
206
357
4
543
1
161
736
729
308
48
293
444
619
226
288
243
84
532
487
367
919
796
139
944
432
484
802
551
368
909
820
841
667
163
3
99
113
793
385
110
606
299
104
756
285
480
221
390
688
855
682
365
270
78
380
736
394
425
487
353
975
789
430
505
3
87
261
835
20
657
255
151
832
191
67
205
666
320
81
844
501
8
4
390
265
40
949
903
317
21
830
935
528
91
472
586
796
681
330
7
255
209
203
120
730
864
15
334
10
740
356
898
793
35
771
577
917
812
773
608
10
387
3
759
478
675
64
346
353
277
603
711
556
818
332
264
681
672
103
915
71
350
30
206
644
453
24
936
534
217
89
998
412
673
511
708
429
980
703
417
129
388
939
323
552
562
967
501
228
442
853
499
893
3
210
596
149
637
708
375
146
158
240
730
378
978
993
855
0
548
68
63
392
416
916
334
567
562
770
382
962
249
271
81
505
134
240
922
869
965
327
764
177
46
297
291
545
961
64
219
614
402
501
838
565
642
3
894
970
5
864
51
44
393
923
76
109
16
233
120
691
304
535
76
363
493
636
524
20
261
382
649
341
183
23
786
336
137
932
459
924
548
274
626
32
783
100
555
951
257
113
551
492
656
988
0
362
134
10
843
181
190
992
232
416
607
566
334
524
807
574
351
617
2
595
157
452
47
4
193
201
75
561
851
278
540
54
4
267
411
562
354
562
50
417
662
604
733
255
549
587
291
338
989
29
141
390
464
748
98
219
588
941
805
980
176
790
871
884
186
486
854
71
136
916
322
367
797
680
172
629
204
934
82
148
906
541
458
299
162
467
242
594
445
44
896
368
748
608
154
131
470
985
510
336
952
863
931
19
972
274
607
212
677
345
4
44
244
667
3
74
973
413
544
31
982
267
827
505
682
196
429
919
696
837
173
650
9
766
364
892
277
459
917
349
806
10
188
303
774
810
838
493
971
318
888
344
806
555
312
791
144
786
110
290
824
437
581
173
43
955
365
241
342
71
193
162
122
621
503
45
663
167
636
242
465
543
2
708
178
142
251
699
875
2
576
128
842
904
671
258
410
946
727
25
129
389
730
967
720
777
349
306
487
790
481
876
869
669
781
359
562
553
688
151
3
138
881
880
861
226
3
494
266
442
789
64
358
278
518
497
134
442
15
748
544
769
176
4
132
232
286
532
894
599
805
900
853
809
481
3
269
552
845
924
226
622
952
579
346
954
600
527
102
98
14
874
75
487
510
72
303
141
368
320
548
464
85
30
601
246
645
72
270
893
777
888
998
102
926
762
960
796
905
279
531
331
114
425
110
451
502
471
708
965
141
85
589
14
25
582
917
247
652
672
4
618
82
830
697
158
813
109
166
163
367
384
7
622
686
700
833
659
59
219
834
561
72
902
646
21
445
486
506
126
337
371
941
627
617
642
180
318
851
366
629
319
260
315
82
743
725
102
447
243
700
753
214
776
995
252
34
26
641
489
123
908
27
649
429
965
118
568
521
2
535
190
257
403
244
981
956
617
759
218
561
747
344
665
532
150
494
70
724
913
514
889
216
793
965
305
17
758
943
164
85
649
713
6
168
708
73
972
253
355
778
543
404
257
182
563
704
965
723
8
58
49
469
456
338
988
184
613
196
397
768
950
476
80
962
55
778
504
833
486
216
614
590
653
14
211
29
880
22
514
69
785
316
991
268
780
959
532
340
874
678
109
909
211
579
835
85
28
539
242
410
499
748
406
725
127
601
85
181
910
5
961
662
4
63
122
924
912
691
953
100
563
719
5
586
451
256
684
751
607
320
759
99
877
916
581
258
339
889
286
509
129
94
71
357
185
304
163
471
273
461
533
291
542
521
327
876
383
245
229
724
158
146
891
338
381
460
185
542
439
183
76
410
19
488
25
490
534
3
457
11
858
3
1
665
381
354
19
907
526
826
221
465
55
493
21
517
587
78
250
351
698
251
1
106
118
834
779
133
791
80
455
132
30
994
605
927
869
85
69
218
613
835
807
275
615
282
2
880
586
823
59
311
416
478
737
819
922
942
35
217
160
566
541
98
673
238
58
247
188
45
331
964
907
353
970
195
937
961
368
241
423
97
724
948
106
655
722
404
516
210
387
187
195
889
811
100
636
21
560
165
468
193
369
822
881
152
495
525
919
395
171
172
958
173
992
420
419
34
643
676
498
358
262
130
745
423
405
266
591
991
594
721
887
206
481
127
673
214
227
121
72
340
592
397
254
354
133
143
550
431
382
960
783
513
894
175
528
892
279
721
258
26
368
630
289
301
15
992
278
605
862
325
582
909
890
168
591
714
966
375
218
370
673
69
25
832
249
404
0
795
124
443
200
597
317
120
887
633
160
461
601
143
344
179
90
735
333
82
704
732
557
210
7
320
683
493
786
635
249
450
59
215
70
780
11
211
934
383
163
299
974
795
773
693
652
708
934
914
750
771
111
62
371
201
199
159
529
599
997
585
520
303
582
407
0
27
44
459
228
774
644
300
237
927
7
732
272
109
213
177
609
812
963
448
44
930
503
7
843
544
268
251
344
791
61
104
149
33
181
3
840
933
75
789
290
687
915
122
108
654
938
286
694
84
960
738
984
225
88
703
465
692
410
213
855
93
551
7
692
492
648
401
99
645
311
85
374
761
952
356
958
993
65
207
860
993
296
726
542
921
551
49
983
263
220
852
85
312
263
346
575
297
150
529
167
483
709
277
135
265
113
812
210
994
115
751
821
609
11
625
233
668
219
955
419
224
538
89
611
16
0
739
525
865
49
854
250
236
383
521
149
107
803
976
730
808
904
977
953
343
792
791
0
0
1
909
177
554
258
284
416
260
648
939
470
769
7
700
928
809
271
766
437
789
202
583
960
131
235
936
419
455
421
84
90
117
20
417
606
719
59
79
861
68
23
154
0
337
889
585
370
115
723
537
879
850
815
217
832
647
911
982
826
758
895
372
168
27
853
856
15
520
65
825
536
54
375
274
96
600
47
297
818
415
886
0
23
101
134
617
903
389
322
91
329
968
135
954
643
998
464
3
548
450
954
100
886
195
271
104
521
16
417
27
487
945
805
834
289
986
922
276
456
694
592
36
449
885
431
606
590
910
816
746
525
461
568
711
21
7
280
241
127
158
374
132
690
338
149
766
75
252
533
60
575
377
102
824
354
118
450
244
275
749
130
826
700
530
889
936
170
696
92
816
330
928
11
664
591
265
403
967
293
838
226
194
176
9
652
441
75
962
69
664
348
864
809
70
818
729
698
832
692
916
142
300
551
555
542
506
605
260
495
517
229
404
14
102
416
415
92
250
200
772
3
437
260
267
629
780
742
78
344
355
916
98
764
878
257
879
548
899
796
40
200
634
565
554
576
313
269
446
873
678
255
895
15
5
344
578
451
80
151
861
255
70
183
218
668
622
897
646
109
164
84
885
818
193
869
743
20
987
57
123
255
125
995
370
423
142
377
5
844
360
597
756
439
999
911
45
515
293
862
918
914
336
310
879
95
938
102
461
324
794
94
58
436
447
100
88
796
966
851
253
432
840
567
248
897
0
966
493
766
529
414
672
620
742
16
166
199
484
145
605
188
802
335
982
68
907
8
1
607
799
361
880
121
297
293
401
724
651
265
294
81
371
77
3
418
39
28
220
927
477
70
630
497
409
802
975
173
676
633
892
151
338
45
549
625
729
0
311
599
317
357
337
782
204
555
48
995
313
738
56
292
38
995
939
387
144
235
735
96
798
277
745
577
64
575
694
586
137
47
653
306
443
746
896
78
478
454
86
224
833
354
17
699
233
80
18
64
248
441
875
272
741
749
50
792
224
359
224
193
66
168
970
752
870
46
719
119
260
65
258
320
685
194
831
110
267
273
634
896
388
521
625
224
33
739
46
888
435
783
0
331
65
180
549
397
208
155
379
131
140
118
810
446
167
403
287
33
370
91
553
32
42
587
828
276
633
182
241
178
996
430
101
738
296
429
774
474
235
256
389
245
120
462
729
4
335
924
493
531
427
693
739
483
671
66
59
555
974
466
458
44
98
877
624
825
71
571
466
1
373
25
567
355
278
31
473
418
325
180
959
983
4
633
805
469
3
363
831
150
61
419
592
721
18
621
491
867
551
657
971
29
444
280
636
740
627
189
907
625
269
26
809
946
956
354
270
1
376
813
935
68
559
785
501
990
458
737
946
425
147
374
525
747
288
132
193
368
884
742
89
234
304
484
798
240
787
3
133
380
420
244
667
998
212
9
510
363
64
709
0
360
469
231
216
520
147
644
444
88
0
899
137
60
160
787
31
966
931
634
786
958
444
241
687
219
607
5
541
539
283
997
13
941
653
792
84
895
5
462
205
100
123
738
678
268
391
250
109
121
582
22
57
760
893
49
245
26
862
209
149
863
694
110
753
119
218
737
337
441
3
936
772
80
448
851
981
323
339
120
322
354
245
340
26
118
10
26
232
453
684
101
898
270
375
14
163
579
421
185
800
545
286
610
118
423
616
911
399
912
204
466
14
425
484
312
333
311
829
282
206
538
159
207
996
723
609
644
380
684
173
545
115
737
865
635
732
738
838
231
198
474
143
571
339
335
65
326
222
698
427
673
19
591
817
79
304
315
931
486
214
585
547
807
61
602
614
406
763
1
885
39
218
733
93
320
2
518
7
37
837
17
938
431
765
589
862
191
558
935
341
659
100
771
17
259
737
437
931
74
45
821
574
834
92
810
126
485
683
253
683
606
115
259
191
414
833
875
309
787
290
12
654
950
787
509
928
27
355
459
868
84
818
683
568
845
631
382
521
598
713
530
964
336
853
225
371
300
27
333
350
816
45
946
95
482
349
752
321
992
615
553
702
220
787
934
166
286
131
698
355
337
123
210
497
83
33
845
845
495
69
370
101
991
11
33
953
396
672
33
83
498
274
835
4
826
243
700
618
11
308
864
191
109
860
360
47
295
736
817
864
73
142
307
127
984
157
728
984
56
660
628
785
474
647
802
446
4
998
188
3
568
908
208
346
804
350
227
923
289
812
158
712
325
4
650
546
768
535
658
561
130
774
944
610
667
505
931
14
26
1
24
313
950
884
365
975
762
513
162
457
955
689
732
760
632
760
385
129
441
921
212
476
235
676
365
102
564
743
551
535
375
262
301
962
380
638
277
365
709
65
217
830
950
267
137
812
810
463
440
4
928
300
653
371
560
328
387
751
7
316
421
521
11
62
211
14
999
266
869
4
580
619
599
935
759
914
367
821
316
58
818
794
97
550
243
665
18
52
909
914
338
131
596
918
48
118
138
969
184
351
660
426
724
376
172
830
106
566
836
387
262
417
424
582
15
791
71
763
571
69
986
625
948
636
525
441
468
79
347
49
660
269
839
23
102
420
189
586
822
2
179
415
419
394
885
354
565
190
251
22
302
411
11
180
322
231
243
426
815
781
958
172
723
572
164
30
815
157
704
655
153
453
63
222
606
558
597
407
952
557
707
4
96
476
231
676
332
204
529
717
234
184
707
625
304
135
32
500
902
921
902
835
53
968
3
837
157
122
51
284
1
26
614
43
204
136
979
802
717
288
904
862
568
82
783
850
19
457
679
111
943
286
876
375
388
350
891
495
260
565
15
244
925
794
561
930
106
387
951
568
415
405
960
218
722
208
594
473
366
239
748
341
508
451
148
155
313
666
143
955
560
955
344
326
166
777
476
347
16
966
141
556
771
803
435
258
232
165
98
719
442
288
806
292
36
176
238
186
601
413
19
649
3
297
64
794
183
857
96
648
656
371
501
165
249
972
334
248
543
285
764
790
162
794
55
806
390
142
185
413
77
753
411
288
52
304
468
987
371
730
587
563
270
543
301
759
204
766
170
737
892
246
181
534
573
8
154
797
32
711
590
680
246
514
722
608
362
85
13
609
162
107
373
82
935
952
16
325
554
698
349
63
482
891
321
606
571
979
130
986
636
594
773
298
738
534
659
449
735
922
513
42
122
143
888
992
223
367
783
760
9
310
648
169
132
145
333
365
385
437
757
300
740
415
59
766
314
692
71
577
500
252
631
783
897
672
403
494
977
89
192
207
293
254
944
311
141
130
63
119
591
424
512
744
214
601
151
6
532
558
674
752
588
811
793
56
966
271
976
539
276
85
767
161
845
323
933
71
55
644
582
38
53
815
585
235
97
492
134
324
30
514
473
402
336
304
356
987
144
851
880
672
855
26
868
106
718
823
496
175
577
211
406
406
23
598
828
552
244
624
535
676
566
887
21
519
615
474
630
587
320
16
234
673
203
644
511
26
152
79
345
116
862
803
821
765
320
3
649
59
140
273
585
154
454
625
429
459
444
146
208
12
855
25
141
57
600
179
79
894
731
680
359
4
85
503
828
38
939
404
310
499
246
64
863
64
201
173
86
668
31
961
834
594
8
434
165
119
26
660
843
931
78
360
396
896
170
524
2
461
925
755
37
849
513
611
723
864
290
797
137
42
9
589
799
155
660
219
429
673
756
715
489
571
527
1
425
487
826
234
732
642
83
475
210
804
721
158
892
782
677
36
741
228
82
986
530
550
875
247
910
553
788
321
960
604
160
182
800
54
942
885
689
456
459
423
419
893
51
35
524
342
113
319
169
3
584
46
34
347
324
289
200
830
568
369
527
832
658
20
648
115
389
960
938
238
776
432
572
439
711
484
45
560
752
780
503
32
86
368
101
507
411
147
403
787
918
529
123
498
314
94
11
453
632
233
136
129
35
884
650
898
308
51
903
259
39
798
713
307
927
241
129
838
834
798
942
803
596
391
807
844
931
76
892
65
260
337
428
876
106
229
837
291
599
83
846
636
701
46
367
128
288
634
426
44
575
146
633
357
4
304
141
582
680
889
26
442
926
496
94
22
420
933
472
648
130
717
573
428
824
576
921
271
907
243
779
168
27
679
66
364
850
610
101
563
226
517
960
222
720
520
744
213
361
236
675
457
92
842
69
306
425
130
772
561
795
662
143
846
455
344
920
598
615
401
402
513
655
860
114
400
454
453
924
912
867
526
65
453
19
66
847
912
328
864
240
804
204
659
20
654
2
149
781
9
654
874
121
542
157
524
595
268
61
426
252
215
996
808
921
748
973
41
503
545
943
88
672
752
95
324
350
41
166
523
707
607
469
704
559
320
942
330
692
67
1
224
740
802
684
368
776
188
714
437
337
172
821
121
103
73
20
944
7
844
161
921
224
690
840
319
851
832
66
114
10
70
691
274
985
968
873
625
42
216
380
413
205
889
870
386
408
41
726
29
340
704
412
31
78
975
636
951
94
343
338
252
825
196
1
302
135
548
491
394
289
979
375
665
346
227
866
15
900
284
293
640
794
91
777
491
130
141
877
415
35
522
402
661
311
51
965
155
699
243
215
879
198
850
239
964
658
791
4
594
585
915
115
332
114
610
447
726
672
81
579
795
747
230
525
339
685
771
242
737
66
778
434
465
149
4
704
200
310
851
394
4
326
0
726
992
15
782
231
25
5
238
658
101
508
829
765
173
419
666
990
135
872
482
296
797
4
586
536
485
836
286
992
364
725
863
857
107
69
52
326
202
835
986
5
679
460
12
49
997
362
879
783
761
34
940
95
291
625
45
513
80
656
187
32
247
26
603
347
217
178
865
62
206
56
256
113
750
779
491
418
480
245
213
713
43
28
915
173
880
817
993
499
989
892
723
960
303
656
901
70
414
200
202
483
749
700
448
669
431
194
457
68
259
165
138
440
655
941
404
768
681
288
684
128
324
492
646
472
773
966
209
457
219
145
752
714
178
859
814
429
753
750
182
171
315
302
23
122
98
765
536
784
527
376
33
820
903
62
156
227
854
879
537
387
984
730
637
896
757
6
264
871
194
341
163
123
333
511
976
202
496
200
55
751
819
758
659
33
5
565
541
209
992
855
324
464
4
321
59
490
146
88
371
528
287
256
871
84
143
720
462
540
367
36
19
475
386
800
899
707
586
64
323
977
459
260
2
498
174
820
669
924
3
960
0
328
860
244
128
674
432
36
286
0
376
440
128
599
319
750
365
51
409
799
653
14
805
651
749
157
89
374
303
741
242
0
168
73
430
897
426
460
884
254
708
705
273
576
11
791
126
643
919
536
1
203
597
443
45
84
317
976
26
735
510
131
546
684
30
843
667
570
682
313
136
663
4
251
748
796
84
322
456
149
966
550
521
632
141
983
77
983
768
162
126
618
282
388
127
870
411
516
492
520
627
875
51
888
635
332
145
140
413
60
346
543
69
333
383
270
783
103
319
678
785
939
219
632
782
104
317
123
333
216
544
15
113
328
241
327
278
694
674
881
890
542
43
169
108
161
669
562
277
97
358
212
103
636
585
489
771
606
973
230
328
586
418
284
324
937
435
176
830
850
832
284
643
365
334
620
968
310
980
127
757
418
913
671
546
411
150
608
350
878
390
905
701
8
584
216
972
766
146
819
860
665
896
131
313
237
26
259
423
188
112
153
276
20
353
161
375
879
3
503
120
527
90
807
884
581
12
449
217
967
36
168
189
216
154
332
617
217
195
570
99
814
814
39
804
650
152
985
911
621
82
746
651
415
415
192
403
188
787
608
145
124
933
719
243
349
586
729
572
33
179
949
766
177
21
690
156
952
354
74
39
913
501
16
357
628
3
280
821
873
744
696
246
919
492
251
318
10
484
635
914
878
937
744
312
137
516
445
957
525
7
735
678
610
978
795
685
688
464
0
429
33
233
78
734
487
878
57
50
197
200
33
975
252
943
192
651
423
985
767
485
876
997
473
349
220
781
790
833
52
797
210
295
195
466
169
495
181
913
150
940
948
349
239
96
442
511
873
257
69
682
3
21
452
43
314
378
713
833
142
225
682
218
946
327
272
9
4
792
695
457
707
930
792
779
482
217
926
783
683
801
488
187
426
76
315
701
594
415
571
125
670
284
578
14
596
912
8
101
598
1
904
925
794
371
268
917
692
920
151
541
247
599
589
982
448
654
925
63
323
324
355
367
656
126
903
148
520
41
488
469
1
879
220
231
8
94
477
278
831
127
251
241
328
974
451
641
143
580
481
991
597
620
528
290
33
24
732
471
535
430
627
904
10
595
863
732
184
807
101
569
968
961
66
952
310
716
845
972
973
363
910
29
966
483
993
897
104
448
875
785
54
846
894
471
285
59
282
997
1
950
792
377
578
676
187
336
1
512
72
772
0
9
673
271
399
872
198
774
478
343
710
374
703
632
991
770
989
173
238
515
25
536
970
725
647
156
541
910
878
464
742
779
204
25
308
769
554
120
112
621
46
164
928
391
272
13
701
218
538
491
411
49
555
579
652
477
778
276
4
344
811
223
532
392
940
847
948
14
495
439
318
463
64
377
164
316
555
380
597
645
795
339
842
968
778
832
958
506
86
657
292
438
808
336
98
635
681
995
64
716
33
881
55
898
745
419
269
199
289
603
321
630
385
556
297
970
625
475
421
37
267
289
284
0
154
329
531
235
574
338
10
189
628
993
845
926
15
370
793
877
757
136
629
176
182
359
70
970
773
232
681
476
171
337
200
197
91
14
301
884
276
124
336
353
213
47
149
516
351
237
266
628
776
495
18
987
435
8
971
604
33
982
107
286
7
886
72
328
457
539
879
10
103
666
309
330
963
487
303
138
684
668
987
44
495
666
114
103
344
515
13
834
48
680
910
428
630
895
525
86
541
848
485
440
529
2
400
916
246
255
963
205
68
936
76
305
509
674
590
892
340
410
32
786
206
34
387
105
84
153
657
285
469
395
366
899
413
855
39
373
814
703
613
988
458
874
17
941
893
496
2
793
555
711
811
671
677
193
667
65
890
670
756
525
144
803
637
653
229
110
386
204
528
611
43
14
4
125
305
743
12
675
691
537
797
155
279
570
505
833
793
304
710
463
986
863
153
64
83
210
795
26
735
456
137
127
682
199
435
4
610
33
165
128
178
70
354
256
994
389
996
223
643
923
831
570
572
235
475
441
158
617
935
319
693
490
722
735
103
595
12
227
800
851
50
11
358
241
935
270
387
4
832
7
573
951
947
126
255
293
961
784
740
826
771
891
335
141
595
21
951
764
809
532
85
880
349
537
773
882
686
679
957
897
33
197
23
56
116
53
187
867
300
912
754
648
352
475
41
330
162
643
749
49
925
378
267
992
974
73
756
430
762
770
329
848
872
121
445
241
346
188
132
32
804
845
266
908
0
406
798
93
21
621
753
384
427
107
918
627
632
140
476
490
913
15
229
879
467
467
407
292
310
161
958
327
152
806
616
517
646
95
912
389
985
855
591
450
333
220
908
69
148
845
760
129
361
267
86
998
856
300
168
225
509
45
656
831
333
748
51
707
95
776
814
520
8
141
851
19
415
748
749
299
250
231
976
16
984
779
471
119
942
352
104
195
899
402
35
84
460
760
823
516
907
882
353
637
847
202
57
166
781
670
4
80
258
71
951
366
569
435
519
359
252
254
911
243
204
34
661
857
94
838
657
246
287
7
896
795
526
100
21
250
867
911
267
211
73
284
999
394
66
840
856
451
662
366
102
459
103
437
329
211
632
746
862
926
539
679
514
599
921
612
788
4
589
474
472
517
731
756
410
72
988
674
112
636
144
641
756
852
824
471
315
733
541
130
165
450
166
890
749
55
81
314
362
910
376
4
639
302
795
658
816
55
8
866
94
508
644
339
912
734
350
69
247
395
200
630
14
291
1
86
184
755
324
3
476
954
922
34
635
498
12
506
509
71
714
919
859
785
362
132
356
2
179
162
598
604
193
175
250
570
76
871
305
6
11
634
369
20
351
141
0
708
348
661
846
69
92
181
3
969
100
547
794
335
420
154
990
653
176
55
683
74
0
534
718
83
120
719
646
350
461
82
451
64
138
93
722
145
65
261
425
166
129
910
839
322
359
301
351
631
424
824
896
946
731
963
556
13
772
490
128
594
188
101
193
374
759
724
856
293
133
501
13
623
752
4
216
810
42
391
625
160
327
567
857
828
113
134
660
959
43
271
970
420
647
228
399
304
1
583
729
626
252
554
224
691
561
880
106
82
302
989
51
104
940
521
203
171
622
753
757
252
234
174
618
272
636
45
303
694
35
926
547
221
268
613
22
335
140
375
918
785
64
180
81
750
699
862
316
562
805
685
418
579
490
780
98
615
199
106
533
26
110
783
61
33
456
831
987
743
194
112
609
825
267
876
19
141
486
701
585
78
894
777
149
882
190
468
192
262
826
302
922
739
822
675
244
1
117
143
878
308
131
30
337
429
81
687
974
104
992
130
31
975
229
4
897
619
209
479
509
839
306
974
136
178
724
240
120
102
488
62
329
240
258
680
941
970
456
160
338
850
491
153
10
558
12
210
276
200
125
654
914
317
646
87
491
519
691
47
341
543
146
164
820
639
641
4
446
468
289
134
960
344
504
958
572
214
653
561
129
643
410
409
593
790
871
974
918
130
907
480
782
1
576
186
522
72
80
520
232
937
157
895
767
0
142
718
105
390
628
303
25
658
316
539
63
522
465
918
423
468
676
730
191
829
260
202
853
262
112
173
379
186
376
554
14
245
34
101
791
312
559
260
149
816
754
64
217
871
393
755
692
535
856
312
719
380
841
858
83
879
943
930
94
527
670
306
211
343
969
618
912
231
946
729
402
166
849
787
216
924
580
212
855
684
380
862
262
342
90
626
182
985
364
392
754
4
695
423
335
309
102
200
311
262
572
268
183
584
655
990
757
915
201
3
684
8
285
186
364
340
477
313
61
937
966
723
606
416
257
25
360
509
962
597
703
520
456
531
195
969
667
637
209
775
159
33
689
577
631
994
225
762
931
102
886
152
754
47
727
910
377
2
33
566
890
144
270
746
463
747
36
843
298
14
263
347
124
473
560
721
748
317
949
838
588
147
951
33
821
627
388
810
185
276
82
294
899
469
902
625
92
132
585
202
173
294
60
6
497
661
586
909
762
755
393
67
609
504
138
929
103
720
421
270
484
44
176
379
501
100
896
647
489
21
84
42
448
684
690
783
212
33
338
698
296
118
865
329
818
680
406
153
576
919
760
448
371
972
920
393
605
713
435
187
827
519
103
678
356
175
935
21
617
152
16
178
78
378
468
387
171
75
5
982
820
478
406
450
149
952
894
334
254
166
167
847
212
405
17
64
59
34
408
894
517
306
272
741
816
417
33
527
688
130
4
620
623
669
765
485
14
915
169
176
168
405
5
993
612
979
906
982
177
498
819
39
594
153
408
404
235
571
140
130
487
33
513
472
232
75
190
944
788
408
518
867
722
812
345
567
794
856
840
832
73
404
300
18
828
615
353
563
339
483
226
715
206
643
580
114
26
724
887
641
471
641
907
474
69
840
981
863
805
994
146
14
410
9
578
887
550
667
836
295
280
502
277
289
296
161
18
612
686
303
575
958
386
576
513
285
479
674
318
558
137
781
198
214
812
325
34
212
464
311
629
619
154
527
176
892
229
528
359
65
786
933
186
329
374
202
27
123
362
147
592
915
682
790
808
751
113
835
694
96
670
48
449
453
186
393
518
26
621
150
780
896
460
3
180
600
432
400
488
3
935
45
961
487
37
295
80
63
823
334
526
487
325
822
994
296
69
397
325
669
402
855
22
449
533
692
840
942
58
147
888
78
704
327
382
340
601
542
838
999
153
278
696
328
4
535
13
637
705
892
117
772
84
269
186
447
175
807
323
649
607
806
616
963
2
5
806
486
40
900
167
949
404
293
40
483
118
20
59
755
113
942
773
45
514
921
381
190
242
446
264
16
843
976
106
137
378
475
429
231
243
975
779
191
497
908
13
399
239
378
90
171
994
11
402
130
823
250
716
277
1
226
181
970
103
535
645
0
315
432
32
343
19
891
247
635
993
639
514
9
496
581
989
563
82
697
669
486
409
205
489
801
881
181
992
110
336
877
375
161
526
901
15
842
215
886
15
904
104
980
144
829
400
951
452
449
82
593
993
448
534
202
624
40
903
999
819
499
755
0
323
855
141
605
482
339
374
795
614
36
517
197
726
821
492
341
65
562
317
323
710
426
646
22
157
131
898
5
480
773
138
294
202
307
311
60
106
670
418
161
758
85
292
801
183
356
231
600
961
253
958
757
349
596
103
948
708
739
271
549
586
807
953
663
62
229
955
193
76
902
179
447
367
332
7
234
17
61
941
370
381
318
654
161
732
348
406
791
335
620
994
838
214
881
280
598
267
97
201
895
518
140
246
88
183
465
780
213
982
781
758
2
13
999
601
720
51
528
460
267
359
33
848
366
132
850
377
101
149
751
769
830
510
82
519
12
623
44
438
934
951
873
339
296
485
275
147
169
690
38
304
104
603
999
869
185
455
271
445
19
740
508
788
39
68
980
24
268
336
956
11
606
19
897
124
296
144
977
11
831
985
78
233
625
807
751
913
472
229
758
724
833
281
417
227
872
820
278
648
649
489
262
680
468
22
3
817
623
18
265
769
596
857
263
245
534
212
180
242
470
372
491
231
448
450
666
899
305
723
58
920
145
68
423
177
192
868
450
13
29
387
949
450
369
889
756
981
389
442
123
648
293
203
618
583
429
632
720
691
31
64
889
971
398
252
139
197
499
53
122
22
544
330
970
3
4
956
978
396
632
228
80
556
146
869
61
220
668
439
959
919
987
752
893
526
957
64
321
2
583
479
377
541
122
183
276
620
78
660
895
285
444
152
293
668
265
631
755
736
499
488
224
348
284
118
869
165
78
507
98
160
266
492
389
612
314
581
761
619
86
282
982
181
171
506
372
97
814
756
561
854
178
254
921
867
170
728
207
299
541
700
453
934
337
593
121
163
859
179
841
50
289
783
249
951
599
527
298
572
80
560
561
71
37
244
701
549
74
917
41
329
57
64
21
195
549
594
512
748
948
353
187
831
731
250
144
612
420
229
180
37
947
122
536
133
88
150
296
706
576
133
231
601
404
658
505
452
360
564
2
18
219
415
467
603
169
615
574
138
455
30
159
609
583
251
771
791
5
149
232
611
150
726
249
589
176
183
169
927
438
156
932
152
228
66
25
859
266
66
861
335
691
728
324
261
410
191
364
91
159
426
99
760
625
254
475
685
741
370
764
349
297
285
201
145
309
923
560
168
415
873
205
913
187
870
350
861
520
941
237
199
908
776
244
796
760
711
370
149
448
387
670
640
674
57
684
964
458
3
36
377
984
743
223
406
707
147
759
973
82
259
145
746
547
954
959
942
260
226
650
155
622
880
230
9
508
974
777
8
761
990
785
832
688
327
44
867
721
383
205
2
320
471
116
3
145
810
414
118
433
661
827
13
66
998
4
502
298
35
834
66
67
51
870
203
5
86
474
151
448
119
351
348
229
464
605
996
242
125
242
861
562
702
916
4
912
262
989
741
172
387
328
166
882
183
200
977
869
694
34
100
658
170
209
56
807
643
262
284
696
998
786
14
445
965
549
551
39
712
359
774
188
714
742
170
726
852
0
482
838
97
579
668
475
465
557
263
48
267
1
227
752
984
115
615
133
397
126
791
82
434
370
229
229
779
549
95
526
273
661
302
95
533
33
486
976
442
629
268
43
232
951
618
375
41
719
84
356
656
2
33
647
746
221
1
458
405
242
5
5
874
421
452
977
330
954
492
33
585
153
733
593
388
113
445
719
883
999
583
804
678
405
377
962
236
489
134
765
130
545
993
219
602
746
708
900
517
695
985
824
234
147
1
73
209
805
808
413
164
68
376
428
80
162
814
712
229
947
570
946
444
130
14
278
277
124
328
832
89
379
758
479
51
19
739
867
875
614
4
784
872
827
36
287
457
904
188
512
738
338
155
294
983
622
489
162
132
906
484
850
516
821
510
744
833
551
427
695
299
711
393
386
447
51
619
27
407
314
357
663
771
466
982
762
842
336
512
886
765
56
422
200
279
535
860
294
746
34
165
44
456
750
63
889
186
22
492
895
2
296
209
394
593
903
960
83
218
438
268
879
378
335
434
72
878
657
787
878
170
806
109
246
201
706
8
305
57
262
477
980
24
93
990
547
197
346
492
376
929
147
387
68
398
294
177
308
371
67
961
844
437
20
132
595
794
350
916
358
265
47
853
304
996
607
978
692
700
148
436
288
751
948
66
333
797
689
824
85
180
610
732
932
622
679
652
364
144
174
154
842
576
453
91
393
127
578
651
254
360
559
209
494
480
308
453
664
771
7
22
34
588
194
545
781
307
629
945
516
64
143
357
59
84
282
843
599
622
318
106
843
942
645
417
181
203
509
318
669
529
916
382
510
528
12
54
579
187
428
106
980
791
403
5
270
849
819
982
298
73
543
102
262
930
55
236
631
857
277
161
64
681
607
289
34
843
188
997
1
74
259
368
495
834
45
942
491
210
795
161
878
227
660
497
520
844
239
377
259
988
150
774
753
518
8
192
359
740
516
304
174
408
517
122
487
362
399
462
436
163
820
738
524
541
575
532
404
444
347
544
895
879
100
4
816
539
19
106
714
915
65
901
960
315
318
551
202
688
81
233
639
797
563
612
754
113
260
154
315
290
840
486
547
74
71
239
335
620
274
14
893
203
765
48
558
250
815
321
302
352
67
619
199
821
442
710
289
33
305
83
257
474
80
481
19
573
195
528
196
520
753
71
584
122
587
299
819
3
354
328
365
592
216
865
755
573
193
545
516
740
742
996
365
40
418
455
20
675
367
739
173
102
90
692
581
367
788
19
516
75
549
568
357
775
353
576
763
219
905
48
393
295
611
376
665
268
565
560
306
1
690
11
303
653
497
162
518
573
331
771
835
917
491
3
781
245
30
900
622
769
837
660
906
252
268
392
175
798
82
851
4
327
951
382
578
805
610
485
995
247
750
349
394
303
240
115
147
779
537
990
364
541
222
423
447
0
120
20
567
190
666
131
931
627
69
251
572
23
807
285
8
572
208
289
785
440
336
771
812
125
366
676
959
986
110
192
529
318
13
335
295
827
568
69
567
328
482
870
371
670
311
569
364
181
33
613
37
337
955
147
622
966
45
16
656
0
879
888
523
5
183
103
275
426
983
19
439
784
262
225
665
754
377
19
950
91
342
330
33
430
852
895
326
189
163
609
993
132
608
82
699
895
307
128
626
858
499
388
925
668
837
689
879
68
751
672
7
958
851
396
740
5
994
654
521
957
442
40
744
160
653
56
305
565
103
992
126
272
39
803
976
662
48
121
932
810
419
630
38
472
420
19
164
826
455
748
835
101
319
283
93
686
797
480
798
319
719
997
253
393
941
288
315
784
911
697
481
800
153
733
662
297
165
233
866
976
187
273
847
350
82
566
32
800
69
884
91
481
644
250
314
491
91
274
422
846
758
992
982
10
365
901
149
780
353
33
830
905
675
479
774
239
71
314
222
655
610
966
636
260
33
225
19
5
74
582
369
815
754
760
88
461
364
329
408
795
346
733
130
564
731
544
664
490
303
300
399
52
425
623
326
778
128
78
847
1
349
14
597
904
495
289
482
16
723
855
159
13
921
808
117
922
584
858
12
900
634
623
192
52
234
726
72
563
349
643
178
473
734
30
230
993
142
954
815
625
907
295
910
165
249
248
919
169
759
990
455
556
554
652
927
480
2
684
45
224
970
369
90
538
134
494
384
778
71
530
745
561
971
787
844
664
661
95
488
4
748
528
568
799
532
983
13
219
378
697
502
705
512
56
777
867
906
413
366
193
455
179
146
878
329
147
959
298
330
719
569
226
951
578
161
2
893
801
33
920
322
837
867
320
466
206
440
74
633
734
826
808
732
845
379
454
852
653
101
393
582
242
780
506
858
565
371
530
296
279
202
78
479
200
632
294
34
327
653
282
871
492
727
30
151
969
165
7
424
729
702
572
76
99
615
882
963
422
39
271
712
630
951
355
584
461
278
419
995
940
16
706
412
957
97
554
748
163
555
806
213
511
511
108
674
127
622
127
234
880
861
346
13
333
158
461
355
302
16
819
839
777
315
32
455
654
150
236
899
498
702
318
490
187
507
738
312
376
94
385
165
189
707
109
272
12
562
98
241
281
295
4
556
191
976
46
441
54
395
266
467
286
384
587
820
317
783
45
