377
885
471
718
869
458
426
120
339
64
181
211
319
249
912
64
213
330
849
351
188
747
298
424
46
955
599
996
342
206
102
368
372
11
4
910
576
637
404
752
161
755
692
555
200
63
890
593
0
0
581
4
626
16
793
742
314
637
280
328
955
21
520
801
162
746
239
791
978
179
65
550
667
981
639
398
658
319
332
56
435
740
748
538
3
3
191
914
156
513
353
343
730
774
991
164
558
950
5
347
141
91
258
168
423
58
531
555
19
19
487
143
557
854
906
474
735
370
739
562
301
757
902
628
33
2
181
743
314
969
0
13
865
45
51
517
418
523
50
856
5
949
771
241
873
243
388
503
510
304
904
8
19
141
21
26
831
252
786
741
356
358
11
411
974
957
359
932
463
82
45
609
759
460
72
265
110
910
10
940
525
957
716
226
4
774
32
233
549
875
495
641
7
296
423
109
925
624
453
43
694
692
475
21
797
768
704
880
360
498
5
20
217
46
443
522
941
509
292
580
312
59
471
737
912
203
1
613
805
289
31
477
534
205
27
453
902
876
754
940
67
822
558
862
199
411
647
829
488
316
506
256
398
613
499
2
673
941
63
425
260
167
231
588
551
294
598
855
234
21
5
308
201
713
391
779
987
741
451
409
277
126
84
843
419
783
865
633
866
440
844
505
651
216
439
11
70
160
0
39
731
929
433
162
215
658
270
868
311
993
482
775
65
393
545
517
943
745
650
802
357
272
165
85
467
3
944
209
26
149
562
190
708
845
399
558
702
333
218
416
132
150
48
0
42
680
316
321
4
4
232
498
675
0
691
975
601
73
153
88
960
571
600
428
420
494
884
167
777
5
46
143
795
521
262
974
5
892
193
935
189
25
923
691
277
15
2
692
25
640
698
592
63
753
777
653
29
21
989
911
686
819
7
665
831
497
504
33
581
245
66
244
325
73
944
410
924
881
583
36
899
862
390
891
91
451
652
487
472
921
9
41
2
0
823
1
679
579
208
393
586
158
327
34
95
717
411
189
377
167
393
223
13
344
508
294
380
610
45
374
912
677
102
562
22
314
967
10
394
727
23
951
82
338
849
459
125
802
100
541
541
61
42
701
784
807
140
320
109
289
294
148
815
39
196
482
46
33
709
743
375
97
484
879
4
4
266
222
0
344
150
574
33
856
319
435
918
248
920
862
908
975
569
21
328
449
234
883
544
168
132
960
620
110
86
992
866
541
473
879
728
369
227
10
14
809
298
854
248
987
159
106
711
625
270
14
731
483
867
744
381
947
145
546
363
99
65
910
7
98
764
234
8
971
112
355
84
39
931
961
908
608
324
595
957
728
74
239
278
117
442
128
65
601
455
160
20
791
864
387
784
738
180
809
495
951
520
609
472
403
436
15
975
293
449
881
12
642
443
845
943
935
814
529
209
522
512
818
63
206
20
51
774
854
93
55
322
658
3
589
469
705
577
125
595
429
485
303
742
75
19
514
926
258
876
555
947
377
547
741
4
51
66
19
713
949
1
717
14
137
478
14
295
194
722
926
951
806
436
0
305
238
142
375
112
255
173
224
738
419
552
96
153
505
834
269
961
65
386
322
159
214
237
676
265
646
419
794
94
420
304
469
324
12
199
68
321
934
986
814
471
19
840
93
238
223
4
663
966
4
300
87
494
27
506
355
217
993
490
595
328
109
774
494
470
966
0
833
901
956
436
594
614
395
571
861
22
231
715
805
108
543
185
12
18
244
176
466
557
4
764
268
193
661
337
252
363
955
224
226
707
112
61
495
505
960
94
645
375
270
706
1
719
953
365
225
689
599
594
592
3
643
955
93
186
4
682
354
837
6
585
522
38
8
761
959
278
60
768
600
139
728
154
889
200
836
132
211
608
25
491
767
406
11
661
26
500
582
345
456
367
273
37
566
100
168
771
215
127
344
4
856
115
11
11
593
624
272
279
337
4
4
570
569
567
632
317
89
333
130
302
220
637
297
534
501
145
604
457
59
302
173
832
320
656
748
11
760
63
7
536
437
810
387
18
81
845
614
954
22
826
958
14
292
761
952
136
148
577
104
120
1
134
454
33
32
788
975
745
904
479
973
899
789
370
857
51
527
151
359
33
393
742
720
880
863
610
262
783
191
943
66
890
990
362
480
180
706
469
719
772
355
699
535
299
669
90
315
636
546
547
462
761
402
402
243
786
166
19
167
83
248
7
102
5
5
65
3
770
940
448
524
445
305
12
4
586
924
286
4
570
15
602
884
15
420
267
984
989
236
331
176
106
580
416
844
317
290
19
594
415
66
428
445
612
795
293
598
625
962
1
1
61
541
614
627
207
246
3
706
399
998
321
41
214
69
3
582
176
522
945
217
757
309
249
450
138
450
333
28
422
342
742
954
960
504
163
771
246
859
726
74
960
530
809
252
472
191
453
719
667
64
306
806
133
211
13
962
248
624
70
5
1
601
45
14
685
20
926
20
586
722
974
14
9
333
857
821
578
100
727
12
2
234
341
481
200
135
709
846
478
483
162
777
239
136
704
644
891
231
369
809
733
573
847
202
271
230
829
63
12
325
463
50
845
74
724
5
889
118
959
859
87
4
994
323
627
5
737
844
552
34
286
169
4
575
680
19
443
7
650
940
485
594
885
381
790
749
940
618
116
22
355
203
519
515
777
454
824
234
724
612
453
12
15
837
683
365
356
270
636
375
279
441
291
474
599
3
376
505
912
85
80
818
356
458
5
258
931
308
476
614
702
1
4
921
82
698
4
997
428
152
319
575
147
934
211
847
14
5
928
813
64
878
441
965
576
410
71
236
163
19
667
958
38
756
26
183
720
3
215
32
970
59
385
760
579
970
441
7
659
65
841
894
209
434
208
522
73
157
4
408
357
62
103
330
907
663
939
61
411
158
283
887
67
203
860
3
504
544
481
510
477
32
387
256
32
514
229
212
587
497
439
179
522
4
271
41
124
93
242
756
149
46
983
366
73
151
195
54
213
901
372
571
304
953
624
587
674
286
575
84
237
33
21
657
26
302
182
46
4
831
900
33
164
752
14
379
179
534
0
8
440
66
173
561
648
44
651
41
120
613
132
328
234
959
424
11
288
554
925
375
677
161
155
318
84
424
678
7
802
622
85
64
262
3
223
339
188
247
59
300
38
848
952
3
452
118
14
230
483
528
760
990
632
0
190
460
151
43
688
478
192
946
908
960
484
2
424
741
211
26
603
364
792
280
403
948
108
46
240
277
117
528
19
15
850
115
91
306
101
389
541
468
992
492
795
536
5
5
313
642
322
769
130
247
0
6
247
101
385
663
523
989
300
440
20
832
388
56
269
45
82
186
171
298
850
64
296
739
293
246
89
353
598
33
905
783
888
349
165
563
665
907
71
4
993
1
277
0
882
598
78
793
912
0
45
271
334
98
768
260
595
902
625
564
697
208
161
565
979
245
607
303
374
711
22
679
45
14
376
94
588
3
292
551
127
132
517
486
808
940
970
662
45
33
275
499
433
750
982
467
3
345
458
29
4
524
3
3
493
326
22
600
401
2
883
4
249
976
921
305
5
246
12
607
73
681
913
69
792
851
322
1
821
813
0
408
259
130
320
165
335
359
215
553
180
266
632
4
3
26
361
200
141
780
127
19
871
48
719
544
971
742
782
631
999
798
759
428
342
968
14
682
193
194
916
92
397
970
84
474
57
3
768
130
705
882
34
783
48
807
77
976
3
743
995
164
418
4
230
177
623
51
367
279
337
298
20
276
537
49
724
444
943
697
892
882
878
695
88
453
274
795
817
200
661
230
12
2
201
936
84
457
904
352
3
565
744
307
104
4
61
615
64
332
907
113
432
215
219
760
245
657
5
997
958
589
154
3
701
398
504
143
550
0
200
842
332
262
3
795
922
365
47
691
896
574
7
623
165
263
526
460
584
802
271
33
860
492
200
92
53
553
303
975
14
344
250
697
242
252
501
998
999
262
721
403
23
861
431
790
258
3
718
609
248
328
637
90
33
739
250
191
14
45
688
26
150
994
604
717
913
291
33
64
940
320
768
56
403
303
3
795
257
480
83
100
498
183
268
124
119
34
465
6
71
500
12
918
946
7
552
137
650
12
86
887
902
0
782
672
334
304
391
51
938
121
424
3
135
617
411
958
5
16
998
643
276
534
657
962
600
33
559
530
0
786
736
5
243
887
341
427
962
203
148
131
122
564
668
208
179
310
500
3
818
518
8
135
216
607
427
507
113
30
21
955
233
285
918
720
429
525
3
262
166
28
426
195
298
276
170
663
598
288
143
22
490
789
130
459
779
0
387
74
474
754
25
925
676
24
509
651
854
14
806
874
172
163
771
915
694
160
309
751
829
487
8
477
320
976
896
400
645
537
112
368
197
151
776
26
513
44
76
537
22
111
833
281
803
252
2
2
3
107
577
233
23
18
850
402
63
851
625
583
142
98
128
8
466
14
278
578
905
341
11
815
826
46
260
33
19
33
229
821
756
579
295
942
980
468
149
533
868
425
370
958
991
178
681
128
169
457
11
132
40
293
790
404
792
830
63
198
982
533
721
2
297
720
807
61
64
491
423
727
22
180
895
895
696
941
847
157
724
46
54
19
764
460
818
894
3
848
192
269
122
738
622
34
359
70
88
99
63
583
204
955
5
994
0
248
696
55
227
537
631
653
277
827
710
828
28
659
184
115
823
398
183
33
196
167
4
4
921
106
470
288
766
42
14
41
413
25
440
615
541
803
413
806
539
592
638
939
445
14
879
56
711
122
823
945
3
457
295
546
906
147
648
94
622
487
218
736
298
341
804
816
32
603
190
926
475
985
118
794
3
606
304
298
0
769
479
328
974
976
158
7
290
269
386
91
42
84
2
2
355
642
612
941
592
395
656
570
5
309
723
972
651
91
4
4
4
135
727
474
405
81
367
34
530
651
868
681
653
158
149
589
141
180
659
218
48
47
312
538
879
245
952
771
705
348
459
677
174
710
624
30
362
24
940
997
795
768
990
312
758
359
165
628
376
492
17
132
418
29
892
817
431
918
603
551
977
401
63
102
255
923
685
572
164
100
14
802
333
773
970
941
250
262
383
16
491
18
318
200
643
15
795
963
295
516
92
275
999
910
853
161
529
19
487
487
741
33
6
15
992
834
876
607
531
791
4
3
491
222
206
648
81
33
659
67
426
584
711
295
852
758
0
737
587
888
363
106
942
13
233
872
100
925
896
3
392
8
429
699
793
727
804
613
731
925
756
967
3
3
794
413
844
180
681
136
170
222
213
729
910
371
579
966
888
129
219
315
34
464
134
20
947
261
438
554
382
319
233
26
21
204
45
113
816
859
253
330
550
61
688
265
156
486
600
585
78
405
169
721
35
154
447
662
941
65
274
455
434
98
628
61
33
20
61
61
873
975
972
889
833
142
601
285
90
273
456
969
115
188
765
170
374
714
585
394
69
385
377
346
295
56
263
458
444
110
168
254
22
8
45
361
146
21
417
283
336
590
134
437
2
8
505
168
15
833
142
545
531
649
19
68
742
852
127
386
3
311
840
724
845
3
9
72
271
899
838
318
804
924
615
392
755
69
512
122
927
997
2
710
475
559
499
165
20
168
127
771
155
79
734
343
263
628
115
173
494
3
385
393
1
370
128
906
20
3
772
551
312
456
935
922
612
565
724
456
466
397
231
284
269
977
555
951
261
113
373
515
939
577
19
269
5
66
144
2
939
18
222
943
721
229
570
509
499
8
602
80
852
332
83
203
371
63
436
378
85
362
45
787
692
4
167
102
719
80
565
582
3
4
14
19
118
701
88
326
740
796
328
486
3
758
431
802
223
22
874
499
473
981
10
385
14
844
878
429
26
73
268
347
614
249
418
709
244
509
890
162
472
307
646
296
181
302
4
522
814
562
63
45
0
257
123
391
1
95
371
852
795
609
37
754
684
0
220
840
127
56
88
16
61
113
716
994
297
529
951
554
3
533
508
955
649
318
141
328
442
379
308
33
969
673
153
300
909
949
317
725
4
21
271
374
224
132
497
254
665
193
259
990
913
900
16
821
4
795
57
5
636
70
927
289
943
136
388
0
153
749
811
815
319
862
204
35
441
4
2
153
219
577
739
137
197
11
180
269
993
718
777
610
924
488
901
546
4
253
493
505
4
440
5
581
19
989
174
148
926
1
285
370
166
3
463
101
135
555
453
541
126
17
874
848
426
785
604
21
760
11
113
887
641
233
3
3
526
301
32
129
108
4
402
374
965
897
1
326
800
7
218
104
777
951
437
344
931
15
270
248
776
3
457
179
179
248
887
76
0
239
204
391
166
437
112
415
495
114
410
293
957
33
968
622
811
873
26
561
985
231
33
611
443
45
534
575
970
51
952
451
168
290
657
904
921
405
864
715
415
569
858
738
585
40
753
205
367
3
970
233
525
816
398
634
654
706
147
305
645
69
262
350
559
3
452
288
132
367
769
597
22
93
594
780
600
186
509
166
210
730
471
464
209
132
141
99
990
182
199
479
811
2
198
844
228
840
486
686
818
1
798
13
2
618
376
1
659
595
3
630
666
367
951
655
814
969
63
476
281
32
746
207
580
859
489
64
426
548
19
419
65
763
823
110
1
4
33
2
661
757
374
980
344
89
134
186
830
965
893
8
196
843
314
611
200
22
50
688
4
164
935
614
852
752
92
639
309
11
874
141
45
14
237
813
447
184
370
972
508
551
608
750
312
63
585
234
200
675
712
33
457
404
930
320
191
589
287
92
16
154
454
603
200
647
318
66
867
484
81
187
578
517
367
405
493
691
3
4
337
20
904
404
12
970
877
388
687
52
729
9
205
449
504
650
49
430
227
419
15
71
238
891
0
0
636
491
149
510
188
482
982
246
36
271
760
711
485
330
112
102
286
72
988
743
749
532
8
487
285
412
324
763
37
5
45
667
375
417
663
723
571
4
816
328
0
532
38
865
542
777
281
133
892
517
894
3
446
772
0
12
193
395
383
455
304
318
70
1
113
571
61
34
15
45
297
7
949
603
49
387
882
221
33
549
98
746
348
1
300
424
452
527
319
176
5
83
320
922
823
824
345
226
226
933
298
63
393
799
800
651
32
307
924
133
756
221
899
249
824
393
814
198
934
763
555
960
250
21
17
662
640
140
641
61
0
13
702
408
855
477
284
4
20
631
692
983
188
61
799
418
31
996
670
29
994
425
575
65
303
88
610
935
101
616
961
788
215
761
665
14
11
98
545
286
115
547
886
232
355
707
908
240
859
241
889
980
512
41
527
720
232
205
606
40
810
429
958
30
588
100
5
237
245
13
527
380
2
2
494
546
439
692
538
12
700
734
777
704
341
759
161
963
474
69
270
250
426
0
467
239
583
564
926
1
650
151
20
11
926
13
795
475
74
617
256
872
55
648
895
753
242
11
956
992
5
653
275
966
165
205
806
651
67
3
235
631
417
938
795
982
876
210
785
918
995
200
324
225
32
124
145
539
106
959
524
495
4
826
831
773
989
226
844
42
943
218
970
480
803
34
4
361
508
55
130
725
731
32
913
109
177
156
818
292
354
819
959
272
5
125
342
282
768
190
146
870
436
925
138
435
77
125
130
800
251
515
319
7
677
141
751
16
11
749
255
130
224
966
306
108
961
565
487
990
133
752
127
654
101
804
4
4
877
748
566
528
363
298
906
86
437
591
725
410
704
48
8
95
962
267
201
7
423
516
744
601
26
55
592
646
154
482
897
355
32
409
30
295
367
324
166
521
1
431
390
32
53
21
62
715
579
283
771
998
302
368
8
936
959
206
188
469
235
226
193
64
319
157
855
35
399
120
191
568
50
925
103
219
809
712
495
517
145
198
917
185
4
305
650
894
583
956
132
950
611
655
193
456
839
515
895
560
0
22
164
65
760
733
34
366
182
351
354
437
735
792
84
0
12
490
142
860
716
4
4
594
678
986
82
678
133
380
246
635
0
457
486
563
871
0
307
0
80
627
379
260
614
91
428
619
273
14
556
110
545
47
589
890
149
123
684
270
837
615
921
950
338
1
668
538
0
952
499
48
444
708
785
698
122
775
737
272
254
84
987
775
483
377
575
45
733
106
76
22
711
33
73
191
586
14
555
96
78
571
849
974
15
586
477
78
779
101
140
593
540
813
572
236
904
692
3
202
565
402
155
891
103
27
92
478
543
2
323
590
563
814
406
698
856
577
224
7
585
151
899
651
106
471
4
4
374
5
4
4
746
166
16
127
328
270
985
10
335
966
790
596
843
879
686
550
793
879
850
777
136
815
107
300
122
864
736
63
200
905
184
800
34
842
80
680
794
69
218
293
628
4
578
788
64
106
735
898
357
496
293
608
399
173
60
762
38
704
302
127
553
161
937
149
479
472
114
73
582
927
184
349
94
692
971
712
2
474
599
308
352
533
27
929
49
433
19
747
596
911
328
202
788
389
45
92
482
317
868
274
797
159
221
259
293
539
797
620
206
133
526
955
144
579
703
156
854
719
804
204
64
142
369
12
151
987
256
163
160
14
503
968
195
826
464
422
110
88
26
144
4
902
338
336
145
363
277
199
634
831
636
46
951
971
348
951
844
273
653
0
555
856
1
274
895
505
827
674
86
509
11
505
511
308
20
629
793
230
944
426
921
103
33
958
554
496
473
844
809
577
72
861
0
0
758
761
696
26
153
540
35
182
326
127
13
869
554
0
15
4
203
855
131
112
390
769
675
379
449
405
459
121
32
5
124
26
810
49
304
251
984
94
161
725
853
284
971
118
289
2
315
200
32
627
387
255
580
797
804
667
296
551
416
530
820
575
45
786
280
641
487
100
708
283
5
192
227
572
933
438
148
573
872
366
998
749
278
806
450
318
625
15
791
986
572
600
850
524
199
33
804
459
10
304
616
952
21
449
722
874
68
280
746
4
701
404
237
728
941
766
475
468
254
356
194
937
959
136
103
916
449
461
283
953
9
570
764
844
62
216
657
384
33
373
20
278
948
833
825
187
0
189
49
840
37
361
848
383
615
607
838
746
206
713
541
128
539
458
749
57
411
722
344
27
784
381
12
101
870
332
531
734
1
255
403
994
49
350
336
180
64
724
26
630
893
358
71
32
98
477
481
450
14
816
232
429
897
248
812
471
111
380
137
782
615
184
501
36
295
897
211
47
533
888
242
968
91
684
20
288
336
416
101
576
215
9
898
995
143
575
582
0
3
203
708
42
216
118
251
855
512
124
406
831
638
887
884
584
896
468
450
215
222
47
42
809
772
199
753
67
942
40
873
370
785
160
8
51
10
683
121
26
100
946
11
459
461
153
539
798
8
493
14
293
271
313
320
482
71
393
834
335
905
321
706
245
44
557
372
113
850
128
66
740
957
606
23
830
335
771
15
777
569
289
593
452
579
518
588
401
33
566
931
487
979
687
35
180
50
979
456
71
891
910
735
61
861
172
631
325
179
115
393
439
758
994
796
833
509
998
508
710
292
86
232
31
185
862
382
843
508
484
932
82
698
234
23
410
434
250
246
20
665
166
826
94
35
51
870
517
188
944
250
443
430
734
161
814
735
162
861
625
193
518
144
154
571
293
556
163
948
216
600
19
737
29
997
395
534
262
875
178
565
589
136
835
226
924
663
861
964
491
555
774
177
485
934
127
738
961
726
896
415
213
166
612
259
572
366
73
606
8
397
252
971
985
168
51
294
615
161
923
865
203
147
847
122
138
972
21
630
762
525
443
546
101
555
747
367
21
861
517
489
146
666
719
878
310
384
966
696
204
605
23
74
688
426
311
39
708
954
91
617
668
78
637
605
510
335
103
240
707
161
302
13
516
187
8
332
529
209
523
113
951
702
398
404
798
59
676
771
45
259
557
415
35
111
778
547
868
519
603
178
630
972
370
28
3
52
669
173
395
759
966
515
864
160
509
700
279
90
678
31
675
45
301
933
370
539
424
493
118
855
573
468
278
80
25
498
527
78
781
144
18
95
225
473
163
220
487
398
798
226
713
562
274
13
827
59
111
472
253
287
186
560
9
199
866
514
539
22
171
624
551
740
388
759
663
630
378
200
505
32
579
648
161
978
653
407
632
100
28
420
547
882
650
82
621
165
535
561
645
58
224
662
454
208
86
654
511
766
438
32
354
570
179
704
535
975
396
73
777
532
9
208
914
500
907
176
118
325
904
138
924
639
24
711
484
65
34
562
9
965
284
486
821
721
632
652
22
671
831
110
919
299
20
561
985
916
384
848
973
33
100
10
432
487
156
800
810
804
168
488
453
531
989
144
724
270
616
26
880
357
260
474
256
655
6
456
149
63
915
10
904
76
247
996
101
812
344
671
197
886
133
965
944
110
879
437
377
142
531
710
30
108
647
885
796
861
685
265
148
528
150
520
176
323
923
542
562
121
997
15
627
469
244
773
744
193
161
540
879
836
438
222
14
756
33
155
52
94
8
785
14
270
976
942
347
325
740
739
319
409
814
123
672
0
752
148
625
578
733
355
359
919
839
880
85
861
84
5
277
807
687
726
306
68
2
437
317
602
478
799
274
805
674
782
450
480
709
0
576
437
538
46
461
918
100
807
888
880
160
927
690
351
655
347
271
612
667
558
154
304
252
855
539
554
232
835
139
893
86
537
579
328
619
326
687
707
4
330
804
290
26
299
452
78
125
848
735
726
177
121
283
827
842
797
101
922
0
487
708
12
284
21
641
748
57
591
262
267
279
710
996
823
8
63
580
516
351
9
362
884
795
403
64
855
527
809
289
950
353
151
424
340
456
303
973
4
211
114
133
143
44
720
762
968
673
850
902
605
600
163
475
442
109
318
762
365
567
55
247
702
438
131
879
891
739
317
332
616
177
510
525
71
44
190
410
490
915
258
424
765
991
783
826
388
885
719
1
210
790
696
940
81
577
682
50
444
719
842
231
737
68
33
191
71
342
876
64
980
343
260
892
507
697
649
220
572
721
823
325
655
216
358
432
260
102
152
872
319
410
274
922
787
103
870
986
188
199
386
20
152
100
211
151
622
330
858
516
646
189
174
625
789
33
172
571
193
446
524
814
896
90
807
324
670
668
754
118
877
821
805
19
419
23
238
813
793
653
97
678
866
62
484
630
542
378
499
259
630
455
126
845
779
129
614
465
367
3
3
642
468
414
572
720
885
312
219
288
239
672
266
357
3
11
67
478
722
487
403
131
984
503
778
976
998
636
330
380
610
857
677
143
16
269
108
253
138
296
648
898
736
299
55
660
467
458
528
553
404
541
176
322
738
73
478
160
910
14
131
214
984
113
802
738
123
15
92
787
896
0
495
874
731
91
80
607
964
980
79
392
565
109
112
309
284
76
280
523
544
491
857
376
885
261
478
188
532
845
960
241
702
130
24
604
445
936
305
753
828
5
692
797
187
526
713
97
187
370
892
471
636
221
119
663
877
989
987
417
890
323
472
91
690
738
30
306
567
11
330
701
387
20
228
820
956
856
368
897
71
407
736
50
800
91
57
181
676
764
193
772
64
669
106
631
896
551
681
7
978
626
267
181
837
354
263
53
475
703
314
3
955
355
448
391
674
308
588
432
610
3
91
487
258
414
935
631
2
452
986
736
814
3
452
563
999
226
500
400
568
984
3
64
574
774
492
303
820
399
67
534
605
1
915
760
157
667
784
833
4
0
489
396
166
205
465
645
8
90
672
811
831
741
975
173
452
471
604
726
211
4
690
340
183
64
580
870
219
565
747
35
865
607
169
117
543
146
948
735
715
881
276
23
873
660
903
192
794
185
587
188
808
644
21
120
578
387
648
845
118
338
174
603
827
177
41
3
451
382
262
943
15
118
397
346
1
862
492
683
595
87
900
619
720
145
752
324
957
19
314
591
53
4
730
4
832
879
288
333
755
729
442
380
15
421
665
478
533
136
776
162
61
47
18
781
224
606
210
880
268
344
156
815
549
243
429
26
426
16
643
810
513
393
591
555
137
599
505
610
129
373
218
669
37
821
798
717
765
691
722
603
917
615
801
90
509
157
925
342
797
792
284
69
9
486
297
874
180
528
279
982
745
806
708
980
16
665
775
464
766
948
61
738
751
221
874
453
237
173
715
349
826
995
967
115
31
179
746
674
242
13
499
165
307
758
793
557
693
859
453
243
503
272
320
178
966
369
971
564
727
519
928
768
421
346
132
614
157
112
258
647
925
921
720
356
396
64
1
646
240
232
436
437
291
744
539
987
907
625
385
739
956
58
747
988
672
997
233
549
431
959
103
804
100
90
327
128
886
332
151
493
799
97
70
244
87
487
59
773
750
399
718
498
779
452
673
272
917
340
995
847
77
754
270
186
60
647
972
977
359
640
196
48
622
539
526
111
334
382
480
696
883
278
332
739
6
876
155
318
521
421
328
18
435
264
0
896
739
454
480
460
92
583
481
994
714
266
781
632
723
433
64
942
916
426
241
834
184
309
944
741
791
761
597
561
9
551
484
75
881
21
8
102
887
83
427
419
961
952
106
222
683
580
634
183
862
920
601
775
764
815
656
98
325
667
636
450
16
931
23
783
534
387
927
541
635
995
138
572
734
428
304
179
108
622
321
482
585
64
236
366
82
670
356
898
869
353
399
278
515
419
493
295
567
188
601
229
199
448
421
425
338
970
799
982
267
481
658
646
69
393
26
407
88
101
813
446
143
2
493
540
796
213
403
666
530
600
123
979
61
952
61
304
222
764
824
735
698
185
992
850
97
193
320
265
77
163
568
919
209
913
729
179
293
593
506
606
373
260
597
265
327
867
69
890
935
22
454
547
427
259
566
518
944
550
515
449
394
663
576
708
973
780
26
373
698
3
1
636
629
82
690
981
80
38
130
893
771
377
88
732
283
599
850
340
96
597
321
157
445
674
682
258
576
474
763
896
148
486
522
368
886
384
170
242
627
132
216
236
29
106
744
833
868
467
462
319
671
20
833
280
48
919
752
243
359
851
751
440
194
126
536
545
389
807
737
86
239
826
260
878
713
14
384
122
486
94
812
246
539
918
294
560
821
205
181
270
561
722
502
74
976
223
832
130
8
413
407
10
324
2
527
717
210
467
568
44
801
783
589
759
627
820
515
501
656
977
555
923
82
242
730
11
352
721
593
520
349
24
450
720
44
864
345
35
132
165
707
595
15
980
96
23
704
571
887
50
904
937
954
877
418
12
920
695
999
742
329
760
349
673
732
212
219
310
230
948
489
184
601
82
996
722
93
16
268
755
107
386
765
440
293
260
138
725
568
63
151
498
55
932
122
566
333
266
331
270
532
55
482
199
284
386
703
893
832
170
0
890
202
625
532
323
651
19
576
980
21
441
952
217
492
787
935
1
85
116
374
240
251
243
233
159
756
513
588
215
57
51
674
961
35
444
905
448
173
262
528
628
972
21
588
316
632
147
63
295
59
204
467
0
107
297
22
541
328
274
217
217
632
377
297
771
429
884
947
647
535
87
591
530
967
908
267
329
195
79
467
466
856
903
747
979
43
934
97
132
340
788
197
12
347
428
43
894
30
107
45
84
929
835
535
588
81
459
484
275
447
109
725
502
317
129
191
156
343
112
936
399
575
724
910
434
835
953
303
411
476
66
374
869
192
620
65
849
910
531
849
27
78
783
149
12
87
140
194
912
560
193
275
758
315
744
390
724
157
511
487
197
931
995
596
927
557
685
353
750
165
101
481
550
938
101
156
446
844
776
408
26
979
978
835
858
894
474
767
277
770
242
63
847
624
84
376
1
228
259
289
254
827
265
96
445
468
405
449
618
3
818
45
746
86
39
945
910
162
812
872
835
433
429
219
691
185
658
478
438
265
575
402
373
487
0
45
719
580
20
24
746
297
366
293
212
105
840
62
606
562
915
846
284
751
358
210
952
551
194
625
243
215
204
236
531
32
402
202
87
919
469
65
772
55
571
37
765
330
884
510
222
78
980
238
419
400
64
141
307
317
824
882
179
666
47
826
276
105
150
6
202
450
514
181
335
115
39
122
183
431
300
669
447
721
29
0
149
714
69
990
359
695
992
785
849
822
850
173
237
245
964
971
198
486
533
210
918
992
302
173
350
287
262
341
465
904
886
625
801
552
69
944
113
33
749
352
240
493
781
764
156
37
59
398
146
1
25
41
923
978
976
33
410
929
911
649
52
51
436
117
314
832
400
4
780
577
70
771
997
573
989
2
428
776
803
738
217
241
9
292
267
57
752
73
53
166
845
147
662
55
325
751
912
999
914
21
842
4
651
4
955
247
789
390
641
606
898
161
442
909
356
366
45
82
1
377
317
102
393
179
913
9
630
917
449
159
36
3
127
577
354
293
318
158
489
563
672
652
785
429
793
200
79
673
770
151
611
608
231
348
96
973
724
516
961
758
548
531
66
39
895
206
35
116
404
516
918
220
690
387
193
15
407
269
155
45
916
289
451
87
664
937
920
688
583
764
879
10
325
963
438
646
16
716
744
510
107
816
378
517
225
56
80
835
346
256
310
72
653
907
862
103
513
456
239
909
315
336
338
669
99
547
254
443
440
84
910
82
254
891
184
295
270
766
636
41
118
822
5
551
675
942
681
606
791
849
444
551
783
722
576
442
260
778
734
585
600
347
589
823
165
158
966
387
442
559
162
742
15
373
186
489
503
196
333
265
93
973
765
234
484
394
952
221
946
923
198
614
302
636
177
757
48
122
52
755
329
357
773
544
372
130
121
754
200
22
447
83
568
661
351
192
599
0
806
733
851
837
96
787
745
545
581
333
245
364
101
366
475
242
323
382
611
450
529
45
359
480
601
250
0
487
914
899
612
845
184
454
138
247
617
184
236
507
187
633
22
554
454
199
708
674
329
255
752
959
200
903
241
75
757
922
182
118
907
670
707
609
933
585
680
197
304
945
913
637
551
451
28
806
47
2
630
447
331
410
621
586
456
881
786
42
321
991
737
831
708
578
12
138
702
73
735
502
989
365
504
851
449
680
451
635
619
570
768
126
628
159
593
45
795
933
402
774
178
696
472
660
889
547
916
855
925
346
113
194
148
38
869
298
304
123
100
268
234
293
922
520
936
92
255
995
7
21
327
412
528
198
33
150
793
338
415
430
508
286
986
278
130
878
249
170
595
409
176
271
65
340
720
122
375
413
11
490
40
625
38
608
468
84
781
539
651
329
728
67
762
157
333
200
68
714
327
367
691
247
912
148
55
335
607
849
273
300
951
64
777
262
288
823
171
890
541
772
460
226
983
13
789
471
632
487
439
992
53
294
263
883
111
55
243
878
433
526
585
320
884
3
926
150
45
994
282
18
251
751
964
423
221
82
888
421
296
144
836
401
786
821
104
736
961
303
956
331
749
520
204
43
787
808
221
498
390
423
881
289
984
666
480
939
342
966
382
170
262
471
852
221
504
916
0
585
62
166
32
367
453
267
58
153
7
343
35
515
71
925
193
329
943
224
190
184
225
469
473
347
279
18
780
949
941
982
339
20
238
767
936
615
954
961
540
440
84
686
457
108
29
795
179
949
337
627
824
407
568
597
198
602
503
453
671
227
104
168
557
909
33
118
370
656
866
48
485
282
953
66
159
912
115
771
288
397
615
614
662
974
445
112
672
346
595
476
880
725
904
26
841
638
83
474
368
406
474
924
168
370
870
301
519
541
66
153
60
467
373
122
285
47
955
483
607
868
59
191
149
261
150
694
451
539
853
173
250
84
353
381
505
30
10
531
381
407
38
767
872
845
648
579
5
3
417
393
786
482
110
511
657
429
66
303
248
515
64
989
327
943
389
116
888
367
388
748
670
263
19
99
865
415
114
439
821
389
951
649
912
856
670
18
524
838
823
980
804
391
368
603
341
54
791
19
61
601
233
834
195
909
552
133
615
776
491
695
415
262
676
94
501
285
311
258
398
469
290
371
955
196
475
463
495
245
20
348
704
696
835
773
67
56
2
30
233
830
543
825
147
954
463
221
846
276
517
480
66
626
512
633
259
672
787
980
215
876
769
688
305
785
236
912
168
994
446
460
318
427
519
145
404
658
954
402
246
778
609
555
633
594
261
993
749
904
407
863
11
265
680
55
983
930
736
86
34
635
242
625
417
153
61
607
355
119
534
830
347
155
983
196
985
19
118
924
962
606
268
816
166
808
412
684
843
474
780
445
616
689
431
713
793
858
693
742
291
431
13
285
299
860
855
397
157
69
70
195
669
801
302
888
335
449
475
606
783
987
716
875
282
156
354
514
207
440
854
626
395
594
541
129
680
686
863
643
487
595
877
833
422
972
280
510
147
196
129
344
679
403
494
903
54
27
666
433
436
315
459
528
268
867
647
152
337
573
562
285
465
73
527
41
746
207
371
13
720
916
345
631
143
382
186
668
147
647
938
501
167
725
510
362
267
475
694
853
381
332
88
965
680
683
32
247
885
453
541
216
383
430
561
344
502
943
357
415
94
223
277
145
185
822
250
533
928
676
518
421
596
375
932
178
190
46
186
149
384
720
576
398
807
925
314
443
971
684
683
394
892
509
750
688
495
985
745
232
519
726
496
379
960
761
742
930
817
85
377
142
156
373
541
0
859
664
771
721
774
466
116
710
170
44
103
201
255
514
728
64
681
652
226
380
448
871
677
827
492
359
843
335
564
458
912
905
512
214
552
741
599
939
985
676
647
757
192
481
59
725
846
512
161
33
684
982
884
837
322
56
221
612
328
126
231
702
588
192
83
880
481
367
418
63
61
970
890
903
508
151
972
203
356
450
935
659
217
865
52
166
43
251
142
482
644
964
262
350
545
297
108
760
18
404
679
449
827
360
271
218
173
757
189
227
649
214
166
457
27
92
608
838
463
991
654
707
772
684
522
993
775
424
225
647
58
756
867
178
268
443
321
458
499
971
150
26
883
254
663
208
143
695
881
823
109
323
908
506
769
393
878
199
32
515
968
457
404
678
225
318
776
442
58
103
879
97
716
341
529
147
648
998
585
246
442
591
22
255
746
491
932
634
299
220
655
275
220
78
97
298
204
259
304
862
36
835
954
963
752
974
114
917
186
166
271
511
335
113
919
610
172
532
203
976
979
23
85
944
732
509
859
86
414
713
646
48
554
15
78
75
185
648
200
656
676
397
522
775
495
22
797
1
5
554
602
375
661
748
217
436
466
907
247
259
874
42
657
62
327
951
254
923
629
249
229
610
869
353
541
572
552
77
508
556
250
99
178
935
360
589
533
489
285
952
108
282
681
131
565
346
451
352
525
298
4
334
242
689
835
607
190
736
882
30
961
199
127
147
748
344
645
68
825
934
250
986
873
273
554
926
149
787
860
197
46
453
95
288
335
276
267
535
542
258
741
496
897
481
395
172
357
807
996
551
747
950
403
936
117
651
464
362
763
199
344
466
556
721
365
348
49
200
271
813
898
79
376
250
652
988
742
747
431
187
392
995
754
682
930
625
144
416
828
719
338
85
844
9
3
798
260
698
780
530
45
787
417
780
359
783
883
317
499
971
931
419
762
269
70
981
982
243
286
699
902
805
897
492
988
164
407
983
942
959
219
128
17
82
818
207
306
501
354
3
572
367
449
206
759
367
680
568
156
435
596
287
476
278
141
107
380
515
748
971
147
970
478
207
243
653
839
475
152
667
389
639
275
220
246
221
726
708
38
288
822
149
473
920
732
721
643
229
664
386
179
523
530
384
656
394
108
839
893
107
420
79
299
103
799
247
742
944
650
260
152
107
300
708
254
353
74
909
684
705
664
379
819
865
1
320
73
987
559
100
417
545
74
188
969
402
861
279
883
726
895
638
45
456
595
91
831
930
673
15
770
164
633
289
626
92
219
3
155
790
114
145
894
71
24
298
350
183
479
141
121
705
551
312
355
381
323
678
842
1
654
115
299
888
181
566
783
323
385
65
976
45
174
89
507
423
133
635
192
20
857
915
674
212
544
4
780
618
459
103
101
145
134
226
32
855
365
904
770
518
71
963
246
514
420
242
180
553
758
880
479
541
139
618
195
871
86
302
501
36
66
911
609
858
293
141
900
372
790
957
479
453
340
445
149
746
180
96
684
169
727
41
370
387
808
253
400
400
438
877
214
264
238
715
866
520
95
896
771
8
136
188
594
484
890
643
601
157
455
827
148
305
521
805
439
136
966
234
41
376
836
351
945
973
73
483
346
511
615
988
202
492
674
569
315
6
44
511
393
254
219
810
665
837
794
558
19
311
126
306
708
217
452
701
855
516
668
771
142
393
115
911
13
39
366
715
396
970
801
365
671
20
565
786
125
687
280
740
202
124
781
617
852
240
737
337
773
665
945
119
488
844
319
893
376
21
463
521
24
656
427
60
515
869
699
220
240
520
698
993
264
883
796
288
500
607
293
19
483
15
2
613
526
103
30
314
440
292
690
516
615
686
200
996
462
867
700
541
970
796
499
759
43
225
168
792
848
137
743
82
504
555
194
816
812
104
856
506
836
204
792
958
161
703
978
244
498
371
327
250
732
768
717
149
815
241
730
999
607
599
664
894
159
0
203
390
357
289
478
727
377
491
36
266
191
444
368
842
901
681
24
68
943
629
73
11
89
626
699
391
320
58
298
808
181
537
911
891
610
329
722
653
921
755
65
684
690
628
421
69
7
336
193
419
243
918
235
491
235
870
969
353
817
984
933
496
204
584
520
140
594
379
403
753
470
138
198
565
51
291
998
896
862
316
557
175
288
666
664
314
389
271
277
204
968
69
166
226
260
509
270
11
441
780
136
201
150
378
520
313
639
693
63
490
495
494
360
442
57
333
654
356
575
354
267
128
933
173
717
50
627
101
701
304
826
899
337
783
210
313
468
413
475
547
576
113
35
571
3
675
110
490
220
986
561
794
508
516
76
634
925
431
95
60
142
795
362
798
281
31
201
284
7
64
809
700
937
795
459
33
408
192
313
160
98
666
653
173
268
878
226
9
697
792
862
722
488
325
227
525
489
485
94
391
328
119
175
651
590
7
19
443
924
760
354
499
250
334
210
746
489
12
314
25
474
78
943
377
300
309
123
207
349
74
823
112
967
947
518
863
187
971
493
79
12
138
125
861
583
948
175
953
978
379
875
646
678
356
9
587
558
113
338
549
675
88
566
662
625
638
542
462
813
569
47
564
313
237
880
14
335
534
288
138
189
651
296
541
319
142
339
138
765
361
389
789
532
288
598
82
329
415
722
396
236
703
503
450
933
4
182
412
462
95
919
238
8
730
962
984
707
5
403
880
752
123
32
502
706
203
835
568
533
231
403
186
129
650
344
592
458
673
33
434
320
727
393
495
797
657
376
837
655
772
796
286
188
723
814
161
178
781
302
93
55
868
983
450
343
10
455
15
922
492
235
651
298
993
532
27
126
267
347
395
897
582
945
266
316
893
927
351
659
127
166
383
608
448
239
110
782
852
397
541
332
371
711
504
634
103
152
821
807
59
83
659
176
499
804
381
942
66
567
942
432
578
35
25
10
607
994
293
233
502
828
117
850
574
969
339
851
737
97
530
790
532
565
669
137
438
64
382
680
307
55
923
65
226
976
202
46
44
742
508
197
695
452
311
855
772
750
518
532
243
288
153
15
179
121
895
619
484
218
199
32
62
974
312
754
448
83
30
918
943
748
118
161
75
147
93
673
38
989
596
252
109
349
713
167
821
562
603
177
99
171
820
368
246
541
392
814
665
574
548
658
84
85
205
2
76
275
919
401
203
47
937
497
95
888
658
539
426
22
723
187
801
835
633
365
364
976
444
880
450
24
119
321
867
535
122
411
949
377
613
177
179
254
886
922
187
476
934
351
911
101
234
604
371
228
361
712
769
895
461
461
89
766
396
651
77
54
531
84
13
286
501
169
495
588
760
612
498
979
863
723
180
514
639
795
985
449
429
846
301
621
568
125
940
193
125
38
421
51
93
7
275
770
86
171
878
831
515
117
759
310
149
657
26
11
527
779
93
282
863
386
516
584
439
826
255
361
23
698
462
104
832
614
645
780
623
68
794
649
715
38
15
90
352
646
401
559
77
232
650
913
520
190
245
977
189
550
821
903
66
606
48
553
623
413
931
815
3
677
988
610
960
509
351
129
347
790
323
970
600
519
350
435
823
440
662
662
425
797
771
778
99
662
797
8
801
63
642
576
113
783
7
410
177
307
810
907
196
779
944
978
737
71
595
794
64
310
163
693
358
598
208
489
730
266
976
78
930
279
11
29
798
807
243
66
314
585
614
33
57
26
714
163
366
933
722
420
946
19
492
846
72
701
330
643
483
9
264
243
642
519
665
464
213
122
312
186
990
839
394
917
549
895
683
356
218
838
6
989
384
47
236
360
493
636
251
249
368
175
338
740
560
121
623
838
67
232
707
888
796
266
78
842
183
759
72
351
305
832
937
102
199
453
756
791
836
210
809
878
984
997
873
630
30
70
156
231
647
447
455
851
215
614
296
984
576
444
110
299
654
778
51
442
146
864
4
57
968
525
966
18
238
203
750
336
59
101
70
115
388
580
989
686
321
644
444
165
751
565
491
291
654
15
160
561
484
410
278
3
402
690
251
178
861
636
708
929
490
185
63
66
944
411
276
73
16
734
334
884
542
668
637
951
979
30
33
804
83
578
720
82
17
801
225
204
126
821
926
67
673
198
201
46
168
463
601
703
578
494
900
916
651
359
270
25
950
797
353
994
662
29
506
879
542
917
820
877
19
878
57
495
790
875
314
636
710
661
747
129
226
980
361
771
15
371
912
343
528
938
313
69
634
246
592
401
648
73
176
880
793
325
56
116
4
429
476
2
813
648
173
370
578
876
509
620
143
238
168
14
894
74
94
818
668
871
575
58
396
317
906
618
820
660
553
353
992
259
48
646
242
689
348
133
131
509
481
441
143
827
18
536
962
211
423
382
432
589
231
19
884
510
149
107
328
169
340
944
228
119
145
545
756
884
140
116
128
572
126
362
751
391
379
991
162
623
129
190
291
118
573
595
619
896
513
784
591
518
657
983
693
961
597
989
510
583
543
9
959
304
680
110
876
114
229
367
6
249
364
85
30
290
201
693
248
813
131
285
361
11
614
941
298
84
214
476
343
743
767
135
121
573
234
676
32
34
748
486
297
868
615
260
702
271
107
819
767
977
886
826
131
545
41
805
418
620
313
543
788
345
868
477
252
645
635
898
396
183
354
371
617
407
155
788
807
135
111
19
211
104
10
31
753
307
753
130
269
955
91
410
439
118
164
561
115
601
442
395
497
11
187
487
738
789
798
383
242
252
539
924
78
835
423
492
608
297
590
471
808
517
631
549
52
167
557
526
252
289
93
290
897
457
720
888
797
818
530
742
677
319
46
871
455
24
754
623
492
37
453
164
781
530
563
300
950
10
377
132
255
211
128
509
621
724
554
598
637
383
194
535
227
356
463
515
131
626
736
375
208
507
701
469
14
232
877
704
309
561
767
344
951
717
29
483
978
306
169
460
65
181
478
599
374
324
686
165
282
45
429
52
243
379
137
90
830
178
787
727
30
96
221
717
271
327
432
611
977
510
286
528
584
930
33
591
621
212
20
887
742
283
787
678
758
291
963
285
559
950
684
56
904
937
993
810
478
724
992
50
452
9
669
585
387
42
186
303
667
567
280
659
488
510
969
126
259
465
167
960
875
40
100
608
448
34
441
225
442
549
993
99
919
937
107
590
501
244
65
893
247
1
349
840
929
672
263
170
806
479
618
458
518
778
596
230
524
789
516
141
861
231
256
52
359
900
82
586
25
268
886
877
141
320
129
840
976
294
740
332
60
535
636
163
379
495
916
826
168
360
375
268
216
741
483
717
703
340
987
38
34
139
137
192
110
268
693
617
555
800
359
785
170
694
477
151
635
823
19
910
81
350
599
723
635
178
77
708
992
357
66
81
350
561
245
562
41
64
714
39
318
372
77
12
200
634
389
426
377
896
221
990
188
20
322
67
358
34
790
481
760
720
372
348
90
653
595
334
597
367
897
894
880
905
658
416
620
506
483
499
846
382
452
956
947
297
465
252
558
712
356
440
616
698
664
902
25
339
835
10
166
185
758
689
318
855
705
298
689
805
786
649
318
798
743
682
969
148
464
309
338
560
519
102
946
493
460
671
302
613
528
556
172
145
928
305
65
630
286
575
153
96
630
175
63
419
300
890
973
637
911
153
922
884
889
535
796
174
4
913
45
10
862
500
571
947
240
180
275
654
65
201
608
284
282
211
838
402
425
296
240
834
789
511
419
343
48
803
913
386
146
324
476
697
16
747
442
40
585
575
520
673
535
179
584
874
587
440
369
915
20
102
145
732
31
775
847
535
619
612
91
5
234
667
774
345
329
532
187
920
407
371
98
31
808
227
816
317
374
465
712
681
230
635
148
869
725
766
652
229
576
329
908
346
806
84
512
933
395
302
900
158
419
803
529
544
771
632
165
584
668
526
260
694
31
289
635
150
532
296
912
911
440
173
826
88
753
796
456
726
899
280
830
772
984
791
244
439
357
521
31
440
329
450
70
908
869
233
774
294
433
852
338
57
239
568
913
769
337
607
701
491
421
840
619
374
834
96
160
697
755
579
447
64
44
548
402
980
962
455
881
477
388
374
992
356
130
618
188
561
456
670
191
55
655
889
84
173
781
155
142
602
309
875
102
603
344
139
200
336
51
253
514
627
344
519
633
261
810
428
275
231
616
661
490
595
992
6
183
698
795
534
561
871
202
857
152
56
118
669
210
643
416
808
988
649
299
559
22
255
605
625
171
875
45
448
15
669
473
340
605
150
18
461
2
512
330
154
145
115
829
486
265
935
218
642
605
699
191
735
941
266
521
76
941
680
137
617
228
792
113
256
135
289
129
863
654
556
164
714
117
317
554
392
144
529
744
901
851
606
176
650
937
185
291
904
942
431
800
375
11
974
448
180
852
338
63
374
814
257
946
172
795
925
122
235
682
690
861
288
536
700
617
190
896
696
84
633
595
824
151
870
105
208
759
221
28
22
629
190
486
950
98
972
511
505
118
350
435
105
421
951
500
478
916
338
187
317
306
572
90
339
15
4
978
743
494
432
757
276
25
586
683
931
684
137
372
732
47
445
833
978
824
465
997
888
450
955
57
401
974
0
76
920
196
377
457
976
520
172
103
32
903
851
384
803
573
872
54
398
830
863
1
633
975
262
774
198
197
844
825
315
786
461
953
407
607
99
365
879
85
569
736
347
351
26
420
252
175
293
251
102
538
253
448
579
50
897
21
494
778
668
449
170
835
780
760
0
106
511
966
245
830
508
932
659
83
257
420
50
923
414
496
833
320
486
455
798
632
883
655
769
490
743
404
209
145
796
474
981
710
230
899
92
261
689
145
459
941
159
196
470
620
209
136
491
370
893
49
769
626
583
396
899
576
189
639
455
828
793
374
132
676
579
678
649
769
315
704
334
35
855
473
577
955
215
657
810
68
366
517
919
570
182
992
328
329
570
114
302
152
241
619
999
339
967
533
104
753
756
257
949
566
500
66
284
326
119
760
451
243
632
25
743
204
84
916
828
416
824
660
804
726
88
316
760
870
448
206
271
418
388
957
98
206
3
541
1
277
936
384
565
387
974
853
834
495
170
305
820
894
112
858
287
911
525
241
779
305
729
771
415
520
485
749
836
202
288
474
281
1
853
641
842
380
151
721
922
233
161
789
966
549
631
324
820
774
881
556
261
586
306
548
15
924
744
992
339
997
405
203
982
582
211
284
968
64
479
213
649
40
603
302
362
227
653
385
642
265
797
10
496
392
903
127
532
513
694
678
629
988
983
5
126
223
183
691
873
360
505
350
498
76
779
659
549
597
65
738
693
302
333
497
914
581
516
275
240
310
746
836
345
665
866
415
460
795
102
854
657
740
606
433
160
593
289
841
824
462
488
842
553
5
469
660
267
527
642
773
30
553
210
869
404
678
893
92
325
735
436
790
526
751
580
165
745
684
804
341
729
955
966
129
247
746
499
194
408
893
329
349
349
40
90
779
540
998
139
913
514
366
166
67
228
591
99
907
417
637
320
937
669
203
812
54
40
85
214
897
860
415
212
468
276
360
326
267
488
312
307
879
982
208
356
702
614
184
340
649
494
692
956
539
779
5
924
557
988
1
970
143
305
621
850
810
143
809
270
825
867
879
566
106
691
220
450
821
887
902
43
62
420
872
319
606
131
695
250
262
631
883
755
743
441
386
114
782
223
242
758
346
681
406
522
778
101
764
56
404
120
106
287
592
986
170
72
298
404
611
801
509
139
24
909
474
422
51
841
605
410
17
287
283
851
481
412
446
227
848
814
29
346
246
232
213
74
607
548
981
13
16
331
658
22
993
242
786
508
270
990
933
739
836
480
403
583
755
552
249
214
145
263
545
385
902
622
110
62
410
455
334
995
523
701
509
578
840
445
371
621
16
360
317
40
201
426
187
415
77
831
495
435
532
662
661
948
784
238
59
42
110
918
734
70
5
517
521
646
321
188
473
662
745
192
719
806
851
559
152
80
912
426
312
222
814
979
41
460
161
453
506
606
841
448
171
4
975
47
419
564
228
255
628
203
5
106
361
15
259
159
802
538
543
799
260
628
992
26
610
721
175
168
960
840
32
262
451
544
136
582
265
165
326
349
991
634
581
357
859
715
566
195
118
647
761
663
357
492
944
395
273
4
658
465
70
271
842
231
416
225
94
725
927
123
37
406
867
2
234
271
147
751
220
644
677
139
364
671
712
849
51
120
653
979
686
317
534
215
128
123
793
990
461
156
460
515
164
13
700
51
482
65
71
935
395
339
322
12
445
150
689
828
162
358
354
525
592
680
618
69
971
873
326
439
466
503
22
735
660
499
17
982
767
531
597
845
274
685
903
434
479
407
202
315
133
636
391
840
557
957
596
572
758
13
409
376
70
783
139
262
958
801
510
939
646
739
162
622
959
309
339
668
901
99
437
835
470
615
660
178
594
364
577
704
704
865
812
372
204
773
134
513
183
419
850
284
652
950
700
270
788
1
157
16
46
221
39
199
510
931
106
912
686
151
11
276
420
932
812
298
786
705
173
648
702
257
617
232
739
791
300
858
287
835
601
424
705
628
409
426
759
138
182
754
864
969
634
744
851
649
474
282
119
379
178
417
68
76
585
248
568
366
295
85
948
74
180
950
37
767
983
459
521
520
73
457
732
546
261
631
786
53
163
119
794
701
686
704
710
282
308
890
207
486
116
222
978
355
380
580
821
619
655
772
723
507
212
264
130
10
529
639
33
658
920
321
961
394
129
675
655
965
863
340
218
89
196
455
758
874
748
595
607
136
251
578
738
533
340
46
281
289
871
584
448
439
294
182
149
336
175
643
605
572
696
444
432
46
662
934
989
75
959
637
138
815
448
99
875
722
19
682
71
622
970
193
358
622
340
323
424
622
730
422
736
629
590
8
634
405
494
187
50
54
953
312
900
457
179
10
185
914
132
27
671
597
597
320
388
722
699
968
34
566
617
113
208
335
373
153
773
960
434
265
211
27
163
60
72
110
143
659
919
951
829
368
183
171
656
281
960
56
409
119
156
680
153
821
161
30
1
0
414
647
202
132
331
430
888
893
946
543
618
312
360
894
251
257
837
217
544
260
718
684
413
881
746
987
841
394
623
743
279
165
88
897
732
720
838
112
805
434
805
471
342
566
828
514
96
964
843
217
107
660
213
782
414
724
460
708
385
875
893
686
842
321
853
790
962
827
404
464
319
916
357
866
417
848
228
107
717
141
342
49
578
654
92
365
737
397
17
707
73
579
364
282
647
195
42
129
777
466
60
190
555
971
534
111
54
340
853
375
573
417
339
20
267
784
644
306
243
27
377
889
138
649
731
126
911
352
820
827
9
954
582
370
752
449
569
534
816
311
954
255
818
122
759
613
569
215
852
128
212
526
671
119
833
641
104
528
347
327
330
814
526
868
832
549
371
572
680
891
49
501
140
278
666
532
413
620
34
369
418
58
173
974
571
767
621
320
299
688
61
339
126
658
570
561
567
197
634
423
104
741
774
956
175
996
39
928
167
470
607
536
486
155
27
535
296
134
898
38
616
83
72
62
532
262
459
364
766
30
298
240
760
513
625
702
4
244
713
118
144
147
221
241
188
2
279
964
140
783
135
881
136
169
857
78
684
82
774
172
74
666
615
812
320
245
947
96
283
584
927
681
389
337
844
182
689
374
229
791
286
369
241
973
563
933
323
18
26
40
530
226
783
60
230
76
193
655
170
300
818
814
515
376
175
500
472
410
560
698
428
535
471
161
934
56
469
653
565
742
197
594
267
664
999
331
467
446
303
195
45
26
230
521
87
662
684
69
435
711
261
443
914
137
873
148
99
821
259
121
716
669
43
551
384
369
596
620
847
456
683
238
343
103
236
619
874
150
212
140
338
759
951
459
400
780
477
560
611
536
87
884
854
393
111
536
589
903
678
993
368
660
529
537
383
219
286
704
90
675
666
627
132
451
669
380
435
751
347
841
417
359
139
490
338
581
157
838
380
204
74
594
32
975
180
150
72
511
431
282
359
19
415
296
855
37
210
707
545
874
570
204
534
889
692
539
125
117
68
316
150
891
69
50
992
93
891
618
492
127
93
26
353
585
163
100
300
711
997
912
418
152
165
491
330
484
163
178
447
631
170
554
799
420
504
58
97
302
238
76
76
421
837
335
116
643
257
527
575
479
740
866
911
229
104
155
524
172
79
753
231
720
606
128
451
232
416
172
498
69
498
824
534
493
753
865
723
418
695
154
561
8
465
691
557
697
418
617
543
932
116
170
993
133
75
620
0
78
158
306
72
423
391
876
430
252
231
244
879
587
694
257
577
887
652
630
129
651
623
984
575
102
62
934
931
429
772
316
202
281
328
117
878
865
215
770
850
151
29
285
996
974
807
475
323
382
263
845
886
415
482
832
135
870
3
164
521
428
94
993
410
509
838
274
241
562
29
562
846
41
216
394
941
888
237
999
999
889
925
406
403
72
111
200
411
389
825
476
931
285
208
878
975
49
816
671
571
219
77
274
106
30
160
297
623
418
567
672
746
528
488
882
33
484
387
931
748
172
711
692
208
588
584
925
693
908
748
65
696
999
620
882
340
172
285
71
665
752
296
852
757
314
389
619
420
587
272
730
337
528
150
750
168
296
284
315
617
819
320
965
765
835
420
429
915
141
947
846
711
634
601
138
73
130
507
879
206
890
209
218
296
889
596
790
786
114
790
526
388
205
378
692
978
937
678
465
648
381
124
756
55
893
410
851
158
365
596
9
886
645
773
104
8
337
76
635
800
419
89
194
516
34
928
270
339
967
256
199
709
655
209
424
192
276
877
328
428
686
759
737
862
800
43
750
641
229
163
543
18
155
412
198
20
401
610
539
94
865
690
937
89
90
793
630
258
301
772
863
65
16
908
213
276
253
520
551
70
876
442
699
933
134
773
120
139
803
807
872
303
411
364
154
931
636
331
619
144
768
308
832
358
385
631
529
44
754
908
869
567
838
726
439
65
718
785
354
428
406
707
615
341
832
789
791
189
15
59
350
762
968
652
377
878
370
509
762
191
893
601
115
202
164
965
831
490
101
93
906
261
174
104
491
258
135
751
739
75
913
839
764
80
47
580
130
27
197
65
378
128
472
242
13
793
244
494
569
169
716
541
28
117
778
589
126
303
25
832
516
417
341
602
647
182
105
240
243
58
668
253
227
667
144
800
106
166
878
548
274
797
104
829
324
747
941
553
90
935
406
211
187
320
576
918
767
98
845
227
152
567
757
824
659
746
764
781
308
328
560
317
585
147
378
78
637
776
839
794
67
403
24
432
787
67
941
155
917
320
344
758
239
30
834
822
175
542
417
375
280
354
678
82
468
192
911
289
310
467
318
118
920
832
383
430
821
280
31
308
771
640
36
756
644
195
120
94
572
359
758
118
268
790
585
182
95
734
630
15
154
89
69
675
946
233
135
288
918
183
14
155
756
55
260
130
460
988
118
274
317
304
708
300
259
774
171
724
610
728
82
245
304
16
209
501
743
833
282
335
869
819
569
64
713
515
240
295
765
278
626
60
546
353
647
981
952
769
935
374
109
735
632
360
423
745
336
360
32
283
568
350
14
282
20
548
583
667
915
31
874
247
560
114
360
547
957
707
192
269
191
52
353
675
676
180
650
754
155
838
714
406
87
207
865
25
272
739
844
746
394
10
916
239
67
267
417
872
505
36
45
825
576
905
730
746
140
544
292
281
953
105
589
892
966
427
263
809
297
91
670
730
308
124
490
324
753
285
303
991
890
520
312
481
238
369
906
279
583
384
740
179
184
303
987
207
33
13
221
465
360
101
593
340
9
315
513
669
899
868
486
801
654
331
861
39
497
612
916
763
890
985
34
700
553
840
256
899
748
543
904
11
386
429
456
960
283
355
562
818
65
721
953
898
265
487
307
331
590
376
169
376
326
974
900
586
164
252
201
807
116
394
635
842
86
131
438
588
652
182
687
614
386
269
235
76
325
809
750
327
932
18
285
659
915
282
570
950
127
400
542
819
727
781
82
602
348
216
947
424
657
82
104
703
345
978
104
462
276
942
517
393
618
307
719
610
839
897
640
649
216
372
315
700
464
717
714
984
292
250
894
826
304
906
471
177
98
536
748
954
993
29
762
945
694
710
206
907
501
640
359
198
863
675
257
843
494
425
21
543
471
86
883
243
112
631
906
81
921
457
156
848
125
650
290
342
782
20
687
605
461
236
60
499
907
157
251
749
525
397
470
690
189
144
297
866
121
79
926
463
330
975
734
284
547
429
918
563
36
140
776
321
211
352
852
403
633
516
822
92
598
428
447
526
309
363
581
323
27
822
635
644
753
924
251
89
136
628
550
89
162
258
205
986
48
512
224
349
124
199
269
107
595
261
519
415
381
328
410
396
974
582
955
18
9
196
643
739
434
108
278
836
476
0
598
967
377
186
550
698
598
657
350
441
147
896
843
368
798
132
543
168
297
267
559
613
153
679
130
531
69
291
58
691
871
306
210
126
464
557
151
42
805
577
158
884
485
86
553
190
982
561
472
964
395
537
207
353
586
332
74
576
776
395
160
31
226
162
585
544
642
863
343
146
688
83
778
406
100
10
908
211
3
589
527
217
869
102
154
147
64
370
299
968
752
464
78
447
481
175
662
85
314
542
985
735
564
603
188
47
316
794
105
885
41
171
587
808
762
864
580
554
186
644
68
256
44
946
163
422
68
122
948
922
977
995
110
884
892
154
278
278
539
55
341
419
732
834
773
858
8
876
896
815
330
830
289
3
917
764
110
867
605
461
149
378
78
773
98
856
36
857
574
260
128
225
317
445
885
25
395
71
508
862
369
117
390
110
889
314
31
260
934
943
253
60
645
975
189
990
807
307
294
489
830
635
633
476
268
599
998
720
93
550
442
49
134
209
982
711
375
379
458
798
871
753
840
866
140
250
337
554
366
495
459
301
660
870
700
589
565
123
747
874
864
299
388
241
272
586
652
977
661
528
434
194
52
46
275
808
757
520
938
225
222
62
270
753
860
568
680
79
562
202
707
869
303
965
928
661
69
125
860
104
42
144
74
110
621
5
515
367
44
417
155
970
176
620
10
201
960
364
504
324
992
557
822
372
491
383
120
719
371
732
501
517
572
929
947
290
997
820
67
854
452
398
796
604
620
775
304
100
364
922
351
351
290
78
139
19
31
702
748
322
29
606
36
743
492
937
76
684
157
987
777
255
349
777
682
661
264
923
925
58
349
336
668
762
624
749
404
787
691
813
951
71
365
165
709
468
387
67
654
250
657
210
71
184
577
38
164
763
588
805
4
5
561
251
465
318
917
48
965
515
85
851
38
683
13
652
681
996
523
118
17
10
174
882
385
327
603
199
415
123
781
824
539
154
905
195
348
157
500
39
951
315
497
922
535
969
707
402
224
525
65
555
580
176
840
343
225
83
961
404
641
147
758
976
382
545
463
902
747
903
180
640
391
611
442
398
548
121
817
144
665
523
295
855
107
784
710
769
231
69
786
567
599
272
49
98
7
293
660
266
831
505
813
862
117
889
259
962
822
752
505
929
66
837
370
767
631
830
112
891
730
143
448
954
340
293
207
93
388
341
152
726
205
545
292
177
594
971
20
39
153
513
682
924
12
198
518
417
493
408
498
304
113
835
95
454
119
656
358
679
310
773
212
637
946
460
732
265
653
894
676
950
796
226
976
509
207
738
279
794
805
164
886
7
464
577
683
179
732
730
668
219
816
587
365
812
551
857
423
705
192
371
689
105
329
682
665
65
232
115
29
669
81
322
950
49
383
120
943
461
199
266
533
419
172
140
952
370
367
817
380
571
393
224
722
27
106
840
516
838
406
612
626
47
366
229
437
194
319
0
580
704
220
87
46
257
432
821
13
584
234
115
379
554
688
995
974
57
30
791
370
780
538
462
91
671
493
592
276
417
755
449
213
921
589
805
861
156
646
289
737
409
235
235
67
328
336
146
273
922
821
220
452
646
835
783
455
892
476
258
510
549
75
174
594
537
340
818
407
530
594
920
133
333
641
884
74
808
788
136
323
404
762
944
244
143
55
638
867
530
834
567
441
625
726
825
365
932
213
535
192
221
652
217
701
730
59
761
610
6
208
96
882
603
852
453
570
291
162
257
26
142
435
568
289
850
628
302
549
627
293
387
278
58
302
129
38
958
893
665
880
59
14
749
538
942
119
848
278
842
428
276
444
997
374
932
969
204
36
42
960
295
195
834
385
777
311
764
743
685
345
83
953
990
526
102
841
909
261
270
719
239
100
81
226
679
308
243
102
961
948
503
400
313
909
144
22
422
673
610
3
981
423
630
74
377
854
103
774
100
727
385
823
93
209
575
568
51
357
680
420
163
561
171
144
482
466
916
11
433
808
432
827
605
901
40
252
899
32
699
463
491
873
687
181
619
344
980
855
933
16
892
184
834
286
329
360
483
270
662
533
684
894
167
954
855
696
563
846
707
270
167
687
785
456
630
746
135
349
436
334
14
804
550
514
850
570
670
737
278
960
271
122
24
357
853
327
684
151
601
656
324
634
227
57
611
378
185
704
591
819
578
892
551
254
270
309
24
841
952
516
744
54
905
464
164
965
972
823
775
932
73
128
822
866
680
486
553
511
742
632
571
841
652
465
782
874
408
992
772
379
138
915
987
360
666
943
784
776
947
237
278
80
498
629
566
938
382
364
844
224
426
961
711
258
733
508
638
244
239
999
715
461
245
293
899
977
552
65
767
856
810
894
875
70
463
658
524
649
38
133
353
302
899
38
639
583
738
726
334
548
151
16
79
665
438
528
148
393
66
244
851
573
551
986
257
875
704
978
52
547
502
319
979
190
77
28
638
939
511
70
75
53
630
657
241
163
418
643
337
676
109
247
660
879
70
909
921
734
682
472
519
785
893
672
857
267
261
723
310
86
162
575
362
308
579
881
848
440
196
814
109
801
102
353
11
467
991
818
342
367
570
739
123
490
80
669
536
311
104
366
745
280
566
714
653
919
867
409
414
345
512
808
898
72
676
993
840
310
652
413
620
795
387
161
762
615
732
549
131
591
931
902
863
483
57
375
476
685
91
59
496
406
183
271
824
21
903
828
733
14
296
430
621
364
750
354
946
334
548
468
72
478
163
325
431
615
186
211
313
204
885
808
206
576
175
229
786
568
239
755
817
544
122
119
24
176
687
53
299
62
830
137
676
656
104
477
867
60
346
856
307
962
419
629
338
846
8
860
277
505
135
326
739
91
952
983
845
372
143
685
397
586
766
377
492
573
542
242
998
311
551
376
615
883
73
808
63
434
757
507
584
838
385
750
128
904
982
758
558
209
186
815
244
378
165
405
323
212
182
228
621
455
107
453
235
532
912
150
745
752
180
510
662
881
359
68
427
75
601
845
501
664
192
244
732
47
806
251
315
850
669
813
914
134
837
905
106
528
100
759
655
106
139
159
645
47
700
879
935
608
504
313
739
35
112
188
820
596
222
173
102
547
748
473
138
16
538
296
556
729
245
159
331
108
31
698
763
819
202
939
95
152
437
133
361
304
141
273
555
208
696
126
855
213
96
136
60
716
119
405
765
543
654
756
952
187
747
729
639
731
658
330
33
521
417
442
345
196
339
742
863
339
430
201
993
667
434
663
809
66
355
314
521
970
496
272
62
382
161
751
261
811
975
41
503
646
238
144
628
344
328
996
756
158
235
311
187
519
182
895
490
445
599
952
91
308
843
190
120
138
435
383
867
435
290
632
988
873
886
760
469
77
344
85
622
338
449
480
618
300
188
388
294
471
368
243
742
717
453
168
653
403
273
653
581
663
473
942
109
211
821
170
606
969
564
465
713
781
350
839
546
56
343
673
426
823
865
356
513
795
74
567
754
432
393
748
63
8
555
776
192
983
260
249
928
367
399
626
130
794
979
919
665
892
615
743
591
780
744
386
434
141
596
933
504
641
332
154
348
101
320
666
640
921
744
832
643
904
226
147
182
219
251
476
89
86
84
694
428
209
256
274
400
830
567
267
17
650
120
571
461
98
494
481
869
520
335
325
409
464
650
19
349
590
570
748
956
831
362
491
29
336
492
450
681
822
241
943
841
401
193
36
689
123
713
25
37
464
717
356
80
541
651
48
975
809
825
504
936
491
885
250
706
273
470
145
287
315
382
643
732
104
146
551
648
26
305
264
640
813
231
255
660
123
548
724
512
276
209
992
577
300
235
968
575
441
555
704
303
343
766
326
354
316
44
784
434
576
335
418
486
990
670
469
956
300
759
776
308
186
279
451
267
941
594
309
213
700
362
409
880
699
891
791
154
37
797
630
825
558
33
448
625
503
455
759
710
960
111
425
858
404
498
41
737
267
899
400
756
382
963
437
217
152
526
216
951
394
588
692
238
172
378
570
221
949
202
976
367
126
488
757
641
466
650
90
178
871
919
936
661
899
26
204
886
16
195
253
912
636
829
394
234
80
219
830
793
271
117
291
74
750
146
68
363
238
193
950
965
185
166
109
848
123
790
816
364
80
51
529
932
380
754
570
59
216
473
897
280
807
810
866
27
286
214
750
167
894
329
613
562
660
241
99
987
174
883
656
778
605
883
622
120
334
246
909
109
774
643
368
491
534
688
385
624
663
683
284
439
25
789
429
552
883
169
622
851
107
656
603
981
618
595
828
892
183
280
503
147
604
241
157
492
46
572
326
218
754
996
187
738
272
99
482
909
911
970
81
62
525
783
384
643
903
877
76
792
99
750
206
144
51
365
699
528
529
462
819
488
767
128
362
740
658
7
223
141
76
821
91
912
112
479
388
521
450
879
478
923
356
179
599
365
581
12
324
992
858
563
285
12
923
102
951
363
834
317
336
27
529
525
655
330
196
413
374
435
757
392
328
427
856
392
235
895
562
802
789
460
397
534
239
629
608
140
238
748
393
851
359
938
710
214
989
778
548
416
388
575
317
59
66
778
874
504
907
66
767
907
919
68
349
929
933
404
341
203
779
375
10
304
663
434
522
844
222
344
146
140
678
790
765
392
251
224
333
794
659
579
492
232
748
192
220
519
159
848
801
522
907
387
72
197
105
329
2
467
837
907
783
109
313
462
277
586
542
122
262
757
71
915
547
757
175
224
626
34
176
558
714
134
730
175
481
23
254
848
205
11
134
288
71
337
656
454
507
252
859
412
408
388
887
59
334
670
934
926
690
212
172
207
687
985
469
630
781
672
501
34
369
280
888
880
606
405
196
586
936
396
210
521
785
78
348
720
559
629
800
502
373
621
170
1
771
772
423
827
462
457
709
460
402
712
541
130
103
611
824
740
825
645
548
52
517
421
264
300
578
985
386
273
272
583
617
486
817
946
966
123
286
338
536
6
291
782
858
724
109
166
762
371
321
910
439
21
551
494
232
79
594
967
482
897
379
520
252
628
331
67
295
343
745
413
861
862
869
331
201
997
11
167
850
420
988
569
0
935
257
664
700
843
425
817
729
517
154
130
719
472
318
461
326
219
305
81
632
55
262
142
939
789
984
711
506
895
37
689
288
937
382
668
381
510
306
733
462
118
310
627
229
268
484
467
871
105
7
219
632
688
132
78
176
373
90
439
71
827
299
117
591
549
596
207
496
349
178
426
673
165
53
925
525
702
366
837
675
522
858
857
420
841
828
825
876
91
323
279
804
807
879
37
600
837
838
203
414
267
529
11
43
318
480
944
50
335
86
556
562
791
240
289
507
756
236
68
24
842
225
114
707
955
365
562
670
91
545
603
57
275
378
147
66
155
853
976
748
675
242
544
337
593
704
937
24
728
45
378
484
518
803
326
85
497
808
228
536
413
945
441
723
134
773
36
939
896
412
105
916
37
12
315
162
223
206
15
227
998
966
970
567
288
771
654
272
218
244
355
446
767
759
594
79
165
649
755
682
716
375
765
250
736
449
312
352
444
710
468
244
528
753
104
420
149
377
654
984
305
380
797
834
423
732
79
989
582
319
224
71
998
347
311
435
127
159
932
958
212
19
951
560
980
642
359
65
688
622
71
766
85
46
807
201
768
131
897
153
589
943
311
5
186
930
132
242
672
734
455
629
386
137
714
652
98
74
232
313
196
916
695
876
97
61
311
952
417
263
477
524
13
319
93
149
384
103
164
336
952
101
740
130
790
945
692
605
747
216
252
121
173
310
895
398
733
68
792
362
538
547
610
896
275
418
133
343
92
429
453
516
340
165
960
43
141
201
277
676
568
635
833
892
672
746
837
824
296
131
479
144
987
572
532
183
36
456
743
998
412
19
4
930
616
621
60
146
245
454
289
858
312
665
430
145
766
121
8
794
265
329
100
350
97
281
681
998
110
59
218
333
329
50
590
166
837
123
981
106
207
653
448
895
165
401
432
469
927
785
691
673
704
177
653
327
787
758
920
453
500
554
401
339
119
602
571
125
563
644
37
129
983
999
697
947
74
326
519
611
852
488
356
310
406
133
635
982
211
168
50
829
965
734
320
777
507
560
827
97
122
797
174
40
724
523
387
979
295
7
784
415
579
757
367
193
180
135
965
869
521
385
384
43
973
832
708
228
558
831
116
295
243
624
284
921
813
146
398
578
740
384
701
154
91
142
17
47
546
871
685
399
830
692
357
107
89
461
448
206
322
598
252
273
339
271
376
300
769
132
699
682
421
586
24
719
221
820
753
549
381
183
590
814
246
569
658
353
230
287
419
803
231
997
248
316
903
859
491
68
273
403
506
222
685
448
948
874
378
349
76
651
822
226
496
281
503
389
865
844
478
672
479
694
749
999
848
458
58
156
950
957
728
582
446
33
189
636
973
35
633
572
592
234
689
39
332
847
195
737
896
872
205
491
913
68
940
571
409
999
127
487
127
94
318
808
743
931
857
917
432
367
609
548
716
994
121
264
625
968
295
993
541
363
839
437
360
229
679
839
380
766
938
180
725
19
294
122
740
114
341
193
603
283
439
397
986
623
879
609
925
938
582
951
804
91
828
188
816
42
421
25
996
855
530
52
992
327
53
103
446
753
350
413
967
589
332
346
714
578
350
754
411
53
889
921
542
229
699
330
185
897
858
1
866
921
528
596
994
524
723
93
452
189
121
30
562
734
779
481
41
618
770
441
240
398
59
495
392
342
736
3
112
247
44
80
294
655
843
449
100
242
636
460
199
764
238
415
26
195
800
45
129
708
629
54
110
409
337
592
975
979
786
634
167
538
984
175
282
737
404
909
517
870
839
592
128
41
76
97
957
963
134
498
485
983
734
982
125
516
837
583
317
181
704
703
660
69
204
879
200
475
160
670
148
586
950
880
905
576
445
185
915
531
962
923
495
569
747
719
395
553
574
515
996
420
467
262
16
290
388
916
113
870
330
572
277
731
256
250
413
879
846
231
40
530
578
294
924
521
345
795
842
581
660
348
619
805
707
715
586
387
286
674
784
176
117
946
875
26
146
115
169
307
515
803
420
946
602
954
950
191
502
931
539
921
700
676
839
901
403
407
48
132
462
951
479
644
899
918
566
741
380
726
819
807
278
695
