91
99
133
2
48
79
98
110
128
84
125
20
107
111
126
133
47
60
49
103
75
19
63
65
77
105
30
54
58
90
114
134
57
120
2
44
61
118
139
141
22
31
123
35
105
30
40
41
64
97
102
68
94
61
124
37
104
132
35
117
79
22
47
48
83
124
22
34
137
139
7
17
17
105
88
88
9
59
93
98
27
38
57
79
15
46
49
86
93
24
98
82
126
1
4
86
128
12
43
68
82
16
10
7
12
77
93
12
19
48
122
81
95
102
8
63
47
94
110
8
61
109
124
5
13
50
70
97
11
32
73
6
26
53
75
91
111
124
132
5
55
45
46
76
13
32
106
72
104
104
107
26
62
63
98
121
25
90
101
117
127
17
103
109
131
41
104
34
59
62
65
69
83
83
0
17
50
19
61
81
42
46
78
23
53
96
53
88
122
5
26
62
119
131
135
33
51
67
68
101
109
113
119
127
137
60
79
11
28
75
79
91
105
105
4
23
64
99
15
41
117
9
25
35
40
135
65
99
16
61
64
57
66
84
12
66
69
117
122
132
21
33
35
63
6
92
99
32
34
67
106
131
6
68
119
108
50
90
116
4
27
126
95
99
3
57
62
116
120
78
115
17
56
65
72
104
115
7
9
32
108
122
4
119
36
53
57
74
119
25
42
45
77
90
99
105
54
125
10
34
53
86
11
27
30
62
96
114
106
112
128
133
108
111
29
31
55
122
35
76
84
30
67
9
42
62
67
106
113
18
28
92
115
57
76
127
142
16
74
104
34
60
95
133
140
0
85
62
138
35
90
41
21
119
67
101
127
140
0
109
126
24
20
61
86
98
122
135
141
21
71
77
19
24
63
43
50
53
91
115
108
123
0
5
16
25
44
63
9
68
89
31
85
94
99
113
75
97
108
122
16
83
99
83
98
102
46
49
62
65
80
127
137
109
45
130
30
32
73
90
22
49
114
138
86
115
18
54
95
83
104
114
42
67
103
24
78
139
11
27
38
139
28
74
5
48
74
99
142
52
2
54
131
9
73
85
125
127
19
33
97
14
18
106
116
10
25
55
62
99
7
21
26
95
10
77
87
103
19
76
81
107
131
59
98
116
47
26
31
38
45
92
127
130
112
89
111
5
38
39
34
49
104
41
87
93
98
79
100
60
116
36
88
109
129
3
4
68
17
35
110
35
55
134
18
19
109
16
95
110
117
117
65
101
121
133
36
62
73
100
125
8
61
112
99
120
127
131
81
128
60
112
141
89
114
15
37
94
98
112
141
5
90
102
29
46
51
61
30
34
37
65
98
109
7
62
47
101
109
42
43
88
105
134
7
36
42
94
100
5
40
44
68
17
29
86
100
36
39
50
9
24
34
104
134
83
84
5
77
91
6
12
17
34
51
70
113
140
1
10
21
44
56
40
61
67
74
114
123
126
89
115
127
14
33
65
96
102
107
111
122
128
94
129
29
48
77
13
58
97
118
133
5
65
74
80
89
109
6
12
113
132
16
63
112
73
119
129
89
94
119
132
52
79
47
69
103
141
39
108
111
0
103
108
112
128
23
108
118
9
57
66
133
21
57
73
138
3
53
83
99
101
108
15
95
31
38
59
5
11
28
46
55
64
117
64
88
24
114
38
40
69
17
24
46
47
106
30
118
74
93
101
116
35
99
106
120
0
25
33
53
73
67
71
77
90
126
38
52
78
82
88
101
105
18
93
0
51
30
66
31
33
76
103
142
106
106
129
19
21
25
40
48
114
124
10
39
65
85
86
76
103
123
37
64
65
82
21
117
136
40
77
87
110
0
34
113
140
67
82
105
56
135
19
40
44
78
13
109
140
38
38
78
95
90
104
127
16
83
109
84
142
50
100
27
42
90
116
8
98
2
68
71
114
135
8
16
18
104
14
9
43
49
64
121
125
35
58
60
94
96
12
34
59
65
113
98
102
120
122
140
31
95
70
5
31
64
87
95
21
141
9
9
34
60
82
135
141
10
17
70
2
12
29
38
142
6
50
78
131
12
35
44
49
72
75
133
0
82
129
8
23
114
123
80
105
59
91
46
29
47
52
55
62
80
81
140
5
17
68
105
133
10
23
45
59
64
83
105
140
8
129
24
90
129
141
92
124
88
114
135
29
48
56
70
76
19
78
120
132
142
52
128
18
47
119
126
23
32
61
89
31
108
10
48
77
32
44
69
113
38
127
34
39
106
125
38
112
135
62
133
0
18
28
93
0
24
55
66
16
75
78
123
135
140
142
56
75
78
111
118
30
101
142
113
126
138
9
44
107
64
130
42
44
42
97
30
51
37
41
88
91
109
19
52
73
87
114
0
63
68
15
20
96
134
19
76
78
141
17
90
94
135
34
64
88
108
115
142
11
13
24
72
101
80
107
141
5
16
49
58
73
97
131
24
35
38
56
68
111
78
110
4
18
36
76
99
126
36
51
95
110
14
86
110
117
23
53
26
69
36
39
50
104
9
19
43
71
84
118
126
25
29
74
131
16
95
105
106
1
26
96
104
104
134
78
81
137
21
22
30
48
61
68
130
132
45
47
88
55
109
34
100
31
34
90
133
3
11
40
52
60
128
33
1
44
69
111
124
28
40
42
66
82
105
131
137
7
36
54
61
93
118
47
70
84
97
53
66
77
15
103
116
26
31
110
29
104
107
110
29
133
73
92
93
110
111
14
33
77
95
5
23
38
56
71
15
24
33
92
101
142
91
7
8
11
43
130
138
140
27
41
49
135
84
96
118
73
81
106
113
135
16
35
114
13
37
77
127
3
3
16
48
72
82
128
134
140
16
26
47
54
57
83
26
28
69
78
90
96
109
111
84
126
75
37
62
75
130
10
33
36
109
122
38
94
36
75
83
83
98
114
23
55
75
75
27
53
95
104
122
8
40
121
140
2
20
130
135
139
7
40
68
78
121
22
33
52
69
138
24
81
39
53
91
22
80
106
87
96
72
19
43
55
65
137
71
134
24
25
59
112
114
138
22
61
12
18
39
54
66
15
48
51
59
92
104
128
130
83
93
124
106
109
123
135
136
142
4
98
24
46
47
83
107
117
141
0
4
89
107
3
40
105
18
59
61
104
54
71
106
74
95
131
136
20
54
11
18
84
138
32
67
18
52
98
2
27
32
35
100
107
117
124
38
98
118
140
17
80
118
68
60
1
14
30
79
87
0
22
58
79
83
88
117
117
125
46
63
105
128
26
115
140
39
85
118
141
16
88
103
103
112
142
118
31
53
76
127
128
72
24
65
77
85
129
77
95
134
34
93
0
95
115
9
36
75
93
46
75
89
116
23
80
86
94
96
103
103
115
27
69
97
115
131
56
85
92
114
34
43
49
74
82
83
97
121
139
23
88
19
21
68
29
82
103
104
118
11
32
37
133
138
66
91
92
104
106
10
4
8
24
45
117
135
112
5
50
57
12
27
34
37
126
21
45
88
38
51
97
110
83
118
54
72
79
66
91
131
4
80
96
51
13
93
125
78
88
91
32
42
97
110
120
133
0
56
98
76
100
16
53
62
120
132
56
95
125
126
35
103
111
70
87
88
121
122
53
1
7
128
15
83
17
30
66
69
106
106
6
9
108
122
99
120
121
116
136
65
119
123
85
105
47
67
102
136
1
64
121
40
45
43
106
122
8
78
65
69
5
47
69
3
12
12
65
75
32
104
123
83
102
122
16
80
105
116
88
104
6
13
35
46
68
112
131
137
130
135
67
78
10
67
92
128
9
13
32
124
14
88
91
1
49
75
82
28
95
110
77
114
60
70
97
108
140
136
59
77
107
124
130
13
29
84
8
32
140
10
105
123
132
27
28
82
87
139
85
120
123
138
140
8
31
55
124
16
34
36
67
6
42
133
141
42
65
71
124
126
1
9
38
57
120
125
0
9
48
89
36
93
136
41
42
97
136
14
72
89
130
66
86
108
40
50
78
115
67
69
105
116
121
128
23
37
39
43
88
130
140
27
36
43
57
82
140
47
94
108
1
9
15
87
11
31
66
15
79
58
103
138
2
48
57
83
107
115
34
90
116
127
91
95
9
77
25
46
117
60
64
65
130
41
48
70
74
133
82
105
129
39
40
141
118
135
138
50
15
61
95
10
56
59
27
68
133
105
130
70
86
129
136
9
48
65
53
98
108
117
37
48
110
46
69
96
5
115
13
15
111
123
55
60
65
100
113
6
52
126
20
22
30
63
48
62
38
44
61
63
115
136
70
134
140
27
54
57
73
83
81
109
22
40
69
81
84
112
117
117
30
54
72
82
15
20
65
107
14
31
58
123
16
104
79
88
125
69
97
141
35
70
119
12
73
98
5
42
45
99
110
18
42
65
65
72
111
49
54
63
83
137
12
27
108
140
142
10
83
106
124
53
109
35
50
51
69
80
86
38
65
99
114
52
86
103
126
139
140
95
125
37
39
43
106
124
9
28
80
97
120
6
27
43
45
77
108
11
86
129
12
25
79
133
101
112
40
137
10
26
61
79
108
109
119
10
51
63
88
60
65
113
6
51
100
58
86
97
111
98
140
1
40
38
59
72
5
44
63
62
17
29
40
47
96
102
33
84
130
119
102
44
89
91
123
13
34
52
65
122
26
28
61
64
138
142
7
54
85
109
132
141
141
130
1
38
59
12
25
28
80
113
119
1
27
76
87
93
97
141
19
33
8
21
13
45
58
63
74
80
109
115
43
58
64
68
29
80
106
92
64
97
111
46
85
7
117
34
84
106
113
25
31
42
61
119
44
134
5
37
55
95
2
89
128
129
141
0
34
50
96
103
18
72
93
104
106
23
26
84
130
138
10
77
96
110
126
14
35
65
98
1
43
120
2
17
60
94
60
68
77
105
96
61
17
37
53
60
105
41
42
49
56
58
103
110
53
122
6
106
123
124
140
6
38
80
111
41
65
87
92
6
14
78
82
58
135
141
32
51
2
101
117
5
89
116
42
45
113
3
114
105
36
77
121
68
55
9
98
105
127
26
28
57
59
2
7
33
128
135
60
73
77
75
92
123
8
106
15
17
141
110
1
42
81
86
95
29
40
53
76
79
90
24
49
61
69
44
3
13
92
128
84
134
40
96
105
132
45
57
82
136
1
9
34
130
23
29
94
25
107
127
138
33
37
43
51
6
26
55
103
104
140
34
82
126
59
121
79
141
43
51
86
101
118
52
54
112
90
96
10
14
111
23
56
87
1
15
15
12
99
116
0
52
61
135
142
50
103
23
72
95
3
33
45
67
112
139
44
70
100
139
6
62
127
135
21
42
137
4
87
88
111
36
59
71
134
4
20
88
92
6
6
85
124
22
93
118
121
115
121
23
53
58
80
86
28
30
106
106
45
105
134
137
93
107
122
78
107
7
79
0
99
127
5
79
79
99
116
139
106
36
41
96
13
15
126
24
90
120
68
10
62
35
57
29
109
1
44
72
98
66
71
5
19
39
54
39
82
65
104
32
49
62
96
103
10
62
76
114
137
37
45
22
77
84
31
45
59
19
105
109
128
26
27
52
80
87
60
85
90
99
120
129
91
136
8
17
28
41
84
18
18
37
41
54
21
41
53
77
115
127
5
139
65
67
115
141
14
57
125
126
133
3
79
127
32
0
3
48
134
24
39
69
103
34
126
3
16
56
80
129
3
10
12
24
79
81
118
67
17
21
37
74
76
110
32
4
54
57
114
119
11
49
69
132
42
44
68
94
121
75
80
3
38
47
65
126
135
5
15
22
47
92
6
51
72
138
23
28
32
40
47
58
83
107
65
26
35
41
68
100
107
109
141
64
67
71
94
33
98
48
79
59
87
11
14
64
125
142
48
53
54
82
94
85
137
14
122
14
79
120
29
32
45
9
10
17
42
72
105
23
134
5
115
4
25
26
58
78
131
23
26
42
45
45
48
91
109
65
114
72
137
23
73
76
103
120
26
95
108
115
134
35
35
36
63
87
141
60
103
43
90
130
60
63
71
94
71
125
30
133
52
71
107
68
131
49
122
136
40
76
89
64
74
112
9
71
84
89
128
27
31
48
69
92
115
11
19
33
42
87
124
19
95
116
120
78
80
81
81
87
2
36
44
50
108
117
118
123
129
62
69
96
105
13
15
40
97
55
84
21
54
6
20
89
104
121
0
99
23
42
114
120
48
60
91
119
138
3
44
88
126
35
40
54
67
70
105
9
35
36
48
82
99
108
21
114
50
30
69
66
76
79
11
100
134
135
137
22
23
137
0
32
48
39
59
63
93
28
68
45
50
68
77
62
0
31
62
128
66
76
91
97
137
138
60
68
74
2
13
24
49
88
131
87
95
32
71
80
102
4
130
43
54
4
43
53
72
101
19
85
129
7
46
74
80
88
115
51
95
105
81
132
142
37
140
14
120
122
22
33
45
78
79
13
91
43
73
103
117
119
6
70
82
90
7
56
124
99
14
28
29
121
8
12
34
86
87
118
24
61
85
90
98
99
16
87
38
123
37
80
5
60
107
92
137
23
112
120
61
61
67
14
56
9
70
3
45
88
96
134
63
114
47
48
52
70
95
7
23
111
140
8
34
76
7
32
64
131
37
131
13
110
18
99
108
122
17
39
1
64
98
41
93
105
132
30
110
126
142
19
57
69
102
5
67
44
46
114
131
133
33
33
49
60
125
134
45
71
101
109
120
74
77
94
125
139
35
78
23
39
109
17
24
35
62
16
26
84
25
99
112
119
124
46
95
63
75
96
120
84
101
16
43
58
86
93
95
109
42
70
55
95
112
134
138
139
36
49
125
67
81
90
99
107
126
28
66
72
89
114
117
136
93
102
11
21
45
37
38
68
106
108
78
113
130
45
6
54
10
79
54
128
130
24
29
141
24
34
44
116
18
117
126
133
133
16
58
96
128
42
47
74
128
141
29
41
112
121
131
31
94
95
46
78
134
57
71
87
98
100
27
105
138
24
16
90
3
3
51
74
14
22
84
6
9
71
81
133
139
141
44
62
105
42
21
81
110
141
82
78
109
26
66
91
129
139
49
59
127
8
11
54
61
96
40
40
64
83
105
138
24
58
76
117
135
31
114
83
121
57
68
70
71
107
4
32
39
54
96
107
118
11
14
33
39
79
92
103
126
39
54
60
64
75
90
99
114
125
140
30
64
120
142
119
74
99
93
50
65
107
118
137
1
9
92
94
18
40
60
86
52
86
102
96
25
74
84
84
91
5
9
38
123
23
104
109
8
40
71
101
135
15
69
93
109
55
72
29
88
115
132
3
24
33
77
102
116
127
48
3
6
74
3
91
108
119
1
93
17
45
52
8
9
36
45
14
121
14
64
81
93
131
10
47
48
54
110
30
59
118
130
139
13
93
112
6
61
35
36
44
69
121
138
138
2
22
34
53
57
26
56
98
118
38
28
68
125
135
32
89
90
56
105
8
50
97
113
7
49
53
126
128
128
40
42
99
112
120
10
56
97
114
79
80
121
1
58
73
74
105
112
32
45
79
100
111
131
14
31
44
61
81
84
88
82
128
80
100
127
93
24
48
76
85
108
8
49
118
1
1
30
43
3
42
76
0
137
26
39
43
99
17
19
108
6
69
79
133
137
33
75
29
60
97
102
105
122
46
78
80
82
125
6
7
81
123
127
133
11
39
124
41
94
46
54
76
123
134
138
21
30
85
89
139
2
93
121
133
2
58
71
74
105
119
125
11
36
119
5
130
2
50
21
49
100
50
18
27
65
105
111
121
141
16
41
58
107
11
41
61
15
72
86
119
95
35
71
111
111
64
90
22
74
19
132
10
35
86
94
40
81
112
96
127
137
30
65
85
114
119
64
111
117
14
51
78
33
61
129
46
34
38
42
93
40
56
96
112
27
38
39
29
53
112
63
81
133
5
68
88
121
122
45
130
77
98
105
133
136
20
26
86
21
59
60
68
98
116
129
28
46
47
125
128
16
24
36
112
120
134
139
11
28
111
46
69
117
136
31
83
84
2
66
107
27
107
19
52
13
67
73
83
64
129
68
72
77
1
92
107
142
93
104
1
52
62
67
112
6
39
41
52
86
19
57
123
103
104
130
30
57
119
35
49
61
14
42
55
74
112
128
87
131
73
75
120
20
115
81
125
135
23
129
0
28
30
50
52
61
64
69
83
125
76
99
103
116
129
130
7
8
59
81
109
40
68
92
1
50
50
66
88
88
2
120
93
136
28
64
121
1
2
49
66
118
0
38
55
55
103
106
16
28
75
127
56
115
101
105
109
112
100
134
51
94
43
49
106
32
92
71
129
138
47
115
119
27
107
5
7
73
32
38
59
64
76
13
94
109
62
71
100
132
2
42
64
81
3
29
42
96
122
5
31
28
32
110
55
110
137
42
51
82
87
72
4
23
138
17
25
86
114
135
1
43
58
55
84
84
124
134
12
13
29
111
36
130
131
127
10
64
91
91
102
134
7
123
49
54
67
73
105
28
106
33
51
113
9
17
44
55
77
41
81
119
99
105
140
2
22
24
16
61
100
7
106
141
96
129
60
16
26
65
66
111
128
34
81
120
132
68
75
78
90
104
3
7
41
43
79
34
84
125
133
134
50
85
94
122
11
59
98
119
13
59
74
77
82
82
89
102
105
122
21
40
65
81
123
123
6
67
68
79
19
35
95
67
93
99
116
2
10
85
35
79
102
114
115
34
104
57
36
47
65
23
26
46
62
105
113
14
32
112
60
104
127
134
3
74
22
112
113
9
52
101
0
95
96
116
142
8
53
126
142
1
20
84
134
30
134
128
142
5
39
57
68
72
5
16
18
47
134
12
71
81
101
28
43
74
142
39
75
134
83
91
105
115
60
100
137
29
86
142
11
12
20
39
57
67
76
84
104
116
63
85
101
124
4
48
107
114
122
131
48
117
24
30
63
122
8
113
30
129
25
38
77
82
89
107
12
91
71
122
124
32
92
60
66
128
25
34
103
28
68
72
77
115
38
39
69
98
109
109
142
50
75
86
98
141
61
114
121
76
86
11
51
123
61
83
133
14
14
25
43
46
101
135
136
18
20
26
53
75
101
142
38
64
104
111
134
27
82
86
92
116
43
8
107
38
93
118
134
28
43
8
9
84
102
105
119
40
78
119
2
37
131
26
48
137
82
87
117
140
49
54
83
90
92
97
121
124
5
74
97
119
128
15
55
115
85
52
111
130
9
46
139
109
116
107
2
5
57
63
135
107
112
1
87
10
16
25
16
35
70
99
64
122
129
141
49
105
116
26
36
138
7
45
60
85
130
0
6
113
35
45
82
91
116
69
44
95
97
108
134
9
35
53
62
86
11
16
99
12
117
47
74
100
118
77
111
75
115
14
53
56
116
119
54
66
107
34
46
89
115
17
33
85
88
123
58
61
20
81
1
84
131
62
93
9
24
64
111
5
54
141
13
82
131
3
12
49
31
77
90
1
72
36
39
59
73
106
68
103
6
46
60
118
129
130
63
100
125
8
50
53
54
38
76
86
26
71
95
0
62
55
107
123
132
135
106
125
13
54
91
131
60
2
23
40
44
51
89
14
27
119
39
47
81
84
122
24
26
100
9
67
79
97
33
73
76
50
61
85
137
11
14
23
55
95
120
60
142
8
28
34
127
5
14
44
133
141
8
51
80
0
8
15
55
64
68
5
26
48
63
119
107
108
142
25
97
109
111
112
68
131
3
14
29
58
66
71
82
112
25
30
79
108
140
8
111
140
13
75
84
90
129
15
25
68
87
112
24
49
54
96
131
35
41
64
29
52
55
134
8
65
93
122
133
82
88
90
27
41
59
62
6
11
22
29
36
56
118
122
23
46
53
76
90
113
127
29
42
101
59
90
98
101
33
104
78
14
18
96
31
96
79
24
45
112
126
141
74
91
4
14
21
39
122
3
48
98
113
95
102
134
44
92
120
137
89
115
118
135
11
16
94
99
49
137
45
0
36
109
116
0
13
136
20
18
32
48
54
16
108
75
91
26
30
83
89
111
8
31
105
0
33
90
22
46
72
89
89
112
136
41
63
85
85
125
118
43
116
121
19
88
139
5
101
132
31
118
121
80
120
65
96
84
130
99
4
62
87
115
43
51
138
31
33
49
99
21
42
67
93
19
37
84
85
90
23
136
10
50
75
30
53
56
112
15
23
37
40
101
114
120
54
58
105
84
114
53
68
92
115
91
109
137
70
78
25
28
72
141
21
60
57
61
75
43
58
88
105
139
37
38
52
72
109
1
5
20
33
87
13
65
96
117
126
13
72
125
142
40
48
118
9
134
23
56
