11
24
33
43
98
114
134
43
27
69
114
116
128
5
96
22
87
108
118
128
3
9
34
50
96
11
22
23
72
109
73
134
130
6
19
60
76
90
5
22
28
71
116
119
30
124
130
5
13
40
64
93
15
30
79
83
113
131
9
20
23
98
3
42
74
99
13
21
38
58
6
56
58
3
35
111
20
6
45
59
111
127
134
5
5
5
5
35
52
111
31
35
7
137
20
38
41
103
140
11
57
93
108
5
18
33
33
111
31
44
108
123
31
53
64
82
127
3
38
39
41
67
102
119
50
59
109
112
82
111
29
46
79
124
21
119
19
7
86
114
138
108
111
116
118
118
27
96
11
105
11
122
41
43
73
0
82
6
38
4
14
44
72
5
14
26
33
43
44
14
35
31
43
65
21
76
89
23
52
53
65
70
18
33
76
87
107
20
24
76
90
25
39
119
82
106
86
89
108
13
105
117
37
34
137
8
18
31
38
33
37
37
117
37
53
39
41
63
136
100
5
18
31
58
110
117
11
67
68
117
18
22
52
12
116
17
63
42
1
24
119
31
118
16
18
67
89
4
5
18
43
111
119
4
14
31
61
75
116
3
13
55
114
3
52
65
4
20
87
0
47
78
84
108
119
55
82
116
18
63
0
0
8
14
12
46
57
82
117
14
21
42
84
107
40
47
24
25
28
35
104
14
6
18
63
54
102
105
0
4
24
38
0
14
24
73
1
25
136
42
71
57
28
76
83
114
12
71
5
114
0
22
105
106
4
5
6
8
34
0
3
44
14
110
117
22
38
3
86
22
37
38
2
3
27
40
63
65
99
11
60
118
99
127
137
0
19
25
85
128
5
31
51
94
0
3
4
13
69
23
28
29
46
142
15
137
85
0
0
13
34
35
107
115
47
101
116
63
125
33
41
79
87
96
111
74
126
12
48
90
136
28
47
11
14
68
74
105
126
24
33
0
38
93
93
10
24
82
21
24
93
106
53
106
5
71
73
26
30
64
107
23
108
117
6
14
20
99
112
117
18
20
111
114
129
5
20
20
113
74
57
35
78
3
8
22
37
43
59
107
21
58
76
76
19
39
99
23
34
41
53
126
24
53
14
49
58
124
5
23
116
119
123
20
86
3
7
87
111
36
13
88
2
5
5
28
71
106
128
25
84
93
3
12
32
61
76
34
75
97
124
3
35
62
138
44
99
99
20
43
78
8
38
3
34
43
126
18
69
83
112
113
52
87
92
101
38
64
38
111
139
5
87
123
140
8
25
27
41
9
105
117
14
30
37
0
5
21
43
106
21
69
72
30
44
96
118
41
114
123
50
34
68
0
23
51
58
108
38
101
5
26
98
5
10
87
93
21
76
24
108
123
52
117
11
73
122
10
50
14
116
9
13
33
45
51
68
15
35
123
41
66
22
41
24
62
2
19
22
34
94
5
18
87
21
79
110
15
20
83
130
5
14
14
26
123
17
17
22
25
24
91
128
69
3
9
63
111
113
123
106
24
33
130
47
58
58
76
9
18
27
119
122
24
29
39
108
117
8
16
18
31
44
38
125
3
28
36
105
116
46
63
72
21
44
52
107
35
64
104
116
23
24
87
111
5
16
36
106
127
5
9
10
1
14
33
38
49
90
138
10
131
125
18
23
24
38
14
48
69
11
22
23
92
117
127
0
22
58
113
107
14
76
87
27
42
48
88
98
37
87
92
16
18
28
41
141
0
5
6
24
98
6
9
11
41
108
0
17
33
14
35
68
69
76
93
97
98
99
142
7
18
22
58
76
7
18
34
114
116
5
25
28
73
20
72
101
127
27
113
138
35
102
58
114
18
106
44
0
1
48
52
74
79
82
103
5
13
27
52
54
96
103
41
0
30
28
48
55
73
9
45
117
35
86
20
36
124
4
36
42
0
0
36
110
111
14
21
39
58
65
107
5
14
93
58
10
14
14
18
33
43
43
108
36
107
7
11
22
57
111
115
4
34
113
9
13
37
44
58
102
111
26
35
38
43
10
11
22
98
18
113
142
13
28
25
40
76
9
123
4
6
43
74
97
41
76
3
46
5
13
18
68
14
45
82
103
116
27
28
43
58
67
94
137
3
18
36
74
74
106
107
121
27
36
52
118
113
58
41
71
14
30
106
37
38
1
13
23
63
94
119
93
104
114
10
43
57
81
6
58
76
119
23
140
140
0
5
2
104
24
26
34
89
3
27
37
108
137
14
28
57
93
99
15
69
99
99
3
14
22
90
93
107
117
24
25
28
28
67
107
13
43
74
3
64
111
116
116
33
71
5
37
38
44
74
43
73
96
43
56
116
21
44
58
5
9
22
25
28
63
6
96
117
6
76
9
44
76
87
117
126
127
134
4
14
18
23
23
24
38
38
64
101
20
23
30
103
5
10
26
27
56
98
4
10
44
57
107
0
29
54
69
73
56
59
63
14
14
44
126
10
26
58
88
19
23
63
68
126
25
36
21
43
71
106
7
32
52
2
20
35
65
20
29
56
12
14
26
61
79
92
24
49
98
20
107
2
16
25
42
93
21
35
6
18
23
35
37
49
6
98
105
106
6
18
18
65
74
75
76
87
23
25
74
81
84
130
11
58
76
123
20
39
68
0
52
6
34
38
44
82
18
19
52
80
104
108
125
11
34
38
53
114
116
15
6
44
67
11
6
26
36
2
18
111
4
6
23
35
101
123
127
130
6
28
77
105
123
1
130
76
87
30
76
100
104
114
114
24
63
44
116
11
14
38
41
107
36
63
64
131
3
44
6
18
33
88
75
116
5
18
102
3
23
64
104
6
25
45
52
82
142
11
18
27
1
36
82
98
34
44
109
25
20
28
42
34
23
28
37
44
124
125
12
74
24
25
75
99
103
104
0
3
24
8
57
108
116
20
30
43
63
66
26
128
4
6
2
28
71
25
53
76
87
51
127
130
31
3
39
44
13
83
104
117
124
19
23
35
40
90
0
41
116
117
124
5
25
38
28
36
51
73
121
0
1
35
105
50
35
47
72
76
131
12
44
70
5
19
105
120
23
9
21
92
2
36
58
59
120
37
43
65
38
38
2
108
3
106
24
25
28
73
6
54
21
122
137
10
14
62
32
37
74
83
5
14
30
41
6
136
6
0
25
28
116
107
11
76
5
36
122
123
38
103
18
20
23
25
68
127
22
23
25
74
82
128
0
11
24
51
64
65
45
5
5
67
107
10
21
41
44
58
73
10
16
101
137
5
21
44
124
38
63
76
139
30
87
119
97
35
66
101
118
4
6
35
43
75
95
28
31
69
72
20
32
102
30
47
89
0
117
44
32
62
31
58
67
91
93
116
18
29
66
33
5
18
22
0
3
24
37
104
114
117
18
20
93
101
119
38
75
42
96
96
126
34
11
27
33
77
26
64
76
122
5
62
124
0
33
36
51
64
88
0
14
28
30
33
43
1
28
31
35
38
83
118
119
5
11
13
71
80
0
47
76
96
107
37
14
18
39
48
57
3
79
136
20
33
7
14
20
32
61
76
1
40
66
134
18
31
63
72
93
0
30
43
117
25
39
119
12
43
36
66
106
34
39
99
13
38
56
59
64
18
23
126
30
25
51
74
111
11
93
5
5
27
140
0
3
30
44
45
137
6
13
35
84
97
123
2
76
0
33
56
105
31
127
71
105
22
37
56
87
104
108
21
37
82
104
107
117
21
23
51
79
98
0
32
5
62
99
116
109
130
27
30
33
76
101
105
108
23
108
117
23
79
111
13
88
25
98
14
52
96
0
14
14
23
49
52
79
88
111
10
11
67
39
44
125
0
35
112
23
1
51
4
14
20
86
23
31
56
65
44
44
71
79
124
38
62
127
0
38
42
3
3
34
44
110
27
137
9
11
28
30
39
108
117
131
6
21
54
56
56
138
10
28
7
39
63
96
1
20
28
32
44
36
37
121
25
37
68
18
31
83
14
33
53
92
122
14
86
41
5
68
86
117
13
17
21
28
119
42
123
124
23
32
20
1
27
30
95
101
5
14
59
5
35
37
105
5
27
102
112
8
30
63
73
74
123
18
42
5
44
23
85
4
38
53
29
36
76
7
28
58
101
31
31
79
101
21
59
109
111
9
23
36
24
42
0
13
34
91
0
18
113
125
14
71
108
110
14
31
1
8
28
29
35
37
93
135
44
98
0
1
34
68
101
6
76
0
107
22
4
24
26
57
80
5
27
97
25
41
20
33
36
62
31
33
39
110
9
36
39
41
44
90
121
14
17
18
67
82
109
11
31
44
64
3
85
39
0
5
5
18
31
73
101
22
59
98
113
34
38
14
20
43
64
25
41
18
27
38
82
2
14
68
121
5
42
14
76
117
6
22
76
76
1
3
36
49
74
105
106
4
5
25
38
38
90
90
5
23
23
26
41
45
82
6
54
106
27
44
61
25
33
79
87
116
0
5
34
102
105
4
35
62
67
93
41
79
82
90
6
24
35
51
57
83
14
24
45
11
18
40
70
112
22
36
41
62
111
116
136
44
98
38
46
90
102
104
15
17
45
12
35
51
79
101
116
127
132
19
20
27
38
43
0
62
22
37
123
67
27
29
30
37
0
33
126
7
14
38
66
118
18
51
22
22
36
41
108
1
2
10
22
22
50
58
0
19
23
43
93
120
138
38
91
5
18
29
51
57
118
5
24
28
37
108
0
30
34
68
112
138
19
86
116
0
20
21
24
33
49
20
35
35
99
108
0
111
1
63
79
3
10
22
47
112
23
25
29
62
62
90
44
24
25
31
125
130
37
43
102
104
114
20
35
48
106
18
0
10
104
42
52
59
104
68
101
106
123
17
18
30
38
48
105
18
23
30
24
82
126
25
30
82
20
34
38
90
103
1
43
138
13
23
33
43
57
128
4
60
63
113
13
33
89
98
90
37
38
53
59
27
82
119
50
69
103
7
38
6
10
86
111
28
56
78
0
14
42
90
106
118
14
28
28
41
43
74
1
18
19
27
35
111
126
9
24
29
39
101
1
20
57
73
82
92
97
116
10
35
44
93
112
54
107
111
113
17
20
93
11
76
119
127
1
4
28
38
69
6
128
27
28
38
82
123
5
21
123
132
13
14
17
116
13
97
34
38
73
5
25
36
58
12
46
125
138
38
48
57
9
13
14
20
22
3
80
12
17
20
32
37
50
81
83
103
106
126
23
40
44
99
72
114
18
39
75
33
73
123
4
6
31
116
0
18
28
63
10
14
43
89
122
123
125
10
0
2
5
11
20
0
0
4
8
13
35
106
25
31
38
63
85
117
25
24
109
9
88
92
13
65
5
21
49
69
25
82
90
2
30
9
49
76
82
82
87
131
121
133
4
23
23
112
114
4
25
49
82
18
19
5
22
33
33
33
38
62
106
128
23
48
86
34
123
36
37
45
98
5
2
5
142
37
116
32
34
6
44
83
13
18
46
120
76
104
22
58
9
18
58
38
106
5
6
7
98
64
113
138
5
12
12
35
51
107
126
45
60
90
94
127
35
72
103
104
11
23
23
51
67
79
23
36
82
24
31
38
23
33
38
44
63
113
28
63
22
99
4
35
104
5
14
27
33
82
87
108
74
119
20
104
19
41
119
51
1
18
18
99
121
24
45
106
108
23
48
51
54
43
46
79
105
2
102
111
137
7
42
76
106
6
9
11
35
121
1
11
25
44
15
24
86
105
106
0
0
5
34
34
37
125
11
11
14
31
104
54
119
22
30
44
69
25
26
6
51
117
14
35
52
21
136
36
0
33
44
76
102
32
100
18
98
118
37
51
86
107
28
35
127
31
55
58
0
25
118
35
88
116
2
60
106
30
98
5
6
14
35
54
106
11
125
15
22
15
46
71
105
35
105
27
31
136
21
79
53
0
5
9
44
24
27
31
38
39
0
72
33
44
118
32
50
98
18
111
6
6
32
86
27
6
23
23
41
10
83
14
37
96
33
101
45
88
128
130
22
62
92
44
118
119
1
44
64
101
35
118
73
25
36
56
78
138
0
2
75
83
94
1
35
35
68
107
119
3
18
22
54
63
78
22
33
88
24
123
5
33
76
76
33
53
111
22
27
34
4
4
63
0
87
107
119
18
86
116
19
75
106
0
12
94
25
5
13
23
0
14
133
136
1
21
22
32
10
38
99
6
33
99
18
19
27
81
31
34
47
6
111
116
35
64
14
53
57
62
70
121
6
19
85
114
2
11
74
103
116
6
8
22
33
43
65
75
28
43
44
44
54
86
3
33
41
101
24
31
43
68
82
101
9
18
13
87
116
0
35
36
67
2
18
30
35
62
114
53
76
77
105
0
5
6
35
37
58
77
104
123
6
13
23
112
6
48
98
25
33
116
118
3
5
56
0
14
14
66
31
17
83
43
44
97
58
76
107
108
141
27
31
54
93
117
11
26
82
11
18
28
31
41
3
7
23
25
25
27
58
35
38
43
74
83
116
124
128
27
117
13
11
92
125
5
49
114
9
9
18
44
44
45
123
99
114
13
41
67
6
24
28
30
31
73
22
36
57
44
44
110
73
8
13
65
82
5
6
35
38
118
32
64
33
98
18
81
99
5
53
63
75
116
119
121
33
38
12
20
21
37
41
45
48
110
25
2
23
21
67
92
116
38
76
3
120
37
13
99
102
107
50
7
26
35
6
30
31
38
41
7
34
35
94
23
25
9
14
25
65
65
111
3
43
4
11
18
27
39
74
105
26
43
51
5
14
15
111
1
24
32
46
113
119
4
19
68
6
76
42
124
24
51
23
119
14
35
132
116
21
34
112
116
10
41
76
90
6
9
129
6
28
36
67
72
100
83
5
34
23
71
105
117
139
16
23
24
43
34
36
43
76
48
135
23
35
44
0
14
93
106
117
4
18
19
33
37
45
108
111
20
4
25
29
103
63
1
23
35
44
84
101
106
18
19
53
58
114
25
83
11
33
34
36
42
53
14
21
42
33
74
130
35
130
6
6
12
20
98
118
5
14
30
21
28
114
71
76
119
13
93
101
128
22
43
45
49
53
98
15
64
111
135
23
63
80
96
105
125
4
67
79
108
18
123
20
36
114
116
6
25
28
51
56
121
130
33
107
130
142
31
99
104
120
36
51
56
114
127
36
58
73
23
24
90
122
124
0
14
93
19
38
53
72
81
117
130
32
43
47
118
11
76
18
35
38
71
6
63
38
76
116
6
29
32
50
76
93
13
3
31
108
125
8
33
44
44
63
49
98
111
1
105
0
9
0
7
9
18
24
83
52
108
114
123
41
69
28
30
33
43
0
36
11
19
39
114
65
33
40
57
101
111
35
105
6
126
3
62
36
103
39
46
119
59
44
63
69
35
37
75
96
7
28
101
102
34
37
112
138
8
130
0
20
87
94
2
3
34
44
49
80
28
107
108
0
22
25
38
73
106
31
34
37
5
21
28
31
86
87
5
58
86
106
116
0
19
25
2
23
26
13
13
21
14
21
24
44
58
112
119
1
11
31
56
105
22
65
117
3
41
44
101
70
89
108
23
36
62
86
118
23
47
56
79
31
43
59
76
79
107
27
89
98
99
113
0
2
20
21
74
33
97
4
106
113
28
53
59
11
76
113
34
81
116
0
18
21
22
38
87
88
103
13
5
25
26
27
42
59
96
115
1
6
30
7
64
82
82
111
12
31
48
5
25
2
9
10
1
17
72
14
54
90
141
28
33
68
88
111
38
86
42
61
72
134
11
21
31
35
28
6
113
117
26
117
123
21
38
113
114
116
106
107
121
0
127
44
119
38
116
37
50
51
108
106
122
0
32
21
20
40
98
118
124
11
38
73
86
106
130
3
39
101
28
41
98
118
9
14
22
63
15
52
98
118
13
44
117
14
82
83
4
22
51
100
117
31
35
39
44
52
121
13
22
41
106
18
31
68
125
23
0
31
35
57
116
36
41
55
5
15
27
27
64
19
72
27
47
116
22
36
69
76
102
117
14
58
96
67
69
105
23
5
49
106
23
37
5
19
130
18
38
58
41
69
0
33
72
20
51
4
119
3
33
34
31
110
63
108
15
52
97
13
38
76
22
37
37
53
64
3
9
14
21
49
58
111
4
73
31
112
124
63
117
124
10
19
20
31
114
23
61
98
6
14
58
13
41
111
84
116
126
10
23
53
6
31
68
116
116
24
42
60
2
14
24
28
52
18
23
36
40
73
112
33
41
53
83
128
60
72
0
18
32
44
49
11
16
34
111
71
75
1
2
3
25
73
79
11
33
137
17
114
10
24
11
13
29
122
18
20
21
51
0
31
123
82
4
44
112
117
14
25
68
111
111
51
88
97
99
139
44
5
22
90
103
86
35
46
113
52
60
73
98
15
108
4
119
8
30
22
3
26
138
28
34
30
73
105
4
5
42
106
25
76
87
0
117
135
51
133
5
33
37
76
42
130
20
23
32
103
44
92
108
126
23
56
5
6
79
87
14
18
21
24
65
26
35
24
6
24
101
37
81
83
96
126
35
35
119
2
37
105
107
14
25
63
91
119
33
117
43
85
10
24
36
76
11
18
114
126
7
26
108
42
5
17
44
14
15
25
34
72
76
13
111
14
68
117
21
25
25
27
43
113
6
7
67
4
14
33
116
130
14
52
75
87
6
14
38
42
61
76
111
117
126
76
121
7
7
14
17
20
45
48
76
82
83
45
18
19
37
9
10
17
20
55
56
63
14
51
105
6
7
14
96
27
56
9
31
38
42
4
14
42
52
99
30
41
53
56
123
43
57
114
25
25
27
29
58
105
114
15
30
35
24
51
1
5
30
2
91
92
119
50
131
81
69
83
65
68
83
32
80
98
18
72
35
73
98
106
11
18
30
48
106
137
23
39
56
85
110
19
12
90
111
14
57
60
140
0
4
100
136
14
31
71
76
1
9
22
23
38
121
20
24
57
62
89
43
113
1
38
41
51
35
82
21
33
98
33
93
123
3
64
125
133
25
11
23
42
117
120
58
100
116
71
104
22
24
50
96
100
1
69
53
136
33
47
68
88
5
31
56
9
5
72
4
20
24
25
36
3
14
34
76
12
99
113
73
125
133
5
44
41
112
6
19
42
18
47
53
0
24
25
108
22
44
116
13
14
36
37
67
88
104
118
11
22
27
37
72
53
71
76
116
140
38
3
17
29
105
120
18
76
0
23
110
14
26
29
52
28
41
44
21
142
14
44
3
22
40
116
21
42
112
124
75
87
105
11
20
27
54
70
43
71
96
22
34
38
119
27
42
42
2
14
23
66
0
7
21
101
9
22
29
91
128
5
52
128
41
88
104
135
137
65
14
44
49
59
82
15
23
63
80
126
127
7
99
18
48
117
0
58
119
11
43
25
53
20
31
104
23
36
43
133
35
44
84
118
31
34
44
7
37
114
21
107
117
119
20
52
104
5
15
107
4
10
48
127
83
117
126
0
42
26
20
27
54
65
105
117
131
101
117
8
37
43
43
44
30
78
113
4
18
21
106
114
11
18
20
41
108
0
136
15
31
90
108
37
127
33
107
0
15
114
106
21
76
80
106
5
35
62
6
28
28
62
101
31
51
20
33
34
37
49
78
106
2
35
50
116
22
30
82
116
5
89
44
72
106
124
6
71
106
5
76
21
84
111
14
23
82
45
30
42
49
94
116
138
5
9
89
93
104
105
33
18
76
93
10
119
9
32
35
57
11
20
24
27
33
44
104
106
1
28
43
1
14
24
27
28
35
44
106
6
22
38
1
21
33
113
11
24
86
2
20
25
56
1
18
22
22
37
76
119
30
49
57
27
108
58
5
42
74
37
126
39
5
8
41
74
82
85
0
0
8
27
32
69
128
13
25
108
14
48
22
35
27
114
34
110
63
25
24
36
11
33
47
38
43
106
107
113
116
3
83
104
131
133
2
27
13
11
46
59
79
135
14
16
42
48
20
76
107
112
5
14
29
31
96
2
3
99
118
125
128
138
30
52
105
5
38
50
132
96
101
111
19
19
66
23
30
42
51
104
12
51
65
103
15
37
113
119
28
11
33
41
102
111
8
21
28
34
53
85
4
5
43
50
53
106
111
23
56
58
65
1
22
33
41
70
124
62
63
4
14
80
89
111
0
5
12
63
63
92
93
124
44
86
124
10
13
24
30
44
105
107
25
33
83
2
5
18
27
117
22
31
37
37
22
27
30
138
6
14
63
29
57
86
105
111
121
13
20
82
1
19
35
68
79
83
123
5
32
37
38
66
43
58
76
88
114
24
114
125
82
98
103
107
20
51
25
28
105
126
