6
13
32
53
90
67
101
125
41
42
58
90
98
104
119
117
114
18
133
40
116
120
17
37
81
136
141
118
141
13
42
82
120
137
21
129
16
50
43
127
24
84
106
109
126
137
138
55
83
132
16
41
98
55
58
94
49
55
91
97
123
11
40
40
72
17
63
67
80
5
10
13
58
87
6
25
79
83
88
92
103
23
49
57
86
93
114
120
7
134
68
5
27
62
86
95
98
47
68
101
8
61
72
91
117
60
70
13
22
25
78
95
79
105
113
123
4
32
89
40
73
119
141
142
4
6
16
34
39
110
114
11
15
59
70
90
4
75
79
19
86
129
7
35
53
103
70
4
10
53
60
29
44
62
114
126
128
41
66
90
130
39
109
117
76
94
116
139
31
96
104
130
50
91
103
33
110
55
56
131
136
12
71
87
115
106
45
104
128
138
22
52
55
27
44
105
114
120
125
31
31
34
93
23
48
54
70
73
93
16
60
67
81
26
132
41
46
47
61
86
8
68
117
11
83
135
75
3
42
32
60
109
14
38
61
83
86
136
14
26
62
58
60
77
110
136
32
67
124
29
118
67
81
137
142
16
17
14
22
25
69
91
107
122
140
22
64
97
27
28
38
70
127
4
53
101
121
138
18
35
52
117
60
32
56
51
61
92
114
21
44
83
62
78
16
33
46
57
75
58
81
5
42
60
117
9
83
88
111
141
63
29
76
31
105
31
45
49
59
92
93
93
100
136
29
88
92
11
34
91
97
108
4
19
78
94
5
51
62
136
29
64
78
6
10
62
68
79
129
82
88
16
26
54
134
142
109
113
114
84
86
112
116
6
18
36
55
36
111
126
2
4
14
70
96
124
15
74
112
8
95
116
117
12
38
74
84
9
91
105
121
8
29
47
91
1
142
0
9
16
71
25
49
130
48
72
137
10
90
93
132
92
110
1
37
86
17
71
139
81
86
88
97
127
17
86
9
64
10
54
94
110
131
36
114
118
20
59
62
101
138
66
136
141
114
103
108
51
61
100
100
109
39
66
122
127
141
1
10
72
17
101
102
34
117
121
135
11
92
105
142
24
43
63
27
98
34
57
82
93
81
104
130
16
33
125
133
28
38
57
72
116
84
108
87
109
114
11
43
45
49
56
38
140
72
18
24
27
28
40
44
74
84
29
34
34
61
69
96
129
39
45
46
134
4
79
16
32
63
106
65
111
3
23
66
88
15
60
85
106
115
25
45
68
128
3
74
24
90
98
112
32
34
49
58
73
94
103
37
62
138
47
134
17
72
89
95
6
12
117
0
125
71
102
0
26
99
10
67
93
56
103
42
120
110
45
85
3
27
63
105
117
142
14
32
57
117
122
40
61
73
134
74
75
81
114
41
5
91
9
52
96
101
80
94
115
26
70
39
84
30
72
85
90
119
4
31
32
49
48
72
77
123
137
3
40
140
106
115
121
141
77
93
42
21
64
74
134
8
11
68
107
118
15
53
66
68
73
47
63
112
130
42
118
14
27
71
99
132
21
74
119
126
89
121
0
7
18
38
40
46
53
112
51
86
47
61
90
97
137
27
29
110
99
32
45
4
133
35
61
89
108
117
5
12
51
76
76
90
102
126
7
55
80
37
44
2
84
99
111
5
9
20
81
93
121
19
122
24
106
136
36
84
132
75
37
102
0
65
100
110
134
142
123
141
126
140
47
68
91
97
102
107
117
38
45
48
58
97
103
126
69
116
25
97
28
40
42
59
77
138
45
78
95
4
32
61
91
99
10
36
69
33
75
123
77
33
57
76
88
112
130
131
5
38
83
97
5
58
83
135
17
68
94
131
72
88
49
113
49
108
110
49
139
129
62
8
24
30
70
88
141
24
104
122
61
64
76
81
99
103
12
52
75
49
112
18
22
142
6
98
56
31
47
52
12
55
91
93
94
120
127
3
10
79
64
78
78
101
49
130
138
42
98
124
133
2
44
52
105
125
133
136
26
53
86
24
109
14
41
52
131
113
54
83
28
33
53
136
10
129
28
45
78
29
86
122
123
136
32
46
9
41
116
56
79
85
87
126
19
48
56
76
94
95
122
94
115
7
35
142
72
118
136
21
25
28
87
20
26
55
110
11
103
138
43
63
127
130
25
25
56
70
34
35
69
120
46
78
84
21
74
29
37
39
109
54
79
77
45
43
70
128
11
72
138
24
67
38
15
43
54
74
102
106
39
114
132
17
1
54
59
78
102
88
108
12
31
29
48
50
82
23
97
105
3
10
25
116
131
40
93
127
40
57
58
65
32
43
70
76
116
129
35
53
108
118
118
114
119
43
71
91
62
117
129
133
14
52
137
105
107
129
142
7
26
84
135
15
89
84
108
128
37
82
132
11
18
23
115
116
42
76
83
113
114
15
33
35
72
92
99
133
42
42
103
111
120
73
127
112
51
58
101
43
108
113
119
4
42
72
120
79
84
92
21
44
4
28
14
26
38
78
16
27
39
54
5
35
49
89
20
32
56
76
18
138
49
76
85
123
17
101
133
134
2
12
26
59
74
75
87
90
120
122
13
35
129
137
55
39
4
15
50
53
130
135
57
10
18
55
99
4
73
82
96
107
119
30
83
104
8
30
80
106
113
126
128
10
38
124
14
19
75
90
108
141
21
63
69
138
11
39
73
118
138
33
94
3
7
7
25
24
104
9
13
22
46
90
133
56
134
45
140
66
87
120
0
57
66
94
95
78
20
83
89
31
32
118
128
135
25
65
91
91
138
59
69
40
13
54
89
4
25
62
91
127
13
21
60
20
133
73
20
43
98
102
29
63
14
104
2
54
74
7
40
8
35
42
54
91
91
108
117
61
22
63
81
128
107
138
79
89
105
118
133
27
71
111
36
20
75
18
33
33
57
71
81
48
56
58
48
82
91
119
91
30
41
106
12
135
135
22
68
75
100
9
26
33
71
113
117
123
57
88
82
91
60
70
95
101
127
55
90
27
69
94
99
108
112
127
133
135
10
95
108
74
76
123
30
92
114
114
132
132
3
5
8
65
73
14
21
44
69
121
47
77
87
107
3
10
29
59
82
88
19
94
20
61
99
109
131
138
75
115
73
92
110
26
49
76
137
79
93
12
20
106
119
122
130
141
26
44
55
136
100
138
52
81
127
142
28
29
67
6
129
32
92
109
80
109
9
101
8
40
91
107
112
2
42
107
140
75
92
113
133
26
54
97
39
25
142
40
41
77
26
69
85
100
106
115
129
5
75
9
74
139
56
97
81
85
87
105
22
70
74
81
121
26
90
25
96
106
130
19
29
30
39
60
73
33
46
66
15
19
51
70
102
120
67
74
103
17
55
64
63
65
13
2
68
31
42
66
85
98
14
24
33
100
4
40
114
35
21
108
57
98
122
133
10
91
14
40
70
40
105
117
121
17
84
94
27
106
108
129
21
65
128
36
65
110
20
25
19
31
78
94
34
26
36
37
54
15
34
53
36
5
13
74
89
13
102
45
60
141
98
105
106
106
106
135
15
59
19
22
28
51
76
52
53
91
107
28
66
103
118
56
108
118
37
53
80
10
30
71
77
117
127
12
27
107
116
116
73
91
96
123
10
28
124
129
70
90
119
131
36
59
60
82
110
52
59
23
25
67
88
68
2
84
3
10
73
91
92
142
119
97
107
121
123
135
49
14
21
69
115
26
120
122
133
69
71
2
21
84
114
121
36
98
74
111
111
35
14
32
64
8
23
31
33
43
60
67
76
92
109
132
30
56
73
123
3
30
39
40
101
108
74
98
43
118
141
1
25
44
87
100
119
138
23
44
106
136
10
25
30
77
87
28
123
24
82
102
107
42
11
75
136
38
121
10
26
47
48
80
104
32
75
101
109
30
45
88
16
17
98
7
141
3
33
134
21
49
43
46
81
20
8
23
52
69
104
16
35
41
138
44
106
35
107
113
121
89
139
98
133
38
83
48
62
48
81
103
110
5
129
34
103
116
141
139
141
2
16
50
14
69
83
12
129
95
99
31
54
68
25
31
68
110
121
11
17
41
9
52
90
12
104
106
116
119
4
71
82
93
7
78
97
5
22
95
33
41
43
61
70
122
42
77
20
107
19
85
86
115
103
2
99
53
98
102
134
13
36
38
100
24
64
70
73
30
115
36
38
44
124
1
74
115
11
23
53
57
65
66
41
46
54
60
96
108
121
123
126
80
93
138
33
35
58
107
128
7
51
71
72
121
20
65
74
82
98
69
92
86
113
135
44
54
98
116
63
109
125
116
139
11
108
127
139
17
86
119
65
68
95
90
113
138
30
35
55
74
139
27
29
6
46
52
130
27
86
110
50
69
81
33
41
49
123
138
0
7
15
25
51
93
32
53
131
52
78
91
1
23
1
124
9
27
123
112
63
69
83
124
10
74
75
40
65
84
106
71
11
44
107
117
2
64
9
63
85
0
4
12
53
129
20
40
63
72
116
128
7
59
68
71
73
142
41
20
106
30
100
41
140
4
67
101
124
127
140
12
113
57
98
124
140
14
92
122
18
21
72
91
132
9
12
35
108
127
12
29
55
71
106
141
50
64
107
141
29
57
15
67
50
110
102
22
95
54
61
106
116
71
4
62
48
16
17
32
51
62
63
59
64
98
103
1
17
37
84
88
23
70
117
29
84
12
29
33
77
129
19
24
101
108
131
45
82
6
23
43
137
138
12
19
124
19
45
77
100
105
9
107
22
25
27
72
84
112
80
86
98
118
55
91
121
40
77
98
33
82
112
12
32
68
129
110
51
51
62
75
111
126
30
130
6
31
122
59
93
31
94
134
135
43
49
65
123
142
108
0
26
106
22
104
39
69
128
135
13
43
79
116
12
12
68
127
34
44
74
114
116
141
113
69
101
135
40
128
139
119
24
120
5
7
32
86
7
92
126
13
50
73
75
77
126
135
140
1
36
48
73
76
120
16
25
57
68
52
67
72
90
36
47
49
86
104
40
30
46
99
39
112
21
80
122
123
138
12
60
73
90
15
23
48
60
64
82
102
141
77
59
75
44
123
124
67
69
10
105
38
79
108
35
49
56
77
118
119
15
51
103
113
7
36
49
69
101
28
52
103
111
130
33
78
85
28
54
101
2
8
24
86
47
103
134
1
32
83
88
109
4
82
20
70
95
96
28
31
39
58
83
123
14
103
109
117
68
84
23
55
103
104
117
120
53
128
57
97
109
106
120
104
135
45
51
119
142
11
20
50
105
0
22
33
51
70
90
117
126
121
46
87
100
105
24
108
65
117
114
78
80
113
33
65
27
134
9
50
65
88
116
139
16
65
93
7
33
36
38
62
96
11
24
42
45
21
37
40
96
0
29
97
20
109
121
124
137
142
47
64
137
80
81
20
104
110
62
86
125
86
90
117
34
55
32
99
25
35
9
22
72
105
125
126
139
3
25
28
58
60
49
110
121
140
18
76
105
74
75
79
89
133
4
15
20
76
77
86
41
45
100
61
8
83
131
132
13
18
40
90
96
118
0
38
40
20
76
47
50
57
103
115
127
48
53
67
30
53
67
138
54
55
97
70
4
58
6
91
92
8
62
93
33
90
7
13
65
120
128
136
7
19
63
80
60
94
8
13
67
94
75
88
96
105
2
44
69
13
23
26
42
72
93
109
119
61
140
39
68
113
136
137
18
22
30
32
81
58
85
5
111
26
55
67
70
105
126
5
34
77
98
89
48
66
79
4
108
64
87
64
24
35
42
59
89
92
107
118
90
106
115
141
13
30
89
116
132
26
29
37
38
72
72
99
113
137
137
138
35
48
79
121
2
20
26
39
76
93
10
41
104
34
1
3
38
63
107
120
141
74
80
83
83
116
126
57
90
94
3
37
56
93
17
141
22
23
23
88
102
15
30
117
5
13
30
53
67
125
7
58
62
72
125
18
79
81
89
141
25
90
12
42
72
11
33
108
86
90
106
116
131
66
90
64
76
79
21
51
59
97
103
134
137
45
54
20
104
120
38
42
72
0
12
6
31
64
47
53
57
138
59
10
20
27
27
53
62
81
82
85
122
47
38
85
119
31
45
100
110
113
54
24
34
86
23
40
75
22
86
110
43
107
141
99
61
90
116
138
17
75
88
110
1
51
93
128
129
101
110
64
134
21
101
6
34
36
73
105
114
138
60
141
34
90
25
89
80
99
25
89
11
19
44
88
99
12
15
111
35
111
18
57
117
125
12
30
11
28
59
122
26
38
49
102
13
38
48
83
9
45
116
128
15
22
30
60
76
89
118
50
83
130
93
9
78
84
133
4
44
94
103
62
74
120
16
48
133
6
26
37
54
108
142
8
43
51
111
126
135
139
20
24
59
122
25
28
42
97
121
134
84
104
19
17
51
111
114
141
39
134
8
24
26
69
76
104
7
10
13
75
112
60
76
93
93
94
102
115
73
87
78
112
128
63
112
129
21
22
74
119
4
13
17
17
17
82
127
115
47
9
63
75
97
64
47
102
103
0
18
77
3
116
132
121
2
45
59
136
32
64
65
77
78
128
5
45
46
90
118
119
99
43
132
15
27
62
125
109
19
77
94
105
63
74
22
52
78
98
2
106
112
123
9
81
2
48
82
50
56
97
98
108
43
83
39
90
93
1
29
128
140
41
76
91
126
61
70
111
129
91
116
132
115
4
138
120
16
76
77
83
89
125
16
47
75
136
38
53
60
56
64
1
69
102
110
92
133
34
99
103
132
22
96
4
74
14
42
85
101
115
125
35
39
131
136
74
137
24
107
74
88
4
37
62
37
95
45
81
116
47
49
63
79
50
33
57
90
106
120
131
20
49
101
109
123
132
13
42
92
24
26
33
64
77
137
22
46
55
126
32
46
131
14
22
58
112
117
122
135
5
65
135
3
7
17
41
44
53
68
87
128
7
44
117
16
38
61
78
109
74
91
103
106
8
37
44
68
20
43
46
67
74
103
115
6
11
20
87
123
132
46
106
0
29
37
24
46
62
106
133
28
40
59
59
14
26
72
73
116
9
21
77
102
20
78
103
119
120
42
45
86
6
16
48
115
91
106
13
14
44
47
71
77
72
91
103
112
15
76
121
31
79
113
116
15
84
48
56
59
64
14
16
35
52
28
43
89
93
71
89
123
126
63
123
55
84
45
67
40
57
119
29
107
114
128
19
111
39
82
121
60
113
127
30
34
39
132
25
0
3
46
5
27
43
117
67
75
81
95
117
140
77
96
103
107
107
140
38
120
130
28
51
54
86
46
93
101
141
40
48
78
92
117
125
141
23
65
113
18
52
54
69
130
38
50
135
18
43
47
92
54
59
65
94
117
142
117
122
124
136
140
38
84
15
123
1
43
83
108
42
100
5
7
41
94
111
123
0
32
59
82
100
119
20
35
45
48
58
97
98
113
29
46
74
92
112
10
111
125
16
56
80
25
114
120
19
28
57
36
89
19
129
140
42
24
70
87
44
49
1
15
37
44
135
31
101
140
2
80
84
37
59
117
42
53
57
117
96
110
46
0
2
38
13
110
127
142
15
132
23
90
136
0
31
45
130
133
19
52
123
69
85
117
30
73
90
102
138
107
120
8
16
27
26
55
59
74
84
114
0
40
48
53
105
99
138
84
117
7
57
74
78
107
54
105
81
84
123
137
140
10
81
83
88
137
26
54
78
79
131
17
33
121
18
48
142
38
109
134
24
87
7
62
80
97
140
11
14
52
96
111
129
37
75
84
119
40
36
54
59
110
124
51
65
8
43
48
57
91
91
59
70
129
23
80
96
41
73
88
118
31
69
71
1
142
1
52
96
129
27
80
81
45
131
28
39
53
58
76
65
70
4
23
81
91
9
24
54
59
11
3
94
42
65
139
108
113
18
32
33
72
0
142
46
74
120
17
19
25
52
71
84
142
3
77
109
121
12
43
64
66
93
104
14
20
21
86
91
48
97
141
142
8
56
14
33
69
77
79
51
45
89
11
42
96
88
117
141
20
41
59
89
9
38
47
75
140
3
59
82
117
8
132
17
90
101
103
108
54
68
4
2
50
75
5
34
52
20
73
92
133
115
128
39
67
86
140
105
13
59
16
29
83
108
28
57
80
84
18
19
60
81
89
2
49
67
90
109
117
33
120
131
142
32
36
54
62
82
0
20
109
142
22
116
134
54
125
17
54
90
137
55
86
86
94
100
106
70
102
35
103
122
136
22
87
122
5
13
59
45
49
67
77
89
95
113
123
134
48
70
77
66
133
6
64
79
101
137
87
30
88
33
43
70
82
14
22
97
137
17
87
103
108
136
24
53
65
70
79
81
0
66
103
17
56
130
43
64
68
130
132
114
11
38
60
78
129
131
132
49
94
23
34
61
68
86
117
32
99
126
25
71
91
92
13
44
84
5
63
87
142
8
62
111
119
132
3
43
49
114
58
73
1
26
139
27
35
44
5
11
34
52
73
42
94
130
7
36
53
106
16
78
78
137
142
12
79
105
118
30
35
54
69
77
84
131
10
18
25
58
87
124
17
21
31
36
85
99
58
106
57
63
103
109
10
118
5
61
89
113
0
51
113
140
8
29
86
110
115
122
134
2
66
91
102
0
32
88
9
24
86
95
126
6
60
46
67
42
74
112
35
98
116
1
109
6
28
63
70
0
2
3
20
83
118
4
81
14
35
70
95
132
9
100
119
30
64
0
17
25
26
95
57
67
76
48
58
66
103
111
136
63
119
138
125
33
6
7
54
24
120
4
81
124
99
132
13
42
93
141
62
38
58
73
79
84
28
88
18
15
70
116
72
75
44
50
114
35
64
130
2
12
63
107
14
125
65
95
48
105
141
66
97
11
19
22
37
107
109
49
26
61
66
71
74
141
24
63
85
132
23
28
114
24
27
73
86
110
135
135
16
86
23
37
61
83
83
139
37
83
88
107
66
79
139
98
130
0
11
26
40
87
123
135
90
128
78
0
103
105
115
14
41
49
87
93
118
119
123
135
141
0
52
56
53
82
120
5
65
139
66
66
100
109
115
117
131
139
30
84
93
140
31
59
64
137
30
32
94
11
47
54
76
57
80
10
105
65
109
124
5
77
122
135
139
26
28
84
103
62
66
81
133
2
19
45
119
130
16
77
7
40
61
120
125
127
3
50
57
112
123
5
50
71
115
120
141
15
73
81
117
141
27
34
43
41
66
100
32
111
126
142
0
6
12
75
87
109
133
25
40
89
122
60
112
12
45
46
62
103
73
100
104
15
57
72
74
86
48
59
63
63
71
86
22
48
49
68
132
46
52
56
124
5
20
33
99
120
9
14
72
73
101
135
4
59
86
13
38
68
33
131
62
89
113
57
73
65
44
65
130
142
84
124
65
57
98
104
89
91
70
116
6
20
22
30
133
58
82
107
135
7
70
110
18
61
5
57
87
98
127
128
30
66
67
104
115
14
7
80
70
75
130
58
92
24
36
132
58
88
100
104
109
112
14
46
120
82
119
2
77
109
21
42
65
90
16
128
20
23
33
115
37
53
89
118
0
33
55
10
49
88
95
8
46
0
28
36
50
22
81
136
3
119
128
137
24
142
7
75
102
13
55
71
121
82
142
97
115
49
84
19
4
93
109
17
20
25
59
91
107
107
123
141
4
39
74
98
105
108
2
3
43
7
10
23
82
94
131
15
15
40
8
52
127
27
28
68
114
122
3
48
84
137
10
65
114
125
17
73
88
30
51
52
84
86
88
140
74
3
81
96
124
139
55
57
81
22
24
69
119
11
12
97
52
71
90
125
137
78
117
27
30
100
110
6
10
24
80
30
67
71
131
24
49
63
125
47
112
125
35
19
69
43
89
127
66
94
91
9
23
25
43
89
99
132
0
86
26
42
75
11
56
60
5
51
69
79
81
6
101
110
123
125
132
8
34
42
52
32
54
91
96
25
74
112
21
60
64
71
83
126
40
64
89
53
59
19
39
52
67
70
72
140
81
98
129
28
61
90
130
140
24
12
50
63
1
31
131
6
8
60
134
62
22
75
83
121
17
84
86
127
120
117
125
18
28
116
47
85
105
110
26
29
40
140
6
33
39
76
86
95
131
131
52
79
90
60
62
64
82
82
6
10
33
107
120
123
13
33
81
3
93
97
98
17
49
48
92
54
133
32
51
92
42
1
3
7
54
7
73
84
100
8
28
61
118
5
29
71
39
65
44
51
55
58
93
123
123
11
42
45
78
91
87
111
131
141
5
53
28
74
123
14
55
56
89
106
51
22
24
41
59
82
83
98
105
112
129
140
46
77
86
31
80
83
140
