17
88
91
18
27
76
96
30
34
51
71
92
35
28
28
99
113
21
36
123
93
2
33
76
116
28
2
3
23
62
139
11
38
41
20
23
38
107
0
4
11
13
74
87
116
130
34
45
74
93
97
31
69
114
18
19
73
79
62
69
92
96
103
116
138
6
13
56
69
76
100
1
18
21
41
8
18
30
119
0
42
1
10
36
41
99
23
71
3
3
65
76
104
108
26
41
44
67
11
38
49
114
67
38
65
102
6
14
28
30
53
21
73
43
18
21
124
35
81
28
27
98
52
44
59
98
116
34
83
5
110
21
75
118
18
21
52
113
1
20
36
124
13
119
5
20
0
2
15
0
28
77
79
14
22
31
30
44
128
27
86
116
128
5
133
37
4
14
22
51
93
106
107
13
18
23
3
37
40
44
68
94
0
32
36
76
4
17
33
37
51
73
119
21
111
124
26
28
76
119
24
90
18
30
80
119
6
25
76
124
4
20
106
34
86
18
21
76
95
114
118
130
1
13
44
107
24
36
49
79
114
76
108
123
108
113
14
51
14
61
1
7
27
67
0
1
12
106
16
52
123
18
42
53
67
0
7
124
11
14
30
76
11
65
114
116
32
38
101
105
136
5
14
25
34
37
41
0
3
5
44
111
31
13
14
111
136
8
127
2
5
20
43
65
0
18
75
8
32
59
90
104
31
133
5
5
9
103
63
74
93
6
19
81
116
14
26
58
49
51
116
5
43
93
4
18
33
52
116
25
116
21
27
128
8
24
31
5
11
12
21
90
123
126
34
93
93
119
6
13
43
36
39
58
14
44
1
3
5
18
39
53
69
63
90
5
5
7
30
99
4
9
18
25
45
22
56
60
105
31
34
58
82
87
138
42
76
2
29
114
7
18
33
33
24
76
6
22
8
25
30
38
53
127
102
106
123
6
9
20
41
43
5
107
124
36
30
44
34
35
58
42
123
35
38
63
72
96
47
11
14
36
67
6
31
31
37
114
125
7
25
25
63
82
103
9
42
35
38
43
126
37
82
112
25
38
42
83
123
13
27
30
52
4
20
28
114
42
114
25
67
73
82
93
124
105
105
0
64
3
25
96
108
10
16
18
21
44
74
101
15
49
53
117
119
123
6
22
48
99
111
113
113
0
5
18
28
106
4
37
116
6
28
42
93
98
6
13
22
104
14
77
26
41
53
68
33
43
49
2
41
46
52
76
9
46
101
24
30
1
27
0
14
14
22
38
74
119
14
51
12
49
73
16
41
34
105
111
22
76
19
26
48
86
126
35
39
125
12
41
103
21
75
96
67
111
6
43
56
76
92
23
66
2
6
76
20
53
4
59
83
103
3
5
64
11
16
24
37
37
43
117
0
0
19
49
82
87
49
2
25
31
105
2
18
32
62
88
105
110
137
52
57
57
96
99
102
114
123
5
106
23
43
58
88
77
6
90
0
1
33
44
64
105
22
43
81
24
38
6
127
30
53
0
65
36
44
111
6
13
128
130
0
15
63
76
35
106
20
34
64
65
114
134
58
72
116
11
14
32
35
36
65
98
102
116
0
3
39
41
98
101
33
128
14
28
30
0
5
5
20
54
123
121
23
25
33
106
119
51
111
6
82
13
14
3
38
64
86
42
44
127
44
11
13
41
117
35
71
113
116
17
93
11
36
87
106
44
65
23
35
44
106
120
31
20
23
35
27
43
108
6
9
14
25
44
119
82
13
23
124
130
22
26
93
101
136
6
12
54
0
3
14
18
33
69
87
22
63
116
136
28
65
125
5
5
10
51
99
134
0
4
14
22
33
74
53
56
109
0
31
41
52
74
93
39
63
18
62
76
79
85
137
2
106
116
41
45
105
130
88
116
2
3
51
121
19
21
58
101
110
134
106
14
137
53
107
2
5
14
118
3
11
54
63
9
23
56
71
75
76
20
63
89
126
19
24
90
105
14
23
50
99
108
33
99
105
127
24
38
44
32
33
87
11
11
99
103
133
14
35
76
11
25
45
56
67
22
17
20
65
19
30
106
0
0
1
3
26
67
76
117
44
82
105
4
43
57
83
104
3
13
21
57
98
106
38
107
6
6
6
14
26
86
90
100
106
6
9
37
45
76
112
33
82
98
5
13
48
83
105
1
82
99
18
44
141
96
119
14
69
114
126
22
25
27
38
96
135
0
39
44
6
43
73
114
0
12
31
34
69
76
104
119
1
22
25
30
44
61
87
116
0
50
0
62
79
79
107
24
42
53
74
76
6
22
29
39
72
80
118
2
5
116
20
35
64
89
106
114
0
33
11
28
86
114
73
116
4
45
107
30
4
39
104
108
47
10
25
62
87
89
73
76
116
0
3
6
32
76
97
14
127
10
82
125
142
33
102
15
98
118
19
21
21
30
45
51
73
105
111
0
28
38
44
20
23
135
1
31
82
3
108
49
81
2
14
20
41
43
15
107
121
5
18
23
33
99
31
31
31
11
56
18
23
37
2
6
27
54
7
37
58
61
107
13
58
64
0
30
83
86
30
32
47
54
0
21
24
57
56
38
41
44
123
36
69
126
82
116
23
76
84
2
4
5
31
42
20
34
37
14
18
59
102
3
0
38
11
12
28
82
20
37
82
104
18
20
2
15
141
10
22
36
42
6
10
27
69
76
5
79
142
78
38
117
126
13
17
26
38
63
73
83
114
22
42
0
15
30
74
116
128
6
30
53
13
24
31
34
58
33
41
58
58
111
37
126
22
42
10
21
33
50
23
119
131
4
27
33
65
76
22
53
73
102
37
38
104
126
0
11
19
35
36
117
19
27
101
28
36
42
78
30
45
125
50
111
2
7
30
41
6
42
68
79
123
0
37
112
18
33
23
136
107
14
39
122
6
125
27
45
60
8
27
6
25
74
38
1
10
23
140
9
58
107
14
33
50
79
7
28
31
44
54
85
0
18
28
20
24
36
50
63
73
92
93
123
140
0
51
111
124
1
86
119
65
103
119
23
34
45
46
92
136
3
38
65
66
119
7
126
5
38
107
6
18
39
102
104
30
64
44
59
80
98
0
37
71
38
63
89
48
87
117
118
9
13
47
113
128
24
93
38
39
108
11
29
57
70
26
8
31
79
117
5
13
44
45
57
76
122
14
20
109
33
122
0
0
13
14
24
35
82
85
1
31
63
23
35
37
130
13
25
45
3
22
35
112
82
52
123
30
57
63
82
92
0
10
105
22
25
47
14
21
23
32
45
117
127
20
38
96
43
14
35
134
3
36
0
26
106
74
81
90
47
110
35
54
90
3
3
35
42
118
139
37
107
94
12
31
100
5
39
53
21
28
44
72
98
133
23
27
74
97
40
56
75
20
36
136
22
33
26
57
111
126
34
117
22
25
44
65
126
25
74
109
2
69
82
98
33
41
44
111
115
123
27
29
106
119
13
48
12
102
10
111
38
59
116
26
35
6
21
30
74
8
22
105
7
39
78
3
33
49
52
18
22
31
61
78
42
92
112
17
28
71
99
70
18
44
104
112
138
0
37
123
5
5
11
12
35
43
71
25
38
128
138
34
90
116
13
83
31
86
76
13
30
20
14
41
75
138
16
96
84
91
40
56
69
14
37
49
51
105
6
22
113
138
3
43
73
94
19
28
6
11
76
18
28
34
47
116
20
0
14
5
6
21
42
119
4
14
18
35
51
67
74
5
118
0
9
24
24
37
66
105
21
94
0
20
108
27
40
108
119
127
28
130
22
51
86
15
21
87
98
118
118
1
10
22
31
35
105
114
24
25
27
82
119
136
3
4
11
113
44
67
111
9
13
91
23
25
30
0
33
6
5
50
108
99
113
36
42
93
106
6
4
1
18
41
68
35
82
116
1
1
58
101
107
33
126
3
20
111
10
18
59
117
22
31
52
124
67
6
44
56
71
108
116
117
11
82
24
63
111
128
26
5
50
6
13
23
23
31
114
127
9
59
80
4
24
37
58
101
0
18
30
96
20
116
0
56
69
47
49
112
48
109
111
98
106
117
13
79
116
14
19
117
120
9
25
5
7
20
31
9
23
71
79
0
3
18
24
50
119
15
21
22
38
66
123
6
10
14
84
9
24
83
125
14
14
42
43
65
111
117
127
33
27
41
110
117
19
33
43
43
3
14
20
85
86
107
118
6
21
39
68
113
14
43
119
1
24
106
11
14
74
3
38
14
119
34
64
74
87
0
22
27
38
91
125
125
5
18
25
34
33
43
52
98
127
63
80
121
125
137
11
35
40
62
18
87
121
10
22
25
73
83
14
60
86
90
111
44
45
121
14
25
28
48
52
1
76
85
105
5
9
46
82
103
54
56
62
64
113
116
5
43
73
84
6
111
9
19
21
31
37
41
58
59
15
33
82
11
21
0
5
11
15
19
28
52
93
15
96
39
116
125
74
88
108
55
122
130
42
104
76
98
0
38
63
76
117
5
101
53
100
112
13
14
23
40
118
0
3
30
38
57
117
2
5
56
124
21
125
0
11
11
12
22
44
44
74
121
19
35
77
87
103
36
98
18
33
70
38
113
4
88
107
14
21
58
0
27
38
104
111
3
7
22
60
13
25
28
30
35
127
5
29
35
65
82
98
117
138
35
41
5
20
27
52
96
11
35
37
42
64
37
38
83
41
76
86
138
5
59
12
20
37
106
5
11
14
18
22
1
8
23
74
0
20
51
99
117
122
5
21
106
60
135
41
93
127
5
6
20
4
8
14
22
36
37
79
117
28
43
47
63
111
123
23
27
28
18
60
104
114
135
27
38
14
14
130
44
30
18
85
98
6
19
22
24
118
6
23
28
120
125
108
6
13
87
11
13
98
6
20
43
43
54
76
14
57
96
0
29
31
38
85
6
35
39
43
98
102
114
21
51
69
79
100
108
23
122
9
0
87
104
123
33
76
83
3
4
3
74
76
0
4
5
11
33
53
58
4
43
107
24
127
3
7
22
103
36
63
31
33
36
128
35
76
76
106
34
93
106
122
88
98
123
137
26
27
41
140
20
22
44
142
6
35
64
78
9
54
25
58
74
76
117
101
117
23
33
99
105
121
63
93
12
63
76
142
18
62
123
5
23
31
41
75
85
124
126
24
53
0
7
54
66
108
31
37
55
117
14
33
33
33
48
5
9
15
37
42
123
30
53
56
63
63
22
38
0
25
31
34
43
3
11
105
108
130
43
109
38
22
38
11
25
31
35
47
52
107
26
76
6
14
123
35
24
25
58
131
0
71
108
25
107
134
3
16
21
8
18
24
35
61
87
97
23
35
10
39
130
11
18
68
28
41
63
97
104
0
26
45
57
72
111
6
25
31
72
105
5
34
128
11
126
5
6
20
33
28
38
82
106
14
18
106
5
40
49
90
103
4
24
28
29
108
35
61
108
105
36
120
34
52
76
100
5
67
10
11
63
72
101
23
4
5
93
105
114
89
108
111
5
11
31
7
22
36
68
137
10
18
18
25
36
68
116
93
117
31
69
114
140
45
54
130
14
44
73
102
111
5
24
35
34
65
23
87
104
113
111
49
120
37
41
28
76
82
7
14
35
73
98
106
9
35
68
118
5
7
35
32
35
99
136
44
48
82
136
23
25
26
42
0
10
14
27
38
87
130
79
20
44
44
5
31
18
23
44
58
123
126
131
57
118
6
8
24
56
57
33
84
119
4
47
51
51
112
6
31
31
5
27
38
23
44
23
39
63
71
84
116
2
13
27
45
98
120
142
35
116
137
3
122
9
15
41
10
14
35
41
67
93
113
114
35
59
76
68
76
26
43
90
112
111
20
106
8
18
21
23
30
44
71
130
43
117
61
5
23
41
62
81
86
128
140
22
25
58
108
50
76
82
112
14
87
5
8
43
16
35
42
44
49
62
80
87
126
10
41
111
1
9
24
6
24
37
56
68
117
41
45
67
20
36
37
101
13
23
38
71
10
22
38
38
3
12
28
32
5
7
12
18
23
65
23
130
44
114
32
102
26
58
127
131
127
92
94
105
0
32
35
88
91
111
114
13
35
44
116
18
5
56
2
89
90
119
6
107
72
1
5
14
18
44
68
116
38
118
13
35
0
41
50
0
14
44
4
96
137
29
36
57
111
131
10
13
30
43
48
10
130
28
51
53
106
116
48
87
142
7
38
76
22
28
30
118
35
76
26
31
43
116
14
24
27
32
101
29
34
74
128
93
130
5
5
10
35
14
41
22
5
6
38
110
1
34
14
14
52
18
29
48
122
133
18
43
60
73
119
129
137
49
58
116
117
5
119
12
37
117
126
29
44
111
2
28
108
20
65
69
1
10
34
72
31
98
33
98
20
24
36
43
58
107
58
116
28
23
24
38
113
34
78
137
0
15
5
18
23
27
120
14
20
70
83
10
22
36
43
58
89
117
134
5
42
87
25
65
101
107
20
33
110
46
5
7
15
25
43
50
72
76
108
9
21
118
5
22
37
121
1
6
25
44
68
76
111
129
63
107
0
20
42
79
111
86
107
136
14
96
13
56
7
41
44
83
5
38
49
69
124
14
23
63
97
101
37
44
81
116
63
91
0
32
38
24
25
72
23
5
23
27
35
47
66
118
18
29
75
50
71
9
24
28
28
38
111
123
33
47
51
3
9
58
58
79
117
0
17
66
75
79
108
18
36
92
93
131
23
24
113
76
83
21
128
48
5
27
34
104
106
93
38
98
18
68
113
0
44
3
18
31
32
51
0
11
27
71
132
82
116
21
33
38
48
102
104
138
23
24
28
31
83
10
23
64
22
64
101
106
0
44
112
43
51
5
28
45
23
101
116
9
2
18
23
25
113
117
4
19
69
119
14
21
105
14
21
28
30
86
33
59
4
14
29
55
108
116
50
83
103
64
33
82
83
106
0
25
30
105
76
101
111
111
138
24
41
51
119
120
2
23
30
60
99
27
113
14
14
25
62
98
4
34
36
75
26
68
138
0
28
71
138
99
108
111
15
17
63
46
101
19
22
25
37
117
119
44
71
32
58
5
14
118
0
3
13
22
52
73
99
3
27
98
1
4
57
98
0
57
6
31
74
76
87
21
23
80
101
18
124
29
62
96
106
20
43
98
11
14
23
43
114
137
25
31
55
76
88
122
5
14
39
27
39
19
23
35
37
1
20
31
32
41
86
99
4
5
6
37
46
105
140
11
132
1
58
98
6
57
59
130
9
37
81
125
18
76
139
43
11
44
98
5
31
38
40
115
8
14
18
26
4
18
23
76
76
9
10
87
100
11
43
70
18
41
75
106
121
28
40
117
106
106
28
29
33
117
9
30
0
15
25
39
76
99
127
14
24
56
62
28
110
116
4
13
16
44
45
51
9
18
28
70
107
108
22
37
59
44
37
82
0
22
32
63
5
21
101
37
117
121
18
28
33
1
51
56
37
114
5
18
18
31
43
47
64
22
34
76
105
0
5
133
27
33
35
78
101
2
20
51
72
79
43
58
72
86
17
112
5
35
106
62
96
104
114
124
2
4
33
71
89
34
116
20
29
76
107
38
103
113
123
21
68
0
20
97
113
44
63
73
41
112
121
35
46
103
108
4
13
24
40
63
19
22
19
27
27
33
44
116
14
31
39
83
108
0
17
19
94
5
19
32
37
22
116
5
6
6
83
33
11
17
98
20
37
93
44
88
0
53
123
10
23
26
53
94
99
101
121
138
7
17
35
36
74
111
119
7
27
44
58
114
18
72
106
108
58
13
23
41
13
14
64
83
33
106
107
115
6
18
67
72
43
71
21
20
40
58
4
34
35
125
72
105
32
36
53
17
42
6
18
22
11
117
1
18
28
53
57
4
23
65
73
79
0
32
44
108
7
20
63
99
107
27
50
111
125
3
6
137
40
42
44
82
117
8
17
51
75
97
4
27
63
111
11
93
39
61
85
96
2
5
35
41
62
19
78
126
69
82
119
6
32
44
2
3
24
28
35
114
97
107
124
13
28
38
72
52
116
24
84
104
24
58
63
1
41
52
87
23
25
97
19
44
71
26
128
18
33
14
50
138
14
67
86
112
117
90
96
38
93
101
11
43
63
89
17
38
101
24
30
56
68
0
73
86
123
25
106
34
83
42
64
123
141
32
19
27
32
106
112
116
33
37
114
88
126
48
67
99
110
111
116
117
18
33
37
3
21
33
34
117
25
64
88
114
6
18
27
73
117
48
130
5
18
35
41
116
126
24
25
34
37
38
51
68
21
31
56
4
23
35
49
136
44
128
62
76
112
125
51
105
55
52
67
80
108
35
110
20
37
113
50
73
104
106
2
43
43
76
5
79
38
44
94
3
52
92
106
114
116
9
32
88
138
6
31
36
38
43
53
118
124
34
35
42
58
111
52
66
117
0
25
37
25
31
36
21
64
82
22
51
59
76
110
125
9
58
117
27
0
0
31
3
5
8
11
24
62
104
15
23
72
107
111
54
4
11
18
41
123
24
25
18
64
2
20
25
37
117
34
126
4
28
87
24
93
93
131
21
63
70
104
36
6
135
35
76
106
121
10
43
18
20
21
52
23
23
25
37
85
87
96
4
18
25
30
80
3
3
10
113
23
39
48
24
14
18
44
91
103
111
69
87
99
114
25
107
33
35
90
11
23
19
22
33
51
73
20
43
119
11
51
90
30
58
73
10
31
62
64
103
106
7
36
98
30
46
90
119
12
14
24
46
111
112
30
46
76
42
48
98
108
112
119
14
104
18
33
14
18
21
22
25
35
5
34
9
38
53
79
131
5
11
34
72
10
25
117
28
99
100
105
29
36
45
83
90
108
33
48
89
8
18
58
31
33
25
38
38
33
44
76
20
37
57
1
12
116
28
53
3
25
36
73
89
117
137
5
10
33
88
107
34
113
116
5
13
33
62
24
48
57
108
0
28
73
116
21
29
31
35
36
42
107
24
14
116
5
9
49
116
117
7
125
14
74
124
11
5
23
114
4
9
12
23
19
44
98
117
20
24
128
5
5
5
24
28
31
5
23
127
2
24
38
49
15
43
52
2
18
24
14
34
36
39
54
127
14
23
118
43
66
20
117
15
44
43
119
23
127
22
42
93
105
9
36
0
33
43
14
25
58
65
69
71
79
53
92
105
63
88
90
35
38
68
113
20
21
104
123
34
39
117
119
24
67
28
29
123
14
142
37
108
6
82
30
28
44
71
94
140
0
83
97
107
118
23
11
27
5
18
108
13
68
90
102
20
46
0
5
57
86
139
4
24
29
44
103
104
119
92
21
22
24
44
63
24
51
104
14
62
66
1
88
72
72
119
3
102
7
24
124
25
22
31
59
109
118
5
47
81
104
20
118
57
82
131
18
92
121
132
25
112
11
62
63
126
33
101
28
38
23
101
14
105
25
38
137
56
35
72
86
111
13
13
41
42
52
76
13
23
44
79
53
111
13
30
38
33
38
48
114
130
8
51
68
84
101
14
21
43
105
119
125
36
53
107
114
117
124
14
37
69
16
35
38
68
82
82
11
27
37
38
41
8
11
99
27
63
111
121
72
5
5
25
27
27
97
119
14
22
58
101
128
14
132
12
6
58
111
54
104
44
88
138
2
34
0
3
76
108
127
28
82
90
96
111
119
104
24
68
73
80
96
33
56
21
46
52
83
123
1
24
58
124
29
31
38
59
106
109
122
18
75
83
114
9
12
23
101
57
25
30
42
60
69
113
5
25
34
79
82
110
87
6
107
108
13
28
3
4
5
27
33
67
39
9
44
47
56
84
135
38
76
21
23
34
34
35
82
86
22
82
113
35
103
114
5
21
25
35
83
11
19
42
44
62
106
118
21
46
52
37
18
44
57
105
7
28
33
99
2
23
43
66
75
114
28
74
106
31
34
38
79
20
33
36
37
3
37
76
94
35
37
44
71
17
38
43
99
20
75
14
24
64
5
25
116
14
23
118
5
38
41
49
103
101
38
44
90
104
107
110
54
86
1
2
18
101
102
4
22
31
34
36
86
6
41
68
73
0
6
11
24
89
105
116
64
106
118
36
42
63
63
65
1
35
36
53
14
51
95
22
68
105
116
22
41
76
133
13
33
55
0
1
35
36
1
35
44
105
19
4
12
68
107
15
17
18
23
30
116
5
26
28
1
19
27
27
105
124
3
111
20
27
96
24
27
31
33
44
58
98
124
22
0
23
9
23
113
6
25
27
34
89
99
57
58
108
108
1
44
83
17
34
38
41
5
11
15
38
51
3
19
75
88
104
53
106
0
14
14
52
87
82
18
25
92
126
20
35
20
5
5
106
106
1
36
51
130
