38
46
136
55
0
1
36
2
6
142
2
55
86
117
17
20
39
76
132
27
4
55
89
93
55
123
68
134
31
80
95
102
7
36
38
46
80
120
18
70
131
18
55
55
102
10
45
54
126
19
63
42
83
124
16
47
72
25
41
9
88
95
97
109
111
92
3
37
110
137
109
130
139
142
53
73
96
126
112
139
9
70
105
21
14
38
47
74
28
85
109
114
125
132
86
90
107
136
49
101
106
69
47
50
51
56
126
116
124
129
135
9
15
102
124
12
18
19
123
138
51
20
22
135
139
20
87
5
24
123
22
8
110
50
63
68
69
62
43
45
113
23
76
32
118
134
37
132
60
71
109
20
29
120
31
68
124
126
1
14
97
41
53
10
87
103
57
77
78
112
8
55
99
30
40
96
103
104
113
12
46
35
129
1
5
34
51
91
98
121
105
129
58
132
19
27
39
48
52
129
18
26
64
92
136
7
22
82
112
59
118
86
100
95
18
30
73
61
65
41
45
60
73
80
125
92
63
64
86
121
69
108
129
139
28
46
99
15
19
36
81
16
67
12
55
62
118
21
77
78
113
120
4
9
103
128
98
47
50
133
10
13
32
43
44
59
104
110
122
124
140
77
106
2
25
108
61
70
11
26
35
121
127
0
57
72
29
78
82
56
62
91
54
95
129
13
57
136
138
22
45
92
96
8
24
73
130
40
46
124
15
89
117
133
31
68
103
104
1
40
77
106
118
120
21
46
61
66
88
101
110
115
10
64
92
32
61
116
29
49
61
77
115
49
86
141
86
92
96
131
133
35
109
115
13
37
76
140
75
122
67
99
131
46
65
90
96
131
1
37
61
64
24
82
118
3
32
68
80
122
24
24
78
4
60
7
17
44
62
62
73
86
138
68
116
129
47
82
88
36
97
43
64
78
112
131
30
36
10
50
28
16
51
122
138
83
8
12
28
42
93
118
11
94
122
62
127
8
78
107
125
104
106
119
121
1
85
114
61
5
54
113
9
16
29
133
11
18
23
24
72
140
70
8
25
33
41
4
72
77
101
47
55
62
80
14
60
64
36
55
118
17
51
98
18
60
70
104
140
29
141
23
39
41
49
131
41
57
131
2
29
122
6
55
79
119
121
131
45
25
136
28
83
127
15
27
68
120
127
138
4
47
52
115
94
114
15
56
70
75
88
88
23
89
106
48
99
115
7
70
81
14
27
33
57
59
104
23
87
99
132
142
30
64
63
141
21
44
72
73
81
101
104
118
127
23
115
1
19
71
72
86
90
100
140
52
107
86
100
49
67
72
29
99
126
138
37
74
74
141
93
21
33
37
39
123
127
136
6
104
115
12
18
68
75
32
38
46
60
3
44
51
86
109
109
95
15
19
35
141
24
60
114
137
142
83
95
10
30
62
104
109
4
71
77
125
138
27
62
89
141
20
99
104
93
13
44
89
38
94
81
101
25
61
2
15
130
7
9
45
64
104
125
134
86
116
7
35
47
62
83
85
88
105
14
36
120
48
50
117
131
138
5
121
45
10
29
51
62
104
111
141
27
36
105
121
33
59
63
76
83
101
110
27
71
137
140
27
50
53
100
1
35
54
54
75
133
5
113
55
89
0
47
57
72
109
123
139
17
48
95
122
50
113
51
67
87
97
121
40
64
108
51
123
99
71
83
87
118
129
134
23
95
117
114
132
19
39
49
84
87
120
128
48
76
91
92
117
8
25
26
61
86
119
54
108
110
12
19
60
126
61
71
61
121
121
130
134
131
10
44
74
0
78
105
20
32
37
81
87
13
28
64
7
86
43
113
26
46
86
130
64
78
92
116
130
60
61
142
20
30
65
96
2
32
132
42
23
42
141
37
98
105
130
0
5
5
133
14
17
29
43
47
51
59
103
118
47
79
111
106
117
1
13
83
135
141
96
131
22
111
116
7
51
75
83
95
7
26
109
140
21
59
89
95
13
25
88
142
11
76
1
20
53
28
68
72
33
16
40
85
0
28
60
68
17
72
83
85
132
21
91
106
119
125
134
141
38
96
6
8
24
49
67
98
4
18
98
4
117
21
35
73
84
124
131
57
98
107
121
134
94
20
100
120
129
30
106
121
12
38
81
117
32
3
21
56
71
16
39
56
87
130
3
36
53
82
16
135
22
44
114
114
101
35
43
140
15
108
115
129
136
45
31
55
126
135
78
126
128
130
136
142
45
66
67
76
136
54
4
57
48
96
115
128
96
113
76
98
40
63
0
1
110
116
72
88
54
97
134
12
35
104
129
9
118
19
53
82
1
8
38
47
48
139
105
67
135
31
36
119
4
13
14
42
87
103
37
80
96
2
26
45
124
19
50
70
82
13
54
74
136
1
8
10
68
92
107
108
100
1
35
124
136
7
6
7
97
98
57
85
125
115
23
66
70
63
67
89
63
91
17
125
0
54
93
122
132
0
21
73
79
127
42
75
30
117
120
38
122
127
131
1
42
64
1
9
39
46
107
59
66
23
139
79
92
129
22
55
78
79
88
91
96
98
120
136
7
95
130
63
66
127
41
83
95
103
54
117
90
128
89
114
140
66
35
55
81
114
135
7
18
84
3
120
133
136
23
2
7
92
46
92
96
43
95
129
27
33
97
123
3
34
38
71
93
111
115
31
35
95
105
116
49
67
2
33
107
126
12
71
74
119
8
8
101
5
30
63
64
79
129
142
110
130
24
103
67
71
91
104
104
24
92
109
15
18
49
89
134
60
76
110
132
0
61
112
46
70
9
22
32
101
113
91
97
109
17
23
40
54
71
78
111
20
78
134
127
130
131
0
41
66
104
9
19
27
89
132
3
79
40
131
52
55
58
117
9
21
29
45
82
93
123
84
101
78
83
18
119
120
54
56
74
77
111
33
126
1
29
77
16
113
17
29
46
127
53
80
80
81
81
83
125
133
138
142
65
75
82
42
66
125
14
36
38
83
123
125
11
12
45
57
74
18
23
128
142
52
105
57
73
125
83
86
128
78
16
48
75
90
4
98
33
35
77
101
107
92
113
124
103
139
40
62
8
37
80
94
25
71
101
112
12
69
92
111
122
27
46
93
95
69
71
89
108
25
80
51
53
57
92
5
42
51
134
55
68
115
118
82
7
32
59
98
121
60
1
3
30
60
90
114
30
31
133
135
67
91
111
140
16
39
106
109
93
7
24
55
97
43
75
91
21
64
83
120
120
6
45
66
97
118
94
53
60
7
33
61
64
20
33
41
73
93
33
49
105
137
8
18
81
141
18
55
63
140
36
74
90
59
80
110
115
116
53
74
131
25
74
13
89
121
138
0
48
130
133
28
62
85
115
31
41
54
81
107
26
56
86
94
142
16
25
136
53
105
110
24
25
124
10
56
86
92
11
99
105
120
130
129
21
23
62
119
0
55
61
111
135
12
44
49
68
49
81
30
33
64
89
119
130
21
12
28
108
112
124
29
38
85
70
89
46
83
90
40
50
56
103
43
4
46
10
12
69
5
36
56
77
98
141
6
21
32
120
123
13
49
75
120
140
65
80
90
105
112
17
20
70
75
91
94
99
14
51
64
23
80
115
121
1
28
39
118
54
65
96
8
36
96
24
62
74
126
0
85
118
17
26
44
82
0
43
99
139
142
133
11
51
58
23
35
52
58
10
54
93
33
69
5
8
15
54
89
135
38
51
108
111
119
77
27
36
103
56
56
103
106
5
55
80
129
10
84
125
9
33
45
92
40
109
18
44
83
89
89
116
125
0
33
88
17
21
85
8
46
0
4
11
55
73
52
55
94
100
73
103
63
74
93
108
14
74
51
98
9
29
45
60
104
78
115
128
142
43
49
55
56
76
82
94
96
10
113
58
44
72
109
125
57
14
24
132
29
35
88
126
69
135
24
29
3
29
121
125
127
4
78
102
27
127
22
26
94
53
75
76
113
126
89
124
123
137
28
83
93
22
79
5
83
122
1
97
127
1
9
26
51
128
53
77
47
61
66
121
50
90
105
106
114
11
26
103
120
51
79
80
95
134
6
16
18
28
96
31
39
60
123
125
38
43
77
107
111
126
30
77
80
101
139
30
45
60
68
42
55
78
110
135
12
57
88
10
65
124
33
114
17
74
100
101
120
139
2
60
5
34
26
27
66
2
22
38
117
11
13
38
113
89
15
3
41
41
65
137
12
27
37
142
14
118
97
97
103
129
95
125
45
51
61
84
85
141
105
119
53
68
4
5
16
26
116
123
123
136
16
56
70
77
97
131
15
26
33
50
70
84
84
93
7
18
22
75
110
117
134
39
40
105
106
7
125
140
45
88
124
51
62
81
93
96
14
95
49
34
102
39
129
27
108
115
117
27
44
118
11
35
81
97
120
132
137
12
51
117
140
111
42
55
1
11
108
132
134
73
76
86
95
43
48
72
84
69
11
121
42
63
64
66
90
107
74
133
120
137
8
11
15
22
24
60
130
7
34
132
138
41
129
21
28
34
35
69
102
6
21
22
51
78
93
139
16
26
43
117
93
41
79
105
10
53
63
71
107
122
16
27
80
134
4
22
92
95
124
13
45
57
18
43
58
99
107
9
22
49
106
116
122
11
42
132
132
44
54
63
66
133
140
35
99
3
44
67
31
117
71
7
73
117
82
34
37
47
73
86
2
44
90
112
125
24
79
82
126
39
12
44
22
61
86
107
14
121
65
68
89
92
41
88
135
10
43
84
93
109
135
93
96
126
3
26
41
53
79
103
127
129
129
32
74
82
99
128
38
83
15
34
98
37
62
106
107
108
131
141
57
1
124
68
75
106
19
53
103
119
120
138
9
80
83
89
125
101
134
67
3
10
46
80
14
104
136
15
50
127
135
26
35
49
51
86
28
17
28
35
141
72
73
91
24
140
8
112
46
117
18
68
98
111
8
23
24
29
52
80
133
5
52
26
71
93
111
60
65
67
92
100
130
136
15
93
36
42
63
98
104
93
138
38
64
71
72
98
122
139
56
85
120
25
26
56
95
9
44
51
136
140
42
77
79
120
121
12
53
10
69
105
86
134
26
42
77
103
141
18
31
56
122
133
31
134
65
68
80
87
99
129
142
95
43
83
85
110
5
15
52
116
27
48
86
138
132
55
34
103
107
5
104
118
44
114
115
126
84
96
134
36
9
100
110
120
123
26
67
49
95
117
98
142
80
123
131
52
30
53
94
13
86
2
12
75
99
118
24
36
45
96
39
44
48
90
19
21
31
109
118
138
39
43
53
103
132
23
75
141
7
92
33
84
90
29
56
67
82
112
119
124
40
2
6
17
123
82
108
115
132
140
6
24
54
83
101
120
45
73
123
126
21
81
127
114
135
50
99
44
65
74
118
123
139
20
71
76
131
57
64
65
81
107
138
32
127
62
71
45
19
43
91
109
115
2
34
89
21
52
139
15
89
103
127
26
47
50
105
108
108
134
17
33
134
142
59
60
70
72
102
103
141
3
10
51
106
125
127
63
79
133
1
6
24
45
108
17
69
132
56
113
52
85
40
51
83
90
96
15
31
48
84
94
94
101
27
78
35
35
44
51
124
135
5
46
16
32
68
27
89
109
18
33
62
77
142
10
65
7
34
46
56
126
13
39
138
122
134
9
16
98
139
28
30
69
69
118
127
139
14
87
92
95
114
37
38
78
88
135
23
48
72
22
80
129
24
86
46
70
14
64
122
130
36
64
84
86
6
50
79
31
35
57
62
73
1
24
111
111
123
84
85
24
41
42
57
131
25
61
135
55
72
120
132
37
103
15
16
31
79
103
100
116
128
51
89
110
111
108
123
130
45
47
92
12
50
69
70
65
93
117
120
122
36
60
68
110
17
45
69
35
53
101
104
127
134
39
49
81
14
0
83
84
135
141
81
137
23
39
139
35
74
105
74
75
102
127
15
68
105
40
64
6
30
46
124
32
69
97
134
29
130
4
73
140
66
103
47
88
137
125
14
18
55
65
105
17
121
137
9
50
123
59
101
133
134
132
87
26
65
127
52
106
94
119
12
51
96
118
31
81
134
7
102
11
74
112
142
56
105
24
65
22
36
6
74
96
102
20
61
80
113
123
0
2
53
92
109
7
19
38
12
91
125
25
26
41
126
12
25
42
127
3
29
138
6
6
19
40
107
109
124
26
40
43
53
129
11
65
96
1
26
30
138
41
63
68
138
139
26
63
112
21
31
48
67
106
19
44
55
87
97
79
108
120
22
27
11
125
110
63
129
134
134
95
97
99
117
54
56
81
123
72
105
112
115
1
67
86
96
117
129
7
84
137
141
90
90
116
140
13
92
134
87
35
72
84
108
127
133
140
117
17
77
96
17
61
87
91
114
86
91
100
134
135
6
34
61
66
75
26
69
27
77
84
107
2
24
56
107
110
79
80
114
132
15
26
54
101
7
44
72
86
86
110
129
48
58
65
94
124
136
137
23
67
87
2
27
69
126
131
132
134
2
71
15
54
89
117
126
54
85
111
60
61
61
89
55
107
114
26
83
89
133
79
100
125
132
52
70
57
76
103
117
111
67
93
108
120
100
110
9
53
59
115
136
92
125
58
72
98
3
38
62
66
105
64
115
118
119
20
77
86
6
19
66
137
49
55
65
78
138
47
119
122
133
1
72
6
29
35
56
97
103
21
79
91
98
65
68
114
12
84
104
16
65
43
60
97
44
55
116
12
59
79
111
120
126
136
38
39
60
5
44
75
92
93
119
46
16
54
35
66
72
94
20
38
48
56
0
33
45
59
2
48
138
31
43
56
28
77
86
140
7
27
35
42
70
86
129
18
59
15
32
4
13
66
53
94
115
36
52
54
62
91
109
121
52
107
110
129
92
127
139
140
8
31
36
127
0
65
69
106
118
80
34
35
47
47
79
95
106
3
101
108
134
62
81
15
63
111
124
142
31
88
131
9
14
22
40
46
102
72
87
88
51
59
60
86
123
111
113
37
83
110
119
84
8
13
93
136
6
37
65
68
43
68
104
106
16
25
36
58
59
95
119
18
26
46
46
126
73
110
113
132
0
4
9
67
138
5
73
13
34
68
103
2
65
114
2
111
126
29
14
96
62
71
85
38
72
0
42
44
67
113
14
36
37
82
116
118
132
142
33
105
112
139
141
86
17
49
10
22
76
76
100
113
8
28
33
41
138
8
15
42
83
93
104
67
8
24
43
60
6
52
54
133
14
35
110
136
0
124
57
57
109
110
3
53
96
73
106
34
66
96
98
22
119
139
10
23
25
30
44
75
79
20
32
33
42
55
130
142
6
26
60
74
33
69
124
45
114
23
128
54
82
91
93
98
120
139
33
34
140
3
89
95
26
36
84
105
122
131
62
69
98
116
117
15
29
96
120
65
28
40
123
13
55
79
103
105
114
6
70
113
120
121
129
11
69
86
131
140
80
86
112
117
137
140
76
83
94
111
142
56
82
109
117
135
29
61
96
125
127
133
25
40
55
56
95
1
80
82
134
30
82
107
11
17
30
43
66
78
89
130
54
68
112
125
20
40
60
8
125
28
57
58
89
120
132
142
26
52
105
55
23
46
124
136
138
35
121
9
19
72
91
99
18
70
89
39
64
116
14
40
134
39
52
119
8
34
34
53
123
138
140
15
22
116
100
108
120
135
61
80
124
49
95
111
132
5
72
97
109
134
79
108
38
121
22
53
89
115
45
50
59
121
127
127
88
115
134
35
36
51
84
14
47
107
32
41
64
82
120
9
21
104
1
90
133
137
8
53
71
85
48
75
20
94
103
106
112
91
35
35
52
104
124
10
10
70
83
98
123
73
90
122
30
70
119
128
4
99
24
62
133
54
65
65
109
93
67
98
131
83
7
12
83
8
19
49
60
65
7
17
94
6
17
27
129
126
74
92
102
17
48
49
124
8
30
72
118
40
106
117
66
79
13
120
132
110
4
10
45
81
109
141
22
69
79
47
92
137
4
110
133
141
31
70
82
123
45
82
49
61
87
118
139
9
79
116
130
96
36
40
106
109
36
63
74
8
14
71
95
122
27
58
81
89
6
95
30
54
98
65
66
142
41
128
24
88
127
9
40
4
95
17
37
130
8
64
117
27
71
75
101
132
0
31
60
103
97
0
104
11
13
67
6
120
41
133
10
19
33
47
56
79
93
58
61
73
64
84
79
19
31
32
68
48
60
86
110
113
21
72
49
51
63
15
74
87
98
133
44
1
49
75
99
130
138
76
5
14
27
91
91
124
4
45
104
112
127
101
138
140
80
15
51
55
88
66
1
18
49
28
126
135
59
71
115
54
90
44
80
119
130
5
15
48
122
131
67
78
126
14
34
78
120
142
11
29
71
110
54
11
51
115
64
68
13
28
115
131
52
56
130
33
42
0
26
29
46
98
8
36
39
79
122
66
99
1
12
55
54
54
67
118
123
22
77
115
21
70
112
131
54
108
6
62
141
97
112
23
26
28
54
71
16
41
41
64
105
119
4
21
30
30
3
133
63
85
108
15
26
33
3
17
45
53
113
7
40
48
52
61
89
24
48
90
141
43
17
107
123
128
24
61
31
34
34
78
133
39
64
66
67
100
142
21
17
138
5
109
20
46
128
130
136
11
23
133
9
41
71
89
103
72
119
142
20
40
95
100
132
135
137
2
2
40
41
68
113
119
35
138
9
43
65
111
18
70
99
108
2
13
42
59
125
136
139
45
57
65
93
91
26
118
24
30
67
74
91
93
118
134
7
11
111
8
102
23
124
137
22
67
114
36
87
95
10
53
66
82
121
48
0
114
114
13
75
108
142
4
25
117
42
76
16
64
98
114
130
12
109
0
26
77
34
102
114
133
3
66
29
39
66
103
113
136
137
140
141
40
96
49
31
46
109
122
3
42
126
121
6
43
73
128
80
134
6
75
76
81
65
79
138
24
84
87
20
41
34
35
75
99
1
8
46
84
26
131
134
3
38
35
54
76
117
127
20
69
17
63
84
14
51
112
86
89
94
78
118
2
131
27
83
127
6
13
23
62
66
71
96
101
34
34
68
3
41
55
106
137
0
31
67
81
112
8
135
1
3
25
27
28
127
60
97
106
122
94
98
133
74
91
104
118
23
24
60
104
126
7
19
33
118
10
11
68
43
80
113
52
70
78
104
40
78
81
4
72
87
101
108
53
54
85
126
132
38
46
47
48
64
119
109
3
90
27
75
121
72
98
67
75
105
127
0
75
112
3
16
35
91
137
17
25
108
65
85
121
102
7
28
79
25
85
104
26
58
121
124
4
32
35
40
41
57
122
142
43
71
38
52
93
50
65
69
140
94
105
130
41
58
98
44
133
46
58
72
42
50
54
13
24
74
89
48
74
40
74
24
29
33
98
111
56
84
122
20
140
12
73
70
114
117
3
30
27
121
35
55
74
69
77
78
96
25
133
33
60
69
106
49
82
112
114
4
123
41
59
53
62
71
112
17
38
69
71
104
25
69
77
109
5
43
31
62
122
25
42
69
82
84
124
72
81
97
122
43
50
111
27
99
99
43
110
37
58
96
32
53
75
91
50
67
93
115
16
123
139
32
91
119
128
56
91
91
13
93
123
39
48
116
132
92
0
12
25
113
33
58
88
120
7
13
60
108
1
17
47
76
126
47
74
115
115
61
61
78
80
122
139
68
107
130
52
70
77
106
41
57
88
138
141
46
108
113
130
32
113
115
136
2
25
26
31
66
118
9
40
120
27
41
64
20
86
87
55
86
105
105
111
125
136
22
24
41
44
71
135
13
25
131
63
84
20
27
65
131
0
25
52
110
25
88
89
107
47
119
74
79
90
90
23
36
51
38
41
59
97
121
141
3
25
85
82
99
104
113
31
91
78
80
135
82
10
66
13
83
87
109
51
81
3
20
36
115
121
39
76
53
90
99
102
120
110
122
29
63
108
49
51
103
132
132
8
43
45
70
99
125
52
134
139
6
110
120
95
117
119
40
130
123
22
58
67
124
35
101
42
18
52
54
92
137
140
26
58
61
109
142
43
112
12
111
115
25
41
72
108
67
67
73
107
108
5
72
124
19
22
93
132
85
98
116
4
11
61
136
53
124
22
49
49
57
62
95
113
17
30
116
80
109
125
130
139
4
35
73
72
53
113
15
24
48
89
110
120
125
26
96
104
0
12
18
68
95
2
5
62
106
122
85
93
141
83
84
91
95
124
138
54
63
69
70
49
86
111
134
59
64
103
127
7
103
108
116
50
73
108
34
7
54
130
136
142
64
140
20
47
123
137
19
52
69
78
17
43
48
92
45
122
