24
31
57
102
18
20
35
44
56
124
4
10
18
71
81
22
28
36
122
41
4
38
109
1
25
131
8
9
117
117
9
19
45
46
75
94
103
0
5
57
58
76
103
6
32
87
33
72
13
36
96
102
38
17
26
83
89
113
0
27
88
117
27
38
27
30
44
47
85
34
9
49
116
32
76
20
34
2
4
41
43
0
6
31
33
124
1
9
96
97
36
29
41
102
116
124
31
20
44
51
110
3
18
18
31
36
37
56
93
5
12
33
68
89
2
24
116
136
15
34
41
41
21
59
113
21
33
36
43
87
13
53
83
93
71
76
92
5
27
71
5
28
35
60
119
132
136
108
2
20
27
31
43
50
66
114
127
23
44
44
52
82
36
99
56
18
67
11
83
20
55
105
25
50
106
11
48
69
37
40
45
82
116
128
0
33
58
30
96
101
25
28
36
104
118
50
104
10
13
41
107
6
104
116
1
29
32
123
42
58
5
36
7
10
3
56
90
0
21
23
71
125
9
25
58
78
117
5
17
64
71
108
31
34
34
57
82
126
1
9
23
111
137
6
20
22
38
67
76
83
86
8
87
104
137
4
42
0
3
56
65
105
44
103
5
30
119
18
71
117
116
14
17
25
38
114
116
123
41
69
74
43
0
30
123
0
13
25
31
43
97
25
31
37
65
22
33
34
5
25
28
29
38
23
69
127
27
36
12
10
35
116
106
31
57
88
116
18
3
6
65
63
106
126
0
5
28
35
56
87
91
108
123
133
33
39
20
5
18
28
53
11
18
19
34
64
74
132
5
21
26
39
76
114
11
37
64
33
82
104
126
12
83
130
137
35
35
37
38
43
116
13
20
35
102
84
5
45
53
56
99
65
76
82
118
118
56
75
126
4
24
35
45
62
82
7
18
83
113
12
31
60
84
14
19
106
2
14
15
90
61
101
108
72
79
106
116
18
28
45
53
121
0
4
54
6
18
20
20
38
135
37
99
113
33
2
32
83
38
15
18
30
32
38
43
106
4
5
10
93
1
5
23
27
38
27
102
117
8
9
142
5
79
131
79
34
63
84
90
0
86
88
98
3
37
41
11
52
58
1
32
33
42
108
0
5
37
117
1
3
35
76
106
122
5
69
92
14
33
33
3
11
18
21
82
2
31
117
15
52
90
53
76
52
73
111
136
20
77
114
37
86
107
25
37
52
106
42
58
99
101
7
82
93
44
108
132
38
51
49
0
0
49
58
116
25
41
43
36
52
83
88
4
14
33
93
117
123
29
111
44
52
28
0
104
0
94
3
24
26
43
7
35
69
116
57
24
54
28
68
82
97
111
23
64
18
33
34
1
41
119
81
1
5
21
22
31
54
2
5
5
24
111
1
12
18
19
32
44
74
79
117
42
44
56
82
137
3
24
27
107
10
45
63
104
19
24
35
57
99
65
76
93
23
23
25
87
62
99
1
11
31
38
76
124
125
13
28
82
99
113
21
50
73
113
36
48
108
18
20
31
69
1
14
14
14
23
25
30
35
76
83
106
6
33
41
62
64
82
112
23
101
37
119
22
73
11
24
53
142
4
10
43
48
72
117
118
62
83
86
5
15
57
117
70
119
14
21
20
41
49
88
103
33
63
53
38
6
14
33
43
79
93
113
44
44
44
51
59
76
22
42
4
28
29
9
22
33
34
114
30
74
105
106
142
20
44
30
87
121
4
6
37
117
25
36
54
3
55
108
118
126
2
14
104
18
96
113
0
30
59
108
31
42
101
6
6
30
34
65
126
107
72
107
17
25
135
3
48
51
98
141
30
33
13
27
1
3
3
5
5
24
76
98
42
76
114
121
34
35
123
124
3
93
28
83
11
31
34
37
22
14
86
33
82
24
44
62
119
1
18
18
41
80
116
14
137
6
22
14
18
63
105
139
54
76
93
9
22
23
36
93
134
0
13
14
21
41
33
58
101
110
139
29
64
18
36
51
52
75
43
123
133
39
48
56
3
23
35
1
2
41
63
68
127
128
24
58
13
0
13
41
41
14
40
44
125
10
27
43
77
111
1
2
59
6
25
103
31
36
18
23
7
24
116
0
4
11
72
106
18
21
112
20
62
75
117
131
4
8
67
83
14
95
123
16
25
38
58
138
10
34
3
0
7
28
28
6
38
49
63
82
107
22
35
48
86
107
119
3
25
27
30
38
13
22
76
25
25
35
123
15
16
79
98
130
0
28
74
103
130
44
76
101
13
70
98
104
130
14
18
35
58
135
27
48
73
5
20
23
88
50
57
81
35
42
45
58
100
108
114
131
21
31
38
128
18
96
131
84
101
22
24
25
34
123
23
71
71
35
106
18
44
4
5
18
33
98
42
99
103
125
6
36
118
26
114
28
44
23
26
76
35
105
2
3
31
68
20
21
33
35
4
44
106
2
5
16
76
117
1
44
80
9
18
106
18
33
98
0
43
51
71
128
27
34
36
89
25
99
5
22
23
114
123
67
111
3
5
6
24
31
107
120
25
35
10
14
28
44
62
126
138
33
38
66
21
33
41
96
6
23
75
14
33
111
15
5
29
35
101
27
79
4
15
33
42
14
76
104
0
5
12
20
31
55
113
19
26
90
14
92
26
63
86
86
20
24
38
35
38
103
99
2
3
5
11
13
9
25
111
21
23
25
94
125
128
0
1
58
23
98
17
17
119
128
3
86
108
108
0
29
37
63
117
125
0
3
58
4
23
98
118
36
142
7
119
24
25
53
111
5
11
14
24
30
41
105
6
87
105
21
37
58
101
0
14
25
43
107
22
23
25
65
22
23
39
87
127
11
0
0
26
51
58
18
104
3
10
25
33
51
41
41
66
13
45
124
11
33
92
18
18
30
51
94
3
101
114
6
35
42
76
82
98
4
28
38
58
112
102
8
36
119
11
86
90
108
117
65
128
0
4
14
38
67
68
117
118
137
13
53
69
3
8
8
13
26
111
119
47
119
56
7
35
36
38
59
76
57
80
44
49
66
76
23
51
3
28
34
41
41
64
3
18
22
99
116
127
21
110
116
25
5
6
49
58
89
14
5
87
108
15
125
14
14
36
122
124
4
5
36
79
116
20
87
126
9
17
20
21
110
63
23
29
104
62
76
104
107
10
117
126
8
11
18
33
35
67
83
92
30
44
53
7
11
23
33
113
14
0
14
36
41
64
14
22
43
58
69
131
5
22
38
64
101
44
107
26
37
63
130
59
14
26
83
104
126
51
126
33
37
76
10
29
3
35
109
111
85
93
2
2
81
82
23
14
31
108
101
120
127
33
34
63
89
111
5
12
19
24
58
118
21
40
81
113
9
11
38
25
38
76
6
7
12
17
35
63
98
136
14
23
88
111
44
6
18
105
134
104
112
30
107
42
48
106
119
23
39
43
44
51
81
116
53
53
108
123
9
59
96
6
14
37
120
140
33
111
142
6
22
58
112
41
76
96
14
37
107
108
41
49
76
22
47
97
113
108
35
37
5
29
116
5
13
86
107
33
36
70
112
27
63
119
36
36
82
87
34
0
14
21
85
120
0
5
21
32
93
114
36
135
0
1
28
90
6
49
63
70
4
28
66
128
20
130
82
11
25
74
124
0
9
87
106
107
111
138
87
128
27
31
60
78
87
96
100
15
19
62
53
59
100
111
117
5
25
33
83
5
22
27
82
118
138
14
38
107
27
30
33
53
128
3
5
137
4
4
34
53
108
114
14
14
86
1
14
35
63
105
142
8
23
86
14
106
117
14
108
11
33
43
117
6
11
27
31
58
14
18
44
49
108
10
11
21
49
124
49
111
5
18
38
58
73
136
25
62
10
30
110
126
23
43
133
44
74
128
0
64
2
2
125
6
7
18
23
26
28
37
106
5
35
36
67
76
5
5
25
30
11
48
103
9
43
58
138
2
6
18
24
42
52
4
111
51
93
124
5
14
25
46
85
6
6
13
51
91
21
35
38
72
76
13
68
14
23
76
9
13
14
22
38
74
106
11
22
57
75
5
18
51
35
65
106
54
63
20
21
44
93
13
37
125
5
53
68
9
26
80
18
22
24
33
54
81
126
1
5
15
19
25
82
0
18
86
97
2
20
61
21
27
38
93
121
130
19
82
68
134
4
40
59
0
17
20
23
100
12
15
75
86
56
101
128
18
63
73
5
5
31
83
52
89
94
98
106
10
76
14
35
36
44
78
6
14
19
29
86
92
90
114
60
65
116
5
33
65
80
90
5
6
20
110
20
28
35
63
21
26
51
111
8
11
13
72
97
116
102
116
17
62
5
10
22
24
43
76
116
123
21
71
105
16
28
56
72
6
22
35
37
94
102
25
113
23
30
11
12
69
113
25
79
136
68
76
110
125
102
107
20
105
135
138
44
114
79
124
101
108
127
39
51
98
3
86
96
105
108
140
19
24
34
130
48
66
72
98
123
42
87
75
117
59
68
123
37
37
110
114
18
123
121
44
106
107
108
5
47
57
98
98
116
43
118
3
57
102
4
6
99
32
83
1
22
24
74
126
138
58
98
37
43
107
111
116
18
26
30
43
41
106
116
44
68
76
6
10
126
22
72
82
103
126
25
38
41
52
89
22
73
105
108
46
14
38
41
86
138
6
18
4
18
23
23
60
41
98
106
116
28
38
119
11
11
17
25
117
126
20
24
52
129
30
43
99
36
86
98
102
37
43
56
0
5
40
73
3
21
117
5
6
69
9
20
76
111
114
8
23
31
117
13
38
82
118
1
7
18
26
3
38
42
44
121
47
64
82
98
118
25
42
114
6
22
33
15
63
105
4
30
4
17
43
21
37
42
52
22
23
31
35
35
21
28
68
117
25
25
34
106
131
22
114
36
111
21
22
85
47
23
44
59
2
20
73
6
11
35
98
105
82
0
119
36
0
42
106
10
36
55
94
21
67
10
66
30
34
32
33
41
44
63
85
2
30
121
23
30
34
13
3
13
0
14
20
93
109
25
43
64
0
6
57
121
18
37
57
79
111
22
33
56
85
22
112
124
22
23
33
35
75
7
24
28
30
118
2
4
28
93
120
121
57
101
111
5
22
99
117
12
14
65
5
11
5
37
52
73
97
116
7
57
68
106
114
98
106
125
25
27
63
107
111
6
11
18
59
11
20
11
51
105
107
31
72
98
111
0
23
58
87
130
138
38
14
44
111
21
24
43
87
13
14
20
73
102
5
17
124
9
14
104
114
19
3
22
31
35
87
90
101
5
74
112
9
28
27
86
33
11
9
66
0
57
106
41
51
54
57
10
35
44
65
114
23
118
5
108
11
22
65
68
73
76
93
21
33
125
6
33
92
106
31
36
47
54
123
23
78
1
14
61
101
9
30
101
117
106
22
38
1
5
13
44
52
63
127
51
25
43
14
33
80
91
117
1
13
45
58
35
67
105
110
119
2
25
32
96
111
113
31
65
107
119
130
30
38
2
38
53
117
118
31
108
121
123
18
122
5
21
24
24
37
5
12
43
33
38
48
118
6
112
35
74
76
89
14
20
22
23
27
43
106
41
57
13
37
13
32
67
75
76
106
125
27
41
42
44
82
102
116
25
0
21
38
44
50
67
113
113
35
116
10
31
83
99
125
5
37
52
76
17
27
105
5
10
27
33
34
35
43
43
111
5
21
42
43
43
5
39
19
37
48
79
116
137
32
35
85
105
136
26
63
105
20
61
99
127
64
44
56
131
30
30
127
23
116
41
64
71
104
109
130
121
2
7
37
41
27
63
110
116
11
47
106
29
18
27
67
74
56
33
77
96
13
18
6
48
127
0
72
22
127
58
52
8
11
65
5
6
106
134
137
18
30
97
28
90
20
33
51
61
69
93
113
12
15
107
138
0
28
18
18
18
43
112
125
134
53
114
116
6
34
82
30
33
22
31
72
73
75
90
33
61
119
49
72
6
54
111
130
10
90
120
47
123
22
117
67
51
121
45
25
28
52
71
98
1
69
79
123
31
33
31
105
112
126
82
106
106
59
76
1
7
68
92
3
9
14
39
116
117
65
99
130
38
97
11
37
118
14
5
26
30
79
24
28
63
14
27
32
107
21
28
32
44
58
104
26
36
56
13
50
99
139
46
3
6
30
101
105
128
18
41
5
14
20
32
35
69
3
127
35
67
101
5
29
100
49
50
54
74
112
118
82
127
5
27
116
31
82
90
138
14
43
46
53
76
88
114
125
0
6
14
44
112
125
76
34
96
128
9
22
51
6
23
28
3
20
23
35
76
113
27
31
77
18
61
104
6
123
22
41
58
76
98
4
18
28
67
133
35
37
39
106
117
76
23
38
4
13
34
38
62
119
25
44
114
36
79
96
111
2
13
63
106
137
98
103
7
13
14
18
27
44
45
9
0
3
10
14
107
116
119
11
33
116
26
42
82
108
24
48
112
23
38
22
31
71
80
87
29
2
35
63
93
116
5
14
37
50
79
4
5
10
21
111
0
2
6
14
24
62
99
130
18
37
47
62
76
5
23
105
62
103
116
120
25
31
92
41
24
28
56
66
19
22
107
3
8
18
18
25
30
35
37
118
25
31
124
3
119
0
84
113
124
2
14
71
89
104
18
25
38
42
99
105
108
119
76
117
10
25
56
73
108
107
19
41
44
74
0
32
51
63
83
98
18
22
44
57
7
5
19
23
44
20
23
39
51
19
125
4
58
117
127
104
121
130
37
43
86
13
118
74
117
31
60
11
34
38
0
14
21
31
93
119
37
38
44
99
5
24
43
126
0
63
7
32
33
1
3
4
113
126
23
5
12
81
108
44
99
140
4
28
43
18
20
24
53
93
105
0
28
44
127
14
73
121
130
5
14
14
45
64
76
112
33
57
0
41
83
28
54
23
30
84
104
4
61
68
13
22
25
63
76
30
73
76
98
110
0
0
18
79
88
99
108
101
119
38
62
2
25
43
18
39
106
109
6
27
88
104
114
18
38
101
101
1
43
72
78
106
35
38
114
117
5
20
88
58
82
19
36
38
93
1
14
18
23
99
74
76
128
24
38
75
76
24
28
105
137
3
14
42
44
108
30
27
51
103
13
16
18
35
107
0
14
75
39
49
59
82
23
21
40
108
125
5
52
63
114
20
39
41
44
32
18
31
36
62
75
86
1
5
19
117
0
2
41
73
0
28
36
34
63
140
24
38
44
14
22
49
8
52
56
123
1
67
90
116
65
0
0
5
20
42
93
27
4
10
90
132
18
44
47
44
136
18
58
43
58
73
13
22
45
55
63
57
105
127
18
113
4
9
35
114
115
116
124
101
114
117
0
23
139
31
2
25
103
5
43
43
31
34
98
131
31
34
52
63
63
82
35
83
1
38
25
83
8
39
50
0
5
11
12
36
38
123
5
39
56
84
4
48
7
15
47
113
35
37
51
74
3
13
117
119
33
60
65
111
116
118
6
14
20
33
40
1
20
23
43
127
37
37
0
3
25
114
116
52
63
98
104
28
42
43
54
105
9
23
34
39
44
90
6
111
12
45
46
44
73
96
32
73
79
142
0
4
11
74
82
87
89
101
19
42
45
69
111
27
38
93
74
107
18
58
107
10
36
107
113
116
38
63
108
11
22
30
35
58
0
5
44
103
5
5
123
126
1
37
114
28
111
116
11
18
35
50
72
87
14
62
0
5
21
88
96
119
6
35
80
7
14
58
113
1
13
14
25
37
51
76
95
130
23
49
76
76
6
101
115
3
6
39
39
103
15
26
27
4
30
104
3
3
19
32
38
76
11
76
76
79
111
9
21
72
15
93
116
122
18
35
56
117
15
20
31
53
23
39
51
100
110
111
30
49
10
44
106
43
18
38
72
0
39
14
82
124
6
24
47
35
93
106
119
5
45
24
59
3
32
18
36
38
0
1
9
21
32
82
4
17
20
40
80
9
16
21
22
27
5
28
65
33
73
5
12
16
52
108
11
76
123
28
62
63
58
78
138
23
88
25
58
67
76
79
1
36
41
89
96
107
37
69
114
118
12
11
24
33
111
67
123
70
29
97
114
117
38
62
73
82
20
104
40
46
5
7
11
9
30
31
62
98
30
48
49
18
23
35
88
47
110
116
125
19
113
114
13
53
101
14
15
22
119
96
69
133
24
123
3
5
105
23
118
32
56
74
76
92
96
5
34
48
58
83
0
4
11
20
42
107
108
24
53
106
116
23
68
105
5
76
5
35
0
14
71
51
101
117
22
117
20
33
97
24
58
87
4
18
44
46
68
44
111
7
20
62
92
102
5
28
34
38
136
6
22
40
102
0
0
37
114
116
119
130
28
44
106
0
4
27
38
111
49
51
37
58
63
105
138
44
83
24
5
9
22
117
122
124
38
44
88
5
21
19
24
36
133
41
64
90
119
0
0
7
11
24
23
137
2
9
14
36
69
14
33
72
39
43
118
52
58
71
104
27
28
59
105
41
48
14
38
66
5
27
83
30
33
34
35
111
20
22
45
79
14
34
52
6
12
28
38
13
28
123
37
53
111
106
71
99
107
119
0
46
72
106
14
113
6
18
23
106
123
20
21
114
117
128
24
26
31
37
44
44
98
31
35
38
71
76
2
21
68
84
136
27
76
5
6
87
31
69
117
6
14
27
98
112
123
25
106
141
31
50
19
116
5
30
54
140
9
21
24
108
39
73
0
43
74
99
126
24
17
42
6
35
27
39
58
81
111
23
28
42
47
99
33
76
104
37
50
91
111
115
8
23
39
43
90
4
5
71
104
104
130
9
31
88
124
33
64
101
1
42
11
28
35
90
3
42
87
23
111
2
10
13
31
57
86
25
27
28
20
31
63
36
73
74
44
71
75
111
116
33
91
45
85
28
73
105
28
106
14
19
41
92
38
51
112
36
67
117
128
8
34
38
54
22
76
0
27
37
44
51
78
31
21
119
129
0
33
64
118
11
20
113
116
5
72
94
116
24
52
13
50
24
26
43
64
83
11
34
56
82
0
38
64
80
87
22
23
92
31
20
68
103
137
34
65
74
20
25
13
15
21
37
41
70
82
44
105
12
108
119
25
52
86
0
34
38
105
8
32
67
18
52
14
103
130
69
6
42
11
14
27
67
3
23
44
59
109
122
138
37
79
0
20
68
46
55
14
21
25
86
4
71
108
27
0
14
27
106
127
11
19
51
73
6
18
11
19
24
56
72
93
96
6
13
133
9
52
106
17
65
6
20
44
91
0
21
45
39
43
111
128
102
14
19
21
52
53
99
28
7
27
31
33
34
138
82
8
44
79
6
10
24
96
33
41
12
23
57
104
116
16
22
113
45
111
11
13
14
22
25
20
101
116
6
43
117
9
18
19
60
73
103
1
14
31
42
44
9
76
34
37
38
90
69
71
83
120
26
44
140
35
38
121
27
90
105
23
35
37
43
48
6
10
21
22
28
35
114
74
121
6
0
18
25
105
117
26
38
119
37
38
44
57
68
79
88
24
34
38
28
58
0
11
41
3
13
24
31
46
64
100
76
35
41
41
51
74
112
135
137
23
0
6
22
106
111
6
116
136
20
27
99
112
6
14
19
119
0
73
0
3
31
50
122
9
17
82
107
3
18
24
87
6
44
8
15
36
50
87
96
107
111
98
5
20
68
87
116
134
82
10
23
37
50
76
118
119
34
136
23
34
53
96
98
127
25
29
31
35
38
123
12
25
123
18
23
68
105
18
65
122
35
41
101
122
16
21
34
89
5
23
63
105
107
0
40
124
0
1
32
53
62
24
96
0
20
74
119
19
24
38
84
22
23
29
1
14
24
119
122
126
7
11
38
39
83
114
13
14
42
53
69
76
94
46
47
60
25
36
48
82
24
30
104
36
44
127
23
23
24
75
7
11
46
66
68
88
25
34
42
87
108
0
23
28
28
49
14
44
54
100
116
28
126
141
38
44
130
29
64
119
39
124
0
4
5
13
23
28
29
33
33
35
35
43
71
10
27
74
101
24
108
18
38
14
22
42
44
112
14
22
53
63
1
27
28
43
64
116
5
15
37
46
0
69
72
114
22
24
43
73
109
138
34
78
140
76
26
123
6
11
14
24
44
30
48
91
0
25
43
70
119
116
15
27
98
58
97
20
51
99
18
40
118
14
24
21
124
124
21
27
53
3
37
64
73
93
7
45
13
79
92
35
79
87
9
24
35
90
11
19
33
42
51
116
53
33
107
30
105
117
14
114
98
5
25
28
85
93
111
31
24
63
105
14
20
68
107
34
93
108
35
5
57
94
43
89
2
29
34
44
44
76
76
14
20
24
105
119
20
42
