0
2
5
33
71
122
46
70
93
139
1
25
47
59
31
80
99
116
22
24
44
79
107
108
22
24
25
36
43
119
130
20
31
41
41
43
5
6
63
118
13
3
33
88
98
105
63
93
20
24
41
43
41
89
20
118
28
35
31
104
105
47
57
64
130
126
26
85
31
30
31
22
25
27
44
0
10
125
58
0
3
5
23
25
26
5
13
130
79
127
23
34
36
102
123
121
33
43
92
2
23
27
33
111
24
6
7
9
30
51
52
76
22
25
28
44
3
22
24
25
5
6
13
37
65
124
5
11
24
43
51
82
6
59
69
93
13
116
116
123
6
11
20
30
50
82
127
14
18
22
42
39
47
48
34
35
116
118
13
105
114
32
123
76
112
15
37
83
5
9
30
73
39
48
67
19
52
118
13
19
34
36
7
10
37
14
18
37
43
107
37
21
26
44
47
59
126
5
16
59
63
110
0
5
7
9
10
20
47
47
53
134
3
14
33
58
4
5
5
65
130
12
15
30
33
24
25
36
82
20
22
24
25
39
92
76
105
130
5
21
23
25
1
29
35
117
106
119
14
38
87
19
31
14
22
37
38
20
31
106
19
14
19
21
38
64
115
114
28
114
117
118
67
134
138
86
87
93
97
107
108
30
37
62
73
8
109
65
100
106
128
0
17
7
10
37
48
82
21
43
142
6
87
90
14
131
117
20
22
22
23
24
25
82
99
113
32
37
117
123
8
51
26
37
75
89
8
31
41
76
21
45
82
14
79
79
7
103
49
59
74
74
14
41
53
63
78
84
28
114
119
2
32
89
132
137
33
69
72
99
66
110
28
35
6
30
81
82
83
0
33
44
128
108
116
23
84
130
61
111
137
138
0
6
9
28
37
112
46
74
77
97
0
10
24
16
41
46
41
52
119
5
11
33
38
108
123
2
27
56
67
126
7
11
99
4
19
51
71
83
87
35
36
107
116
123
124
19
14
111
1
6
37
63
93
93
14
18
24
37
57
14
38
56
6
11
14
18
38
64
116
4
7
69
91
31
43
83
99
41
73
97
21
21
24
42
51
79
35
101
116
45
116
0
18
22
23
27
21
23
68
108
82
86
95
104
105
106
113
119
14
33
72
124
35
118
14
30
39
50
106
63
139
141
142
41
51
119
125
0
4
5
6
9
1
75
94
116
3
25
29
36
93
76
103
3
58
106
111
1
5
39
130
4
5
9
62
125
126
6
9
63
117
124
14
78
20
111
113
6
10
11
30
0
1
4
5
20
22
37
44
50
52
64
72
99
44
78
28
98
53
89
31
43
51
106
111
119
81
118
31
68
38
103
52
34
107
96
116
118
119
54
126
12
65
73
36
52
2
33
44
71
28
41
113
13
23
63
63
18
97
28
36
105
114
24
108
5
18
56
104
106
106
113
128
0
5
10
20
83
11
14
18
24
73
103
5
6
63
71
11
18
22
38
102
1
3
98
58
38
79
19
87
90
99
14
18
41
4
34
35
117
2
5
14
21
37
58
35
114
2
5
58
62
5
124
4
5
23
26
33
52
65
128
11
24
43
106
20
24
43
4
5
7
11
98
101
31
41
76
104
105
112
35
119
17
49
61
102
52
98
121
47
49
54
135
124
31
76
113
14
98
28
73
122
22
44
63
6
37
82
117
118
0
1
25
44
127
34
35
108
114
90
1
53
73
74
111
134
136
31
76
83
103
24
107
52
87
35
116
31
41
76
83
104
113
0
7
96
100
31
106
14
20
38
51
44
57
126
89
7
117
14
19
27
114
119
0
5
9
13
15
30
8
20
31
41
43
103
111
83
86
31
49
59
60
34
35
36
42
65
73
3
20
43
98
19
72
114
35
107
114
101
14
18
44
58
29
96
130
48
69
5
6
11
82
86
14
38
18
23
38
22
23
24
27
36
28
34
35
31
38
76
119
3
28
66
86
90
93
129
44
47
120
139
8
56
61
68
11
21
22
23
38
22
23
28
35
36
14
41
76
88
4
8
9
10
37
20
21
23
25
63
65
0
5
9
10
37
6
15
63
72
86
51
56
87
118
17
32
138
28
44
59
63
71
21
34
44
48
122
111
52
130
20
24
24
25
43
35
64
116
118
119
34
27
87
111
20
31
106
111
38
49
75
98
14
58
4
6
7
13
53
80
102
135
8
3
36
61
117
5
8
9
10
11
83
76
13
35
107
108
116
39
50
93
140
23
25
34
35
2
23
62
34
35
28
35
114
18
27
38
44
23
38
60
79
126
131
17
77
97
117
23
63
140
12
52
126
35
114
35
27
41
88
4
5
33
44
60
68
71
124
57
11
72
110
22
23
25
35
36
56
140
105
0
2
3
33
29
37
79
79
102
33
58
51
101
0
14
18
27
38
44
30
45
49
54
60
82
24
43
31
76
106
6
63
87
118
3
36
74
101
107
106
121
101
123
14
30
44
126
76
111
125
31
76
111
113
125
44
34
35
13
116
76
35
105
93
99
11
28
117
13
34
35
114
28
36
51
63
20
38
123
3
44
79
127
18
117
130
28
33
3
30
63
124
49
63
82
28
82
96
117
0
0
40
44
75
88
21
33
90
96
0
2
14
18
21
21
33
44
44
60
61
138
5
7
10
30
37
20
21
22
24
98
30
75
41
60
67
43
103
111
138
21
33
58
88
137
18
21
44
58
22
35
107
82
85
26
37
41
5
6
9
30
62
90
0
5
23
25
38
14
18
51
97
18
22
23
105
114
52
86
87
116
119
52
80
83
111
118
31
87
113
23
24
25
97
121
103
107
6
32
122
51
113
14
18
38
44
39
55
67
136
137
26
108
4
5
50
83
3
4
18
22
25
44
14
38
56
123
79
98
18
43
106
111
31
38
76
105
84
1
18
26
47
57
127
14
31
104
106
121
18
79
58
98
4
5
9
15
30
37
117
0
5
11
23
30
57
60
28
34
35
0
6
7
9
30
30
41
69
136
42
136
141
1
8
53
74
142
34
35
107
108
18
58
18
20
21
21
24
25
44
79
1
44
62
65
66
76
98
105
3
24
43
3
12
33
72
81
88
133
112
27
56
57
61
72
75
0
5
88
118
2
3
17
23
33
137
14
103
5
6
13
28
30
37
44
63
20
1
39
45
102
28
34
0
3
20
25
82
28
35
42
69
98
123
99
31
111
111
119
18
22
25
74
5
19
38
92
21
28
99
5
67
5
78
21
94
11
38
76
98
14
22
37
38
35
116
14
51
5
6
11
118
6
63
93
18
55
93
3
39
47
53
97
0
5
6
11
13
26
32
35
101
108
114
3
14
22
38
44
32
33
69
48
59
130
59
63
74
80
83
99
125
4
38
74
88
92
137
21
54
88
18
20
37
38
43
106
37
43
51
106
123
130
4
38
46
30
83
116
116
117
118
119
130
22
23
25
35
107
116
123
35
42
101
105
116
45
48
75
63
114
0
18
43
22
44
82
37
56
63
20
31
87
103
36
24
125
4
68
6
12
28
82
117
1
100
100
4
38
98
2
22
23
26
45
31
38
76
98
29
110
14
19
22
38
38
51
130
23
14
38
123
0
4
6
112
11
14
38
104
105
118
15
48
0
4
5
9
22
23
30
34
33
107
41
29
2
3
23
111
24
33
42
51
79
111
76
15
133
62
125
0
5
14
18
37
73
86
90
107
31
41
76
104
112
113
36
108
18
76
111
15
19
62
64
116
14
24
38
63
102
44
49
63
0
0
4
5
11
21
23
28
38
52
53
86
122
76
106
11
18
19
42
58
0
5
33
33
41
44
106
5
10
11
14
28
20
23
25
1
3
5
116
119
4
73
103
105
111
113
87
82
58
101
21
23
52
88
2
14
21
33
97
8
112
0
27
57
107
0
5
6
10
112
20
27
49
60
68
96
20
105
2
38
107
33
68
69
82
89
6
15
53
24
26
121
6
6
12
13
37
62
71
82
23
24
37
1
44
67
0
5
10
125
3
28
29
116
22
53
43
24
43
135
51
57
39
54
93
18
106
0
10
63
125
37
123
23
25
33
106
24
39
44
47
82
92
93
127
130
80
86
99
100
34
118
39
45
54
130
42
110
0
1
3
3
25
69
24
32
138
52
85
58
101
6
13
39
40
46
67
75
138
3
14
18
98
51
52
20
41
103
14
18
19
92
41
76
119
31
76
104
105
30
65
58
67
11
69
98
123
58
91
40
68
0
20
21
25
43
20
104
118
75
128
58
8
117
20
43
111
0
22
34
44
27
120
0
17
11
14
23
28
34
0
24
25
43
106
111
52
11
18
27
38
73
12
4
6
63
64
116
118
123
53
13
116
27
63
138
11
32
89
27
33
87
31
43
76
11
35
101
116
117
2
5
42
57
25
39
121
14
21
32
33
58
3
86
0
5
33
62
13
35
36
108
116
131
21
41
1
6
37
90
0
1
14
22
23
24
24
25
27
32
98
4
11
14
18
25
5
46
45
81
5
128
76
104
125
0
2
23
137
34
107
41
76
99
104
104
105
112
18
82
46
88
93
136
114
0
6
9
11
12
117
125
13
83
93
124
28
114
140
22
27
63
108
28
123
83
87
99
6
11
26
82
44
62
71
2
5
27
33
37
76
105
113
57
24
27
38
43
68
32
138
63
116
5
6
9
68
2
44
111
40
111
117
124
18
43
111
3
12
33
58
8
34
27
45
65
90
47
79
2
23
25
27
38
0
3
18
42
58
123
106
71
78
82
21
91
18
106
22
25
54
82
44
62
90
126
3
41
58
103
14
91
87
3
5
68
71
49
96
116
2
5
64
69
79
22
25
30
40
117
56
68
108
51
4
5
7
9
10
30
65
36
107
108
123
34
35
108
116
5
6
6
9
30
37
62
117
1
6
131
22
24
25
44
4
5
5
6
6
9
11
13
117
3
92
94
128
136
14
49
59
82
117
74
135
18
44
110
17
33
68
87
3
20
22
23
23
25
25
23
63
126
116
110
137
101
0
2
24
27
3
18
23
25
28
29
50
85
100
23
46
70
28
35
71
5
49
7
76
113
20
24
25
111
7
15
35
116
49
53
1
3
22
25
44
34
43
2
12
33
76
21
23
64
109
116
118
1
27
62
67
73
99
28
4
11
21
30
35
117
18
38
43
51
58
107
76
104
105
106
5
6
13
1
100
34
19
126
34
44
68
115
76
106
15
114
24
37
58
86
76
106
113
119
31
90
38
107
13
69
93
2
18
111
5
10
37
69
14
18
21
20
25
53
87
19
19
64
3
4
5
33
48
50
137
14
33
37
38
33
71
101
33
76
22
38
70
97
35
107
116
117
52
86
93
24
57
107
20
31
86
85
140
33
76
16
34
35
107
74
74
137
21
38
42
76
108
119
39
88
92
93
28
86
99
0
16
21
44
130
21
43
28
35
48
114
116
116
117
119
119
25
42
33
44
90
96
76
104
105
125
2
17
20
27
43
44
74
136
14
32
44
58
107
23
33
72
96
23
29
35
83
91
114
116
126
35
42
64
107
14
58
7
37
90
48
58
2
17
27
66
94
8
31
41
119
23
36
80
106
23
35
114
31
51
25
39
46
128
134
29
44
17
54
93
137
0
3
22
23
106
52
71
73
86
127
82
96
14
41
41
4
28
136
124
65
99
34
36
42
19
31
109
6
9
11
13
111
11
72
54
33
38
101
4
90
116
117
38
124
54
77
44
106
2
30
44
56
61
66
127
58
3
54
23
36
48
56
37
38
56
68
98
3
26
121
123
117
0
5
6
6
9
10
10
37
73
0
20
25
27
44
93
136
107
108
116
38
123
0
14
18
22
24
58
111
20
39
48
35
105
114
116
117
19
36
42
108
35
101
114
0
23
31
43
111
44
82
4
34
35
36
20
23
24
25
58
0
26
45
45
55
74
15
142
38
50
74
132
41
45
110
0
2
14
33
57
58
74
76
87
6
89
58
0
2
18
25
72
88
79
42
24
25
36
44
52
128
140
18
123
98
127
14
20
21
66
75
93
99
128
38
108
18
22
24
44
56
14
18
32
33
35
36
68
15
93
99
122
5
27
48
49
64
124
82
120
140
5
30
49
97
0
4
5
72
117
14
58
28
28
35
36
114
30
59
0
21
23
45
49
52
90
96
131
4
36
31
76
76
104
119
18
26
19
35
26
70
89
138
31
106
27
29
63
84
65
73
0
5
12
14
15
15
30
33
33
44
52
122
12
36
71
96
117
123
87
126
0
21
22
25
36
43
44
74
38
103
42
56
108
102
14
18
26
43
20
22
23
25
27
44
63
35
114
116
117
34
36
108
123
17
75
93
121
136
32
32
68
13
32
48
90
105
42
5
6
117
87
105
113
27
86
93
94
34
56
56
62
19
33
69
96
6
13
30
1
3
26
89
1
29
32
96
3
31
0
6
33
69
18
37
41
9
26
37
90
5
24
30
32
43
98
116
8
4
5
14
44
72
28
94
45
64
69
72
35
36
108
28
114
0
6
13
58
51
127
1
23
45
4
18
34
68
98
0
30
41
41
46
76
98
113
76
104
106
119
7
35
116
126
59
62
68
127
101
108
117
38
46
101
12
67
68
73
7
96
116
117
123
124
3
44
35
105
107
108
116
0
2
17
27
33
127
0
18
106
57
85
122
28
35
36
42
83
117
119
13
63
76
26
103
1
9
11
21
59
65
83
99
40
85
95
120
120
12
13
23
71
82
5
8
9
10
83
66
18
21
22
25
25
44
51
130
113
119
0
5
68
88
76
105
111
2
7
49
106
111
119
0
3
14
22
25
43
42
116
117
5
73
82
24
39
76
110
141
28
5
9
11
51
103
35
44
32
98
14
18
38
20
22
25
63
20
22
23
24
25
34
89
94
131
132
39
14
18
33
38
98
106
22
25
27
36
44
82
14
84
47
19
38
45
76
119
70
71
114
53
86
8
76
15
35
64
72
116
25
27
36
90
3
41
120
17
44
96
102
0
13
35
78
21
96
105
106
0
3
18
72
4
5
6
9
11
13
28
65
14
41
43
98
27
122
58
0
17
21
74
18
22
138
20
63
126
127
138
41
137
36
68
116
10
81
126
14
37
38
42
34
42
98
121
34
36
17
21
52
90
6
7
15
59
71
82
128
23
25
33
38
15
116
126
127
99
15
26
27
37
0
5
65
14
18
22
52
83
113
128
3
14
21
33
50
31
104
106
119
92
110
6
50
65
87
116
127
21
23
33
67
72
16
31
43
76
76
87
106
113
118
0
5
14
27
27
38
44
48
63
3
14
18
33
79
106
105
114
1
20
21
49
74
102
40
51
111
1
23
26
84
126
128
64
71
72
119
104
125
94
20
41
119
28
34
114
20
43
76
106
24
27
22
24
38
8
28
105
1
78
53
53
55
88
132
24
14
18
13
30
65
87
86
93
14
17
23
27
43
49
98
20
31
76
111
113
119
11
20
24
25
111
0
1
5
6
9
83
27
64
71
123
1
16
80
31
41
76
104
112
0
27
45
127
13
83
34
36
42
108
33
69
12
117
87
16
13
29
101
105
116
5
6
9
13
20
37
67
116
123
123
44
126
102
31
38
41
9
11
125
18
56
14
26
37
79
101
31
76
104
105
23
39
47
48
75
93
121
14
18
22
25
44
15
24
35
105
116
18
111
23
32
61
84
128
2
33
38
64
101
120
127
3
30
86
33
38
42
107
73
112
113
4
38
44
124
1
6
10
37
73
1
54
70
124
5
35
116
36
106
35
36
44
29
64
131
35
107
108
31
67
23
33
45
49
64
74
82
7
8
10
13
37
5
8
34
36
108
39
111
11
18
43
101
2
12
33
88
34
114
117
34
117
126
20
18
41
18
56
13
108
114
14
18
37
38
58
11
72
93
99
137
142
114
116
118
71
114
0
5
21
5
23
67
6
53
90
14
56
1
20
22
23
25
43
71
3
122
76
104
105
5
7
90
117
29
57
67
102
31
104
32
58
1
11
14
23
20
106
107
28
34
35
114
101
14
18
23
22
73
11
14
18
38
123
22
82
116
18
34
42
108
29
75
136
13
37
107
20
24
57
19
35
31
76
113
19
114
45
50
128
138
120
22
23
25
62
99
5
6
10
11
112
17
21
53
99
106
129
28
117
125
83
111
111
15
33
73
44
110
6
10
53
62
21
79
131
17
39
133
138
73
80
40
46
135
16
26
57
76
112
0
68
79
107
51
104
11
14
18
20
25
43
25
27
6
53
28
34
35
35
44
108
23
34
35
48
33
101
11
14
18
18
22
23
25
43
11
14
18
19
38
57
5
9
10
11
83
125
87
106
119
45
74
75
36
108
28
31
31
104
118
19
37
79
98
108
118
126
116
35
83
5
11
112
14
23
37
57
72
43
58
1
5
9
64
117
2
107
28
34
35
36
116
31
98
99
5
28
42
14
18
27
29
88
111
29
67
74
82
130
76
0
5
14
0
5
6
10
125
38
37
43
111
0
21
23
33
44
137
6
12
34
101
101
108
108
58
123
50
109
20
37
112
4
5
49
51
74
18
21
42
22
24
41
76
104
104
106
111
115
76
106
106
119
14
18
20
22
25
27
106
24
43
87
122
29
38
39
76
106
119
28
34
1
15
110
21
22
44
55
82
53
88
124
81
1
44
133
12
3
14
18
22
37
38
75
20
31
76
111
54
73
82
13
105
116
5
23
30
30
18
51
123
6
52
63
110
18
40
14
32
42
68
92
102
133
39
59
82
102
127
127
0
6
10
13
37
19
105
99
0
5
23
27
66
37
56
101
107
54
130
134
42
57
108
38
53
94
44
109
128
39
50
54
55
82
0
9
10
11
13
124
0
3
25
28
0
6
9
13
118
42
4
60
116
42
43
56
81
113
7
28
99
14
44
69
62
20
21
43
2
3
32
57
69
126
14
38
34
102
108
5
10
30
14
98
105
51
0
4
21
52
83
98
31
33
76
42
0
5
8
9
10
11
30
0
24
26
51
5
27
33
38
46
74
127
39
50
135
41
73
104
119
35
108
6
37
112
5
65
66
86
128
73
86
93
124
30
36
117
24
25
4
14
23
57
67
138
1
86
93
5
6
13
31
76
104
119
18
24
106
136
0
5
23
64
20
22
41
43
26
101
53
54
134
33
43
44
64
76
111
31
41
76
113
118
22
25
27
38
44
0
29
36
44
112
5
6
13
15
18
32
101
108
53
65
86
58
24
42
101
11
14
18
38
53
70
13
53
62
73
130
117
0
5
6
9
10
11
13
30
23
27
67
80
89
1
43
6
13
28
35
83
105
117
33
87
40
142
5
30
73
118
5
50
74
74
127
19
79
33
41
43
58
0
27
44
82
36
57
59
28
86
124
29
38
92
101
111
113
21
42
85
106
121
20
25
27
43
24
4
14
19
57
25
82
0
4
5
9
10
43
53
63
121
121
13
28
99
31
41
119
33
38
44
52
126
28
27
37
62
41
85
1
52
62
64
65
102
13
35
20
111
6
12
28
28
44
65
96
31
111
113
28
35
114
114
117
87
5
23
30
18
20
22
23
43
12
51
73
14
79
94
139
5
42
14
42
58
4
38
57
68
0
90
82
7
96
116
119
18
30
56
71
133
4
5
9
23
41
112
80
109
0
5
33
62
40
53
91
1
28
53
124
0
24
32
0
3
28
66
53
59
67
112
53
24
43
34
13
3
44
35
36
108
11
19
51
58
107
14
18
24
38
101
108
13
105
40
46
51
75
92
142
4
6
125
33
69
87
96
51
56
100
11
14
11
14
18
38
42
35
117
119
16
77
91
19
58
76
3
43
138
44
56
73
1
25
45
97
109
131
31
105
27
47
35
114
117
31
76
104
111
111
7
35
96
105
116
20
48
111
18
30
39
133
121
128
34
36
42
3
83
99
27
68
98
107
93
98
19
31
76
92
33
48
50
67
73
74
107
47
84
20
22
23
24
25
111
82
96
50
52
63
119
114
20
24
51
103
12
13
72
5
9
10
11
30
11
38
123
31
41
76
113
43
103
104
7
65
99
124
4
12
33
48
72
96
9
125
0
2
5
14
27
101
71
78
79
84
85
14
18
98
37
124
41
41
76
104
51
101
57
107
108
0
25
27
44
66
4
6
6
9
37
63
63
69
112
117
81
92
36
44
119
76
105
106
11
20
22
24
36
121
6
37
69
31
76
22
23
25
11
13
0
33
72
96
79
14
89
35
14
21
22
23
24
25
31
103
105
113
6
10
11
28
30
56
63
7
23
64
33
90
123
98
117
5
14
38
58
81
