38
79
129
38
99
48
109
111
120
141
25
138
6
8
49
125
96
99
22
43
48
62
89
105
6
16
40
92
137
8
66
62
13
24
50
67
103
114
115
22
60
116
140
29
105
18
137
64
23
30
63
9
36
57
100
91
99
115
17
41
99
107
100
39
15
18
104
6
27
26
60
26
35
42
102
119
49
52
69
95
142
53
72
108
133
99
25
115
19
67
83
5
0
61
66
90
135
59
66
107
133
96
21
103
5
40
128
8
55
77
122
38
54
77
81
117
6
29
42
79
4
48
49
76
10
55
70
12
33
78
84
121
8
33
109
42
51
66
94
119
38
79
123
10
31
89
112
125
11
65
129
46
53
109
42
58
64
34
72
92
74
84
99
104
16
77
104
123
130
24
133
15
48
136
39
53
62
1
81
92
112
124
125
135
140
4
73
111
118
121
16
86
121
64
112
67
66
139
35
43
56
70
118
131
22
38
41
93
80
128
8
46
86
115
11
35
66
70
70
73
79
25
111
0
15
49
96
129
54
103
11
79
131
64
79
86
55
67
116
27
85
36
117
126
35
79
91
114
36
129
135
138
70
125
129
73
20
53
64
103
106
58
75
113
32
68
74
97
114
39
84
0
1
82
118
133
138
47
68
86
115
5
14
97
119
127
69
114
134
108
3
14
21
112
136
10
32
91
117
11
13
17
23
119
8
29
101
1
10
10
25
107
42
101
9
99
111
30
102
1
69
104
137
15
55
86
89
7
14
33
40
63
88
108
1
53
106
135
127
9
64
69
122
19
20
35
57
130
138
0
73
133
30
65
100
115
10
37
41
98
119
13
24
82
83
108
136
10
43
78
31
126
5
8
53
92
97
105
20
48
57
13
61
101
109
130
72
75
83
36
69
0
44
50
132
74
77
26
52
90
105
15
39
40
124
69
87
97
104
2
3
75
15
24
34
43
126
45
8
113
122
26
30
98
119
142
9
17
53
82
119
62
107
110
130
1
63
64
95
8
35
8
39
92
88
99
17
65
2
15
20
26
29
98
99
15
20
27
34
83
94
18
32
72
91
108
116
140
76
142
45
106
18
54
54
97
97
22
26
60
92
0
94
133
9
15
79
82
125
8
22
51
62
78
86
60
85
59
138
87
108
44
66
9
26
37
42
47
118
129
100
126
73
88
100
15
35
57
14
27
80
115
13
44
92
113
137
84
100
118
3
5
22
93
112
117
13
15
72
34
77
126
65
108
134
2
15
19
23
36
98
136
44
52
93
89
121
42
71
133
19
42
54
42
92
98
140
44
107
115
126
8
74
82
25
127
21
128
134
93
98
104
135
89
123
127
1
39
46
54
86
16
55
91
60
142
111
74
94
36
115
130
50
132
140
27
56
96
0
32
106
108
26
68
98
116
96
28
125
3
123
10
44
53
63
107
112
13
78
79
112
10
33
64
70
138
1
22
26
29
110
116
0
29
44
118
93
120
45
129
77
123
29
46
61
74
79
63
131
27
37
32
35
36
93
142
61
123
135
18
51
22
36
103
113
116
129
30
136
59
95
131
137
56
86
89
94
48
79
98
116
135
111
11
36
75
19
74
21
31
45
107
71
0
7
29
42
75
83
136
138
46
34
14
9
58
58
114
122
6
94
10
76
118
4
8
33
66
118
23
55
78
81
87
91
127
138
1
11
40
52
73
133
9
51
76
92
102
118
43
98
133
133
119
128
20
84
100
13
31
41
48
72
93
121
3
7
49
109
69
21
11
109
139
40
43
48
71
79
105
93
115
116
69
95
101
123
46
49
98
129
83
97
106
52
61
21
111
5
16
36
61
122
16
107
121
114
6
104
59
74
3
21
35
103
34
37
104
139
1
17
141
132
12
123
139
52
85
100
123
138
56
64
105
123
127
111
2
101
138
140
2
6
22
132
54
123
20
96
119
84
112
44
50
64
118
26
54
115
1
125
7
29
39
53
61
105
105
108
60
132
24
38
110
125
37
67
112
123
35
37
63
44
84
113
118
3
46
11
97
39
61
102
112
9
32
40
51
40
64
111
124
3
23
27
46
65
116
118
1
71
138
15
20
23
103
127
3
22
56
142
17
59
69
99
7
134
83
76
92
3
9
46
132
48
69
74
98
112
13
30
70
90
10
26
43
134
7
48
103
37
82
125
14
89
40
49
65
95
108
113
56
140
36
57
127
140
7
32
49
50
54
68
76
3
21
28
88
104
137
140
31
67
98
99
104
7
14
47
57
93
139
10
61
74
79
114
127
17
26
49
66
37
66
125
10
12
14
24
38
38
104
30
0
13
47
59
90
96
108
13
75
100
73
110
116
22
47
84
93
13
60
62
121
124
4
24
50
105
67
80
83
90
105
106
122
55
65
85
107
120
27
80
40
98
102
116
118
68
73
108
125
10
87
93
104
21
56
96
141
23
45
115
37
80
113
121
52
55
109
7
9
20
11
18
35
60
64
132
52
54
96
116
118
11
51
88
23
106
116
123
134
89
96
99
131
102
12
48
50
79
97
115
35
101
120
140
26
78
104
17
23
107
8
141
76
133
2
38
63
86
93
1
8
37
54
35
41
29
80
113
29
76
132
0
2
23
31
44
40
96
44
118
8
53
73
133
83
18
79
95
22
66
91
118
23
120
70
25
95
10
48
58
71
98
101
105
8
38
40
87
118
36
46
52
53
99
104
6
111
6
13
43
68
44
51
70
77
82
110
81
132
137
124
9
95
130
136
33
76
125
139
92
34
12
87
15
69
127
3
39
49
88
19
67
10
61
89
37
56
141
32
19
78
83
50
94
104
10
47
93
22
121
96
100
9
36
69
119
89
115
92
20
50
78
53
72
107
4
17
72
109
12
52
79
104
107
89
69
112
15
102
120
135
126
54
116
141
12
45
80
107
112
8
13
68
72
104
18
32
39
83
121
13
27
68
94
106
21
61
128
136
48
83
89
27
53
54
93
115
57
103
133
41
44
94
130
62
66
24
29
49
67
72
82
97
2
11
65
95
116
130
86
120
33
137
138
47
3
8
10
66
74
12
45
75
124
25
25
134
134
139
16
109
131
138
12
16
71
101
108
0
75
99
107
126
0
87
19
19
72
103
141
17
64
77
105
118
140
23
8
14
125
141
29
30
57
47
51
129
55
61
75
119
34
44
126
63
79
137
142
6
48
66
4
42
119
0
67
99
141
119
121
129
133
56
58
138
15
37
46
47
24
105
18
30
16
71
72
96
125
133
9
19
25
56
64
93
13
25
65
90
19
27
42
17
35
57
70
125
12
47
71
120
94
126
19
114
111
64
77
66
114
34
125
94
99
114
142
19
21
31
18
28
112
14
91
102
36
52
42
113
53
3
48
74
131
65
141
22
30
97
137
142
56
100
134
13
42
76
95
91
101
107
132
64
98
133
2
47
72
121
45
88
23
87
94
19
68
111
3
29
32
64
48
56
92
3
9
20
26
28
50
12
44
80
89
42
74
13
116
121
131
2
76
123
44
104
111
140
67
75
94
50
67
73
105
120
32
39
75
93
98
3
8
55
55
130
22
34
54
73
16
131
51
61
125
20
26
36
41
17
103
110
55
95
92
111
45
79
88
24
51
87
128
59
81
9
13
20
113
11
71
81
141
1
36
46
53
63
31
80
89
100
126
7
8
97
105
1
53
56
133
3
4
17
55
116
22
97
110
111
44
88
9
23
29
49
15
42
112
119
12
88
4
90
95
97
124
15
21
45
94
1
56
93
112
66
78
112
132
136
9
115
44
54
61
70
92
124
126
137
138
50
34
63
1
14
48
76
113
10
16
70
89
100
130
15
76
19
57
64
81
85
86
103
17
73
10
29
47
78
79
99
111
4
5
17
31
40
57
140
63
128
61
102
126
2
23
37
49
15
79
79
102
139
25
26
87
131
112
2
10
16
107
6
79
138
40
95
103
116
138
37
66
97
77
102
99
121
12
14
61
65
68
71
114
46
103
121
132
74
111
114
58
67
84
103
120
21
136
140
107
119
137
137
139
30
59
73
122
23
105
1
65
86
132
95
76
79
67
117
8
108
106
115
52
12
19
86
100
111
136
65
75
17
42
83
142
53
59
98
18
19
22
51
94
107
18
40
62
63
120
30
71
73
102
15
24
32
91
100
116
39
50
61
131
132
6
25
64
111
134
139
9
20
38
57
74
79
67
117
20
121
141
13
103
123
7
117
87
135
32
55
85
25
49
80
12
64
131
60
22
32
61
80
140
4
100
106
12
24
57
66
93
60
101
132
4
16
38
39
58
112
127
137
69
78
101
104
7
106
109
84
107
45
101
5
49
59
135
15
62
34
90
91
22
23
22
102
124
31
21
26
81
128
139
19
30
74
75
126
141
42
44
55
99
103
0
67
84
91
94
102
126
18
80
88
16
84
94
56
74
12
104
105
131
63
34
91
48
137
33
120
126
133
17
20
24
78
95
142
45
123
131
109
13
64
75
85
136
9
75
99
72
39
75
117
130
24
87
112
126
13
27
59
17
47
67
106
114
84
110
46
51
109
10
69
104
5
104
130
26
41
48
67
142
24
50
120
22
54
96
102
105
120
55
105
11
15
48
4
23
34
36
102
32
37
42
40
74
93
140
108
1
36
41
94
26
70
108
110
133
35
136
48
6
13
38
48
80
7
59
83
136
59
68
4
91
85
51
81
97
126
118
6
62
73
109
58
72
93
112
117
82
88
86
48
103
138
49
3
29
75
77
85
2
36
47
82
4
15
82
94
104
114
40
88
130
88
7
97
109
121
27
30
47
58
64
132
72
104
121
30
60
106
117
118
92
133
138
25
43
65
119
23
123
13
101
113
2
9
43
62
97
118
4
17
34
93
97
20
129
134
136
69
101
54
58
107
110
34
59
109
111
26
57
64
80
8
20
43
67
141
5
8
63
114
124
49
65
89
28
66
110
9
121
123
3
8
34
72
36
68
85
33
46
62
65
87
108
133
13
26
31
32
35
35
74
108
137
141
5
39
64
71
127
2
20
22
98
139
23
12
13
16
20
69
116
141
11
34
135
142
26
27
76
80
46
54
92
93
119
120
18
87
93
13
15
27
119
32
1
16
44
87
127
67
75
30
30
26
87
0
3
91
114
46
83
94
3
20
36
110
32
38
40
88
9
19
41
82
94
118
140
77
84
1
64
94
102
13
42
71
91
112
122
115
51
34
85
123
16
23
88
95
2
46
49
86
97
99
122
135
22
40
41
64
87
94
124
8
56
66
95
136
14
50
62
93
41
66
103
116
7
18
31
13
35
47
96
10
37
55
77
95
109
130
43
120
126
28
123
140
37
90
128
90
95
110
129
137
23
60
97
100
107
111
43
15
40
55
96
111
56
60
82
87
111
142
105
122
126
62
85
115
15
25
30
99
73
104
105
43
89
132
61
124
90
111
123
125
42
49
93
14
39
65
65
82
13
57
106
70
75
98
101
118
8
93
109
35
48
55
59
82
4
72
18
122
133
119
24
87
16
109
112
20
32
81
88
30
43
112
18
6
45
48
50
50
43
5
108
54
64
96
107
5
94
103
21
60
140
31
33
74
91
0
14
125
54
61
66
107
36
56
86
91
121
10
24
30
49
62
63
74
139
44
106
17
105
24
42
108
111
49
111
4
4
50
139
39
70
71
76
103
56
67
105
120
79
115
3
27
91
100
107
116
126
16
19
82
32
42
45
103
16
17
132
31
32
35
42
46
63
87
94
111
113
54
112
128
141
48
57
13
55
63
87
139
41
59
61
115
135
41
74
81
112
122
2
5
10
13
41
42
51
103
104
116
22
52
133
25
131
99
17
98
129
141
7
11
30
31
71
72
121
10
75
44
75
34
35
59
90
113
124
128
20
46
31
6
86
92
134
0
17
117
24
46
92
69
70
4
78
86
137
34
61
66
127
128
95
102
76
128
141
0
8
41
68
100
29
52
67
85
91
120
134
72
46
85
107
111
118
44
45
72
105
4
82
88
78
105
31
60
43
67
9
46
48
52
142
22
115
11
21
94
113
115
129
53
67
130
29
58
87
123
130
108
131
20
73
93
137
23
35
103
107
22
24
81
30
63
118
124
125
50
116
5
45
61
0
43
79
0
28
33
63
85
87
97
29
36
49
67
94
133
133
4
25
85
97
130
11
69
96
40
119
18
24
36
65
63
79
86
92
105
52
98
99
113
142
20
78
116
31
106
128
29
40
45
73
17
135
61
130
100
134
0
5
14
24
100
125
81
122
47
52
54
81
115
139
109
112
120
7
15
24
47
82
87
110
0
71
84
139
45
52
54
74
112
77
87
100
1
5
11
39
51
54
61
67
140
6
67
84
18
31
54
62
105
11
45
63
69
73
118
0
108
119
129
45
66
18
49
128
139
53
91
55
89
99
129
79
58
58
79
134
32
38
27
29
46
102
118
10
21
56
58
88
33
53
83
123
54
75
139
63
77
133
29
46
64
75
87
31
38
129
132
136
46
68
74
62
62
74
78
85
25
58
70
78
69
54
57
80
73
75
26
52
125
30
61
83
93
94
41
94
100
128
140
104
42
123
45
63
128
130
4
5
41
124
32
81
87
106
113
128
25
37
51
56
27
35
55
133
55
85
91
133
11
76
129
19
59
93
4
15
101
112
54
61
82
14
52
66
98
72
74
113
48
63
71
77
99
39
69
95
137
89
53
82
123
124
25
27
52
60
64
64
122
22
42
81
111
85
100
49
95
21
40
50
70
116
43
54
107
67
75
122
42
86
120
127
21
75
21
122
87
23
37
104
111
119
75
131
26
46
116
22
37
60
63
117
134
134
26
1
61
95
132
140
141
88
99
36
42
54
87
127
17
21
100
4
138
24
37
64
118
134
101
124
90
100
131
29
41
132
20
76
138
35
44
129
73
43
98
103
8
76
112
113
129
140
19
20
38
40
55
57
105
127
18
55
142
27
33
38
75
106
130
7
8
48
114
12
33
42
12
69
101
102
134
50
116
25
82
130
95
97
10
87
118
121
30
33
88
108
8
108
14
35
43
25
119
118
124
71
105
11
86
116
40
112
139
34
57
98
119
120
140
45
67
71
101
116
17
28
47
75
87
120
116
120
42
80
80
95
95
138
49
84
88
0
39
69
123
22
65
79
84
86
87
69
85
133
138
85
102
139
9
34
125
91
111
6
17
23
33
37
124
17
40
55
61
137
2
36
82
63
63
74
94
85
39
75
77
78
85
97
115
8
33
52
72
99
28
15
28
22
105
107
112
27
43
115
15
24
52
66
105
42
99
123
132
22
22
73
119
132
10
95
0
37
140
73
100
112
123
18
32
101
135
45
9
37
103
134
6
65
89
134
6
77
18
85
91
106
85
17
25
39
55
65
127
15
83
94
109
132
141
11
51
62
91
93
29
130
52
99
120
107
142
50
57
99
100
2
48
64
121
6
38
65
76
117
135
137
58
15
40
57
88
113
136
7
105
121
2
7
91
126
13
14
17
51
101
47
54
78
110
71
28
72
82
7
67
124
46
95
40
98
114
126
50
78
138
132
137
139
8
37
6
62
63
89
40
73
110
3
71
78
84
114
3
38
15
36
60
87
104
49
110
132
140
31
55
89
23
68
16
26
64
66
120
135
72
30
59
82
103
6
51
73
69
124
7
42
98
133
75
14
112
135
4
8
50
73
128
20
52
2
67
45
81
98
133
5
108
131
9
124
126
127
95
78
81
130
11
94
120
10
18
60
6
24
28
122
109
56
76
127
129
20
66
82
114
135
34
43
47
51
17
40
45
50
55
123
131
11
118
34
79
8
39
48
82
88
53
93
108
43
72
82
124
25
93
96
138
33
60
66
135
49
106
39
107
5
48
85
91
132
22
29
61
71
91
14
67
118
138
27
110
109
124
15
104
108
125
137
139
7
21
63
113
30
109
114
103
125
140
6
0
47
118
99
122
44
117
142
27
50
65
93
130
94
136
12
116
15
56
88
115
142
7
8
35
75
104
108
51
119
72
114
134
41
140
4
72
97
6
17
58
92
7
92
15
0
1
66
87
126
141
10
25
97
17
80
90
3
36
63
66
71
60
125
3
5
15
102
119
69
124
35
60
20
90
141
93
101
109
119
21
104
4
18
81
86
130
133
139
37
56
88
132
29
72
49
12
87
108
64
29
39
43
136
44
58
114
2
18
70
80
94
109
137
22
62
116
33
69
15
81
142
21
61
70
84
133
36
68
128
40
45
9
51
52
114
19
37
92
8
30
61
28
102
12
51
131
10
46
58
62
65
85
118
142
6
59
10
65
92
136
37
74
98
101
75
91
105
118
59
71
74
7
32
90
104
110
139
17
114
125
10
56
26
110
58
60
66
112
21
48
67
93
111
114
2
11
109
105
121
20
35
91
10
43
46
50
57
95
97
44
64
102
125
0
19
108
111
35
68
87
112
139
44
68
85
96
15
16
81
120
0
19
33
67
125
132
9
28
51
117
41
42
100
100
140
9
35
96
129
134
14
49
116
140
0
43
138
139
121
122
45
10
114
140
33
73
90
138
33
41
119
133
13
131
71
102
118
19
52
75
91
107
142
22
28
28
92
8
47
75
26
108
52
81
95
29
116
124
81
125
139
21
71
99
1
7
44
75
131
133
37
40
64
89
137
46
63
67
59
18
34
38
40
118
49
66
102
140
37
67
125
134
53
62
64
87
105
11
52
106
27
40
64
48
58
85
129
51
141
77
83
6
32
46
57
84
104
123
117
23
38
63
129
125
7
34
37
118
23
111
37
60
66
77
109
19
20
73
81
85
121
34
87
109
129
39
70
86
52
75
81
40
57
65
49
49
54
10
128
130
132
17
78
118
126
21
65
18
112
51
68
91
110
141
13
115
115
22
96
45
32
110
136
6
29
63
84
135
140
50
88
124
133
34
40
46
117
15
116
36
135
16
41
140
142
68
102
102
134
137
10
45
60
60
125
126
0
61
139
9
73
80
82
113
123
26
51
29
112
49
90
62
131
132
11
17
50
53
65
86
97
103
121
44
97
110
127
139
10
51
69
115
67
118
0
105
36
37
70
100
22
34
39
106
127
26
56
99
7
38
73
76
95
114
126
39
71
119
79
97
22
29
79
108
123
2
34
134
13
44
82
24
69
54
58
117
48
58
117
133
24
51
79
121
58
115
27
23
141
0
71
112
142
72
42
101
1
2
91
111
115
4
19
57
12
108
16
19
33
57
138
59
107
14
18
79
90
28
67
70
74
31
72
76
109
47
55
56
78
81
119
121
139
16
19
28
93
110
133
89
100
1
5
12
17
86
115
131
75
87
122
53
55
22
73
105
33
13
28
37
118
39
61
66
88
88
99
11
81
89
80
83
113
117
56
77
8
37
43
55
142
34
93
34
13
123
135
2
18
87
131
23
109
8
42
10
1
142
66
114
126
132
59
70
83
29
66
107
118
44
97
61
110
112
6
16
82
125
29
34
58
59
95
108
107
122
12
40
85
47
102
11
42
56
88
110
4
21
38
91
49
131
133
32
58
58
109
124
128
132
73
110
41
4
25
33
133
76
138
59
11
34
45
75
0
30
59
54
125
50
55
71
121
132
3
20
26
38
132
56
134
0
17
62
41
45
87
17
50
83
101
113
4
11
48
54
77
12
45
48
1
59
78
104
118
139
27
68
130
20
49
25
81
69
46
72
126
87
95
114
129
30
31
85
94
1
34
42
44
76
93
71
128
12
24
106
133
19
24
95
108
113
66
69
124
140
11
32
80
99
34
54
61
12
50
60
72
138
13
18
46
89
124
8
85
4
81
135
89
17
44
107
118
44
44
92
113
32
80
94
2
47
135
73
88
131
38
38
126
139
11
20
24
43
47
92
140
0
34
42
113
137
38
65
89
128
136
1
103
115
131
135
14
79
35
118
0
78
59
89
3
66
67
70
83
83
76
113
7
11
59
127
140
11
14
53
102
45
65
69
109
84
104
115
35
62
62
11
54
79
116
124
140
73
126
133
48
54
77
92
15
59
91
92
135
140
26
41
83
112
115
48
126
28
45
46
109
49
78
89
135
72
98
128
135
42
71
136
98
41
79
97
68
34
40
44
122
74
101
22
29
38
65
77
83
39
43
100
105
31
99
136
137
142
21
121
140
30
41
73
95
111
113
139
40
63
68
130
132
40
98
127
10
34
14
51
110
127
140
141
6
9
103
132
15
47
73
102
62
91
5
50
77
106
126
35
49
54
108
102
117
29
83
130
140
66
134
121
39
96
129
27
39
48
71
130
