18
22
37
38
98
106
31
76
104
105
111
113
125
32
11
101
117
50
52
49
74
102
137
5
33
56
124
4
5
20
112
22
36
73
36
107
14
18
12
101
31
111
31
76
76
104
105
105
111
125
3
20
48
59
93
13
85
0
5
17
30
97
76
1
30
67
84
126
73
33
44
106
136
93
138
0
4
5
6
9
10
23
26
35
38
107
123
28
114
0
5
7
3
22
23
30
36
19
26
18
37
98
15
44
17
40
54
74
93
138
31
76
104
105
27
52
94
76
104
111
21
43
106
0
4
12
45
57
1
96
22
24
41
14
58
101
1
21
31
76
0
5
6
9
117
68
35
1
75
58
5
45
74
82
34
35
107
27
38
37
42
58
21
56
89
130
104
114
2
17
42
43
51
97
54
63
110
121
139
62
67
87
13
34
36
107
3
133
136
18
27
42
31
41
76
105
111
113
13
28
114
119
3
23
28
35
36
30
78
13
29
116
0
5
38
45
98
19
24
26
32
36
107
17
113
14
18
24
25
37
43
34
108
20
41
32
110
0
3
18
20
25
43
132
14
59
73
74
130
13
28
35
36
114
53
62
82
87
24
2
33
44
64
90
4
5
7
6
11
82
50
52
69
3
18
20
22
23
25
11
65
117
34
107
108
50
74
82
72
24
36
3
20
41
43
103
52
53
86
6
9
28
65
69
117
13
98
119
27
33
88
92
0
2
5
56
34
44
38
41
13
19
34
36
108
27
83
86
87
45
57
98
123
14
36
37
98
123
123
19
14
18
38
123
3
22
23
25
63
76
105
5
14
18
37
14
58
36
43
47
68
81
30
46
97
31
105
111
113
5
15
33
99
116
8
11
27
83
126
31
38
105
0
5
10
117
62
31
76
99
113
14
56
75
4
5
9
10
30
117
14
68
81
18
37
38
123
14
33
3
20
22
23
43
18
22
23
24
25
35
116
1
29
90
99
27
92
93
122
128
53
83
142
38
46
46
97
0
14
18
37
56
21
33
44
64
26
44
68
122
128
62
86
87
93
139
31
101
19
34
108
86
87
94
106
110
56
14
42
58
123
6
10
11
112
14
57
58
13
67
72
85
103
50
81
82
110
14
18
140
23
27
38
16
20
23
24
25
43
55
121
31
104
111
31
103
113
3
20
22
24
4
5
52
112
63
80
18
23
41
106
136
29
90
116
124
32
113
19
28
136
5
9
11
71
109
114
37
38
31
12
37
58
5
39
59
2
3
22
23
25
119
4
7
9
71
33
38
42
21
44
69
0
5
6
9
10
11
112
104
105
14
123
1
29
44
75
127
44
99
127
54
121
51
58
0
5
21
28
52
38
41
31
106
0
6
9
82
117
69
76
4
5
7
9
10
11
30
41
72
73
118
20
22
23
25
0
4
18
23
24
25
41
43
53
86
87
5
41
45
99
6
7
117
27
52
31
111
27
99
128
34
20
23
37
63
63
28
96
101
116
76
104
105
111
113
0
5
6
117
28
87
22
35
107
108
0
4
5
6
9
82
13
72
116
21
33
74
137
39
49
102
0
3
21
25
106
4
5
30
45
57
0
6
28
14
18
106
136
56
130
5
7
9
117
14
33
56
57
96
18
79
98
18
6
10
118
67
86
106
136
0
2
21
44
1
12
13
96
7
6
28
30
32
68
34
35
31
111
125
14
18
25
38
5
14
27
37
71
13
35
35
107
14
18
20
36
108
85
86
20
22
23
25
47
63
18
14
24
98
77
94
100
14
27
33
38
44
3
14
22
22
23
30
37
56
75
18
54
74
121
128
51
54
36
83
116
22
38
102
65
72
122
51
76
111
125
6
7
119
13
48
93
25
36
4
5
7
9
105
14
18
23
124
6
11
30
73
117
118
99
121
20
38
12
15
96
101
30
35
83
18
22
23
63
110
4
5
6
9
10
11
30
31
51
99
20
22
23
25
36
55
83
116
126
104
118
128
4
14
18
79
98
18
41
17
39
48
59
70
138
18
58
57
58
123
43
76
105
106
111
24
58
5
11
65
110
22
24
25
73
73
104
111
118
96
53
63
70
80
110
31
76
3
24
25
104
125
20
25
43
18
114
5
33
42
92
31
41
76
104
105
111
116
140
52
74
18
41
10
11
118
83
101
116
126
0
7
10
11
20
43
93
6
11
28
117
114
105
111
1
61
100
130
34
36
108
36
63
121
53
83
12
14
30
37
57
14
42
8
19
51
44
117
19
26
107
108
31
103
104
105
24
41
5
6
117
2
5
33
106
1
51
22
24
63
31
73
116
140
68
116
8
28
34
35
35
114
29
116
60
65
27
40
54
8
82
117
20
37
102
23
25
47
92
6
50
53
82
37
46
102
123
1
61
83
90
95
34
35
36
53
19
31
76
105
106
113
13
114
4
7
65
82
24
32
26
89
35
108
116
34
35
14
98
106
13
35
83
114
14
27
41
3
25
33
106
35
108
116
119
1
29
31
76
119
20
31
118
27
37
38
14
22
23
29
116
1
29
39
49
59
35
83
116
14
38
79
92
98
24
26
62
107
5
14
37
38
12
33
99
128
0
8
8
12
59
96
138
12
33
96
31
23
25
63
142
3
18
22
37
38
98
5
6
7
71
14
38
38
123
1
15
96
85
118
34
35
36
34
35
44
114
29
44
64
90
116
58
123
52
93
1
99
18
38
123
8
77
3
20
22
23
24
25
25
31
38
98
105
27
33
92
4
5
71
8
25
30
35
44
64
87
90
20
31
43
43
51
44
64
68
127
5
37
38
98
10
11
28
76
105
111
106
14
18
38
41
43
123
3
48
48
135
138
38
46
49
102
0
30
39
62
68
114
42
103
1
28
44
28
106
14
18
23
28
30
37
44
2
41
0
2
21
74
88
137
114
16
30
51
118
22
23
37
5
56
73
101
13
35
101
116
6
81
82
27
124
128
19
4
14
15
27
33
38
123
35
114
101
21
34
44
14
18
22
23
27
58
18
26
79
107
108
14
22
23
37
14
18
22
5
44
82
114
12
33
96
5
7
9
44
115
44
61
101
28
87
87
122
52
129
47
57
114
116
119
99
76
7
10
33
76
3
36
39
49
67
84
102
35
107
116
119
26
27
108
5
10
112
117
89
29
116
20
41
103
106
1
29
83
99
119
126
0
21
101
8
48
93
124
133
47
92
106
8
3
22
24
25
63
3
23
63
76
104
105
125
41
5
7
39
49
64
127
18
48
136
137
56
56
60
26
107
5
14
27
45
45
28
53
28
34
107
14
14
18
38
2
4
5
41
13
13
35
72
116
28
46
98
123
142
5
6
9
11
30
71
3
63
71
0
14
14
18
33
37
103
14
30
73
73
104
105
130
19
24
36
108
72
119
20
22
23
24
25
41
33
52
93
99
124
128
138
1
5
14
15
44
56
24
42
22
23
38
32
60
3
24
25
42
106
8
22
41
63
70
106
21
33
44
57
124
31
76
104
105
113
42
51
14
18
37
41
58
0
22
23
24
1
22
23
25
28
0
5
6
11
57
35
114
119
51
125
6
112
117
15
53
82
86
5
23
58
71
92
93
124
128
76
105
113
2
14
61
66
34
108
135
138
11
42
117
123
30
131
89
9
11
112
11
69
117
76
111
20
22
23
25
25
36
63
0
3
20
21
31
32
73
111
58
103
5
6
7
112
41
76
111
113
125
5
11
44
65
45
50
82
126
4
5
44
20
24
41
43
106
93
26
107
108
8
103
0
5
10
11
58
26
0
5
6
9
71
0
4
7
18
21
23
98
15
17
40
54
67
67
74
137
3
48
51
106
136
20
37
38
43
32
78
6
9
52
12
14
33
43
57
98
106
42
51
13
72
124
104
105
111
28
34
35
36
44
20
41
51
105
111
98
108
28
35
28
36
107
6
6
11
53
82
117
43
3
32
51
99
79
142
5
21
33
101
11
50
117
21
44
64
90
17
46
68
132
8
41
43
72
101
18
37
57
58
79
53
66
87
90
128
100
105
106
130
24
53
82
68
3
18
22
20
31
43
97
132
14
18
27
38
1
29
62
87
90
31
76
104
111
59
85
2
5
27
58
22
24
25
34
68
73
19
34
35
108
82
13
97
20
31
41
73
109
31
51
111
113
14
41
0
1
21
60
79
0
5
44
122
1
40
74
33
99
125
31
4
5
30
56
76
101
118
28
64
90
83
116
5
10
39
63
134
23
24
32
105
19
0
5
14
21
43
58
28
36
34
35
107
42
43
47
106
72
73
89
20
23
25
5
6
9
112
12
33
96
3
23
25
39
49
63
74
86
100
35
67
119
126
31
111
14
18
27
58
106
13
96
101
56
22
25
35
14
130
21
73
4
5
6
7
9
11
69
117
14
25
37
12
33
4
21
44
0
12
33
130
13
35
107
116
119
14
37
38
58
91
5
39
45
50
0
18
23
106
44
64
90
0
33
58
88
68
68
80
24
43
83
99
13
28
35
83
0
4
5
14
23
33
44
50
140
5
52
1
75
63
31
76
104
106
111
25
40
52
93
0
0
4
5
21
33
124
9
11
112
3
30
36
59
62
13
114
116
119
6
10
16
118
56
75
20
24
32
41
74
38
124
37
60
79
5
44
78
14
18
33
76
99
111
0
1
13
29
6
28
44
65
69
82
122
27
33
56
100
130
24
37
41
108
35
83
116
3
36
48
42
76
51
99
3
93
138
60
65
79
51
68
5
23
63
71
77
91
94
24
43
63
74
135
31
76
104
111
53
74
82
121
38
74
76
130
52
103
28
98
119
76
12
33
99
17
30
117
45
66
36
93
108
116
42
58
106
40
93
20
24
42
18
22
23
63
5
11
24
37
38
79
6
89
62
87
34
18
19
22
26
43
52
63
110
25
36
1
56
75
96
27
79
98
119
6
53
69
82
30
51
67
121
133
19
40
74
7
9
10
11
112
42
4
117
27
42
58
107
119
3
20
22
23
25
76
104
125
42
0
10
93
75
67
5
11
117
13
36
101
116
48
51
69
136
34
20
43
103
111
113
118
49
49
102
2
44
127
20
41
105
4
5
9
10
11
112
63
52
69
35
44
114
44
89
122
4
5
9
11
117
28
62
86
87
28
30
35
0
5
23
25
88
0
3
22
23
25
63
29
35
36
116
119
24
37
79
98
0
5
14
21
23
24
25
32
43
44
79
58
123
6
11
82
117
39
48
59
74
134
138
101
116
67
84
94
110
23
34
35
36
0
8
10
11
42
20
22
63
87
124
4
5
6
9
117
6
11
30
117
42
58
101
43
105
111
130
34
13
28
35
114
124
0
7
28
28
34
35
43
75
103
13
67
72
13
83
116
119
126
38
76
6
11
65
69
31
33
106
111
130
37
38
123
68
14
18
3
21
51
27
38
79
116
21
2
29
32
64
90
127
43
106
14
23
57
114
119
2
17
27
68
20
25
37
43
63
15
86
2
44
68
15
86
87
33
58
123
130
0
10
11
24
28
35
114
6
11
117
1
61
99
0
44
64
117
127
127
62
63
70
71
121
128
74
93
135
137
5
6
117
31
31
43
106
137
0
5
6
7
112
117
58
3
22
23
25
63
83
116
119
126
2
14
27
38
46
68
123
27
52
93
138
53
86
87
14
18
5
33
50
52
65
71
82
37
79
123
98
44
73
80
64
84
90
120
6
10
11
30
99
113
53
86
87
105
111
24
32
79
6
69
117
24
43
75
79
98
28
114
119
35
36
108
114
0
4
5
7
9
10
4
5
6
11
15
50
14
22
23
39
43
16
30
137
18
24
25
20
25
43
63
12
33
52
48
74
136
13
119
76
111
52
42
3
21
23
24
63
18
19
4
5
6
9
10
11
82
117
76
2
33
66
90
31
125
34
35
114
34
107
76
105
13
52
97
20
24
43
34
36
108
133
0
9
10
112
31
124
4
5
9
71
1
44
17
46
93
97
133
30
38
76
52
52
39
49
102
134
3
22
23
25
36
30
137
20
97
31
76
2
33
35
116
119
32
27
94
13
37
38
49
102
123
26
34
72
83
116
126
21
88
56
75
130
130
4
5
65
69
71
31
76
22
24
25
98
18
43
19
20
24
79
98
103
104
105
111
125
19
35
108
18
19
27
107
108
9
68
71
94
35
116
126
31
111
125
76
119
24
35
114
116
3
24
25
28
35
83
114
116
119
8
109
0
6
62
82
14
14
20
22
24
38
98
55
121
59
90
19
51
54
74
121
0
33
39
44
62
127
13
116
119
76
104
125
12
15
21
33
44
0
3
21
25
63
5
6
10
30
112
105
130
28
34
78
85
19
35
108
116
119
126
14
31
106
14
37
82
108
117
0
3
20
22
24
25
20
22
24
24
76
105
34
43
20
37
41
73
118
17
32
64
68
90
67
84
126
62
109
126
18
43
52
0
23
36
23
24
25
47
31
44
99
124
128
26
30
34
44
14
131
14
14
18
37
38
0
107
36
41
119
6
11
28
53
82
117
27
37
4
5
6
11
65
14
38
123
58
42
140
29
116
126
34
67
0
6
9
112
117
4
5
33
38
44
92
21
68
81
120
68
120
0
18
47
14
27
44
26
35
108
31
43
76
113
118
43
51
87
37
58
5
18
13
35
72
28
35
114
0
14
22
23
38
0
21
43
38
46
76
123
110
137
22
25
40
12
57
96
34
35
108
114
53
86
73
76
104
105
111
118
24
38
98
5
20
38
13
101
116
42
89
131
76
104
111
21
66
80
31
91
131
20
41
36
107
131
139
63
70
120
64
73
90
118
13
35
37
83
107
116
116
21
44
88
0
34
35
36
107
76
107
41
50
13
83
60
79
14
57
79
98
21
33
44
44
60
64
22
43
130
35
114
67
58
1
29
29
49
102
114
116
13
28
35
108
5
7
10
28
116
0
2
21
33
44
64
90
2
3
20
25
39
51
76
111
130
38
39
140
3
28
63
113
5
6
9
10
82
62
64
87
90
8
37
38
0
2
5
16
45
88
92
1
56
75
27
54
89
17
86
37
57
123
0
18
21
22
22
23
24
25
6
15
53
112
14
18
25
14
17
76
106
111
6
9
28
98
108
0
3
14
23
25
38
108
14
18
23
25
27
33
38
4
6
82
117
124
62
73
101
109
114
119
18
136
5
6
10
11
33
50
56
57
0
2
21
66
44
72
127
0
11
65
3
23
25
24
0
1
21
44
88
2
5
42
28
30
34
38
14
44
128
131
18
22
38
96
114
42
38
68
30
59
118
51
54
44
127
0
14
15
33
71
124
130
14
121
128
77
89
91
38
0
5
14
21
67
101
126
3
23
24
25
32
6
69
13
108
114
0
18
21
23
101
114
15
33
44
127
20
31
104
105
111
20
23
25
96
101
82
6
82
87
39
49
59
74
102
37
43
32
60
52
69
35
107
47
22
23
25
35
36
63
20
43
1
3
51
61
18
88
35
14
27
42
58
98
51
76
105
130
12
33
96
1
39
59
93
19
35
1
3
59
99
27
122
1
6
13
30
72
13
48
93
68
81
20
24
73
76
14
27
37
43
14
24
37
41
98
118
31
33
43
51
58
76
104
111
39
76
0
4
9
10
11
112
33
76
106
20
84
126
18
98
0
2
21
33
44
88
39
49
93
102
106
67
84
21
32
142
3
18
23
25
38
24
0
100
5
6
11
82
117
110
31
73
101
118
42
106
0
2
23
41
62
107
109
3
14
20
25
28
107
114
13
72
83
114
119
15
21
33
53
65
86
14
18
18
22
37
38
0
5
6
9
10
11
112
72
101
40
40
54
55
93
121
133
0
106
134
31
76
76
105
113
118
125
39
73
76
104
111
113
14
18
58
6
13
72
17
39
46
134
45
57
63
80
17
48
138
3
14
18
23
24
43
0
4
5
6
7
9
11
117
124
115
30
62
87
0
22
23
25
30
38
51
103
21
33
44
127
127
4
6
9
30
71
82
117
44
92
104
111
125
3
5
22
23
57
18
19
20
37
47
4
39
49
123
116
18
27
37
37
43
79
26
91
0
18
25
41
30
36
72
62
65
87
122
38
98
65
69
90
58
130
35
90
116
126
51
20
25
14
33
38
113
58
0
7
9
44
64
88
2
15
33
44
56
127
19
26
34
36
107
108
116
13
83
116
86
94
136
76
25
39
49
49
59
63
35
83
108
116
99
113
118
24
25
37
2
56
61
97
100
116
126
20
111
113
42
89
18
22
23
25
21
88
120
40
92
93
0
2
12
21
33
46
74
97
132
137
142
106
20
31
76
103
111
33
38
58
123
34
35
83
35
101
114
31
76
116
126
34
83
99
113
99
111
113
118
128
19
35
36
107
108
5
10
126
23
30
63
70
118
0
47
106
5
38
42
98
19
34
51
54
18
79
28
22
23
41
76
111
0
24
44
127
18
37
41
89
137
27
28
14
22
63
20
24
41
43
17
48
48
138
19
35
107
108
5
6
117
124
3
22
23
106
106
40
54
78
23
35
36
119
0
5
44
88
14
18
27
58
73
85
118
6
32
44
69
117
53
55
121
31
113
131
44
4
11
15
33
124
93
41
43
99
128
45
82
28
64
87
90
12
15
33
96
51
126
2
14
14
18
27
58
67
119
18
41
5
6
11
28
16
53
74
80
88
100
106
106
137
2
12
33
88
14
18
27
79
28
42
56
75
21
45
50
81
82
28
65
23
38
49
63
0
20
22
24
43
28
82
86
35
44
127
41
111
113
43
51
76
99
113
119
19
51
27
15
33
101
116
3
22
23
23
25
49
63
45
57
81
82
73
125
0
2
21
38
41
44
37
73
118
72
53
65
69
8
28
34
36
108
48
93
96
138
138
41
96
28
34
35
36
31
38
76
103
105
96
141
55
121
128
18
37
41
43
73
103
118
6
9
71
82
27
54
18
27
41
43
106
0
4
6
11
25
36
119
31
76
104
111
113
19
108
34
107
116
64
87
117
14
24
32
38
5
27
28
33
44
122
127
18
20
34
51
28
82
85
19
5
44
98
127
31
105
140
0
5
21
88
109
30
86
23
25
30
38
76
1
13
61
5
9
11
30
71
117
13
13
28
35
35
116
119
18
19
124
74
92
93
135
139
8
11
28
65
44
131
131
6
11
117
53
66
95
27
33
42
43
23
25
93
128
19
47
78
85
6
53
82
86
18
67
42
0
21
33
44
88
0
21
44
57
66
14
123
19
108
1
51
125
31
38
103
111
27
42
30
51
62
87
87
5
71
117
1
29
44
18
38
43
53
66
86
21
38
44
64
127
58
123
24
43
47
58
106
89
124
47
57
85
6
62
62
4
5
45
117
110
141
0
45
47
57
66
16
17
97
27
52
94
129
26
107
108
1
56
75
96
0
3
20
23
25
8
11
41
105
111
52
69
72
101
6
53
42
16
30
44
101
35
83
116
119
126
20
41
6
7
82
34
35
13
116
119
0
10
71
22
23
25
35
107
52
86
94
2
15
21
33
80
88
87
39
48
93
134
1
44
64
75
84
127
4
5
33
44
26
54
15
53
104
0
33
58
92
106
105
111
26
36
108
22
24
36
106
31
67
119
5
7
10
11
71
18
22
23
38
74
107
26
91
1
6
11
65
69
96
119
2
14
33
38
58
37
45
57
63
79
110
116
1
21
29
63
121
2
15
32
44
76
108
27
38
14
33
37
38
79
48
74
135
137
5
27
65
86
122
1
21
29
44
26
91
141
68
71
120
44
42
123
106
23
24
13
119
0
2
5
11
21
14
22
38
115
5
33
50
1
21
56
75
76
105
106
111
14
24
98
14
27
38
42
123
3
20
25
0
4
30
45
50
57
66
80
31
101
8
32
99
1
20
23
46
49
59
102
102
23
28
36
14
18
41
106
3
18
24
32
48
138
0
11
28
22
23
37
43
5
33
84
30
32
124
31
31
76
104
111
118
76
125
44
64
78
90
4
11
118
1
96
26
35
126
63
69
70
81
6
69
82
117
3
20
39
48
49
73
125
17
93
138
76
33
99
14
42
14
38
6
11
53
65
82
13
101
116
119
2
18
23
27
33
58
62
87
18
37
79
98
35
116
14
26
37
38
107
107
108
35
72
101
116
30
34
35
68
102
120
47
78
86
87
13
27
34
44
37
38
123
4
7
117
0
4
5
9
117
38
5
52
82
44
46
142
18
26
34
54
107
108
44
64
113
58
106
45
50
57
5
10
28
112
5
82
133
73
76
14
103
13
28
34
114
6
11
20
41
43
106
44
120
13
28
72
114
53
80
39
59
16
67
