80
117
119
34
36
41
76
46
89
5
6
11
13
30
4
28
36
44
73
0
6
9
13
14
18
32
54
14
57
64
141
3
14
25
51
39
55
93
62
44
122
65
73
96
96
118
34
114
96
21
23
33
83
116
22
24
32
14
14
21
23
32
44
54
56
96
130
83
87
103
0
2
15
23
8
76
106
39
40
92
36
116
21
24
44
59
63
106
37
58
127
28
117
0
25
37
38
44
24
48
49
39
72
63
73
80
86
116
39
40
130
134
13
96
118
123
31
41
39
80
16
65
24
25
18
37
65
123
116
11
117
125
117
12
15
33
124
1
5
27
49
7
29
116
14
20
22
24
43
36
105
85
27
34
33
48
62
64
34
114
35
107
108
116
5
83
88
2
3
11
14
18
24
57
58
13
35
107
108
71
71
133
68
110
2
21
23
26
18
25
79
43
54
57
57
5
11
14
24
38
12
33
90
28
96
123
6
82
110
21
81
116
73
85
30
38
137
5
6
13
49
105
117
124
127
20
47
33
71
1
6
8
79
42
124
84
14
98
123
23
29
38
67
126
138
0
21
23
25
14
18
58
106
5
11
18
22
30
76
98
111
119
130
32
36
24
98
138
6
12
30
68
1
29
75
81
82
102
109
35
96
105
116
14
19
58
62
2
139
42
42
108
107
12
33
79
0
17
21
74
92
130
18
21
51
56
63
102
20
24
43
47
74
91
136
137
4
32
0
34
42
56
101
14
38
42
123
34
35
51
58
51
52
101
76
104
105
106
49
96
116
119
121
5
27
33
73
124
31
20
21
102
58
87
24
37
42
108
0
4
5
9
10
13
28
105
6
9
10
11
118
27
63
44
90
63
138
13
83
14
38
79
63
90
20
38
103
0
27
44
66
105
117
13
37
18
22
38
39
54
31
41
91
116
126
127
6
13
65
69
35
105
114
117
94
106
24
41
14
24
38
123
23
49
72
122
2
100
0
28
29
37
59
63
81
82
15
15
33
59
11
20
31
41
83
101
6
7
10
11
69
0
14
23
27
30
33
101
31
41
3
27
33
43
58
33
68
69
78
88
39
99
135
27
48
59
6
22
44
82
82
18
58
101
21
51
31
43
106
90
117
7
13
35
114
116
123
8
83
31
76
16
127
20
22
24
25
67
116
12
128
3
22
23
25
63
14
88
131
39
45
47
28
35
27
56
98
46
54
55
92
128
134
138
11
22
23
32
63
5
19
34
2
14
17
21
33
106
2
64
65
65
6
117
22
24
44
17
54
121
7
116
117
18
41
111
34
36
42
34
36
98
107
108
76
112
4
11
12
44
117
111
128
21
52
71
6
11
13
62
63
93
17
32
51
99
76
119
125
22
23
34
42
109
116
20
23
24
19
99
1
22
25
27
44
0
6
10
37
28
62
114
116
119
126
86
93
122
4
5
7
10
36
123
3
25
38
97
121
0
11
14
26
31
76
104
106
113
119
14
27
0
35
44
24
44
82
23
33
37
41
34
35
36
57
108
116
16
119
127
4
34
36
45
102
30
87
104
118
8
10
11
103
138
0
7
111
35
114
50
52
19
71
114
28
35
105
116
34
42
5
33
99
122
42
57
101
39
41
76
59
74
87
121
127
27
32
123
6
8
12
117
29
14
18
2
17
33
58
64
33
52
65
69
5
14
98
12
51
63
23
28
35
114
116
4
16
23
30
49
56
34
123
31
52
28
114
13
35
107
67
69
126
0
21
23
25
97
19
35
108
116
52
104
23
34
6
12
90
5
6
10
118
13
35
116
27
63
81
22
35
42
108
34
123
18
24
41
43
44
3
14
18
32
4
7
60
22
51
82
72
38
35
45
116
33
38
92
49
65
2
21
44
111
0
2
26
27
122
19
101
116
94
122
28
33
52
69
93
122
28
34
58
142
79
124
33
44
49
82
126
4
72
35
114
119
65
9
10
37
118
23
29
57
0
3
23
25
28
44
82
2
33
64
53
86
23
35
105
18
19
38
24
25
27
43
51
28
86
93
14
45
59
0
18
22
22
23
25
44
14
18
14
18
41
58
26
63
75
110
117
107
62
123
20
25
74
111
24
26
68
4
39
76
99
127
24
36
76
104
106
106
119
106
119
5
11
125
42
102
5
23
26
43
82
0
6
10
11
112
8
31
40
41
131
0
5
6
6
9
11
37
91
99
28
85
52
22
54
55
45
67
74
74
135
4
6
50
63
126
14
31
38
41
18
25
27
14
18
37
51
29
64
69
82
6
9
82
3
24
25
44
39
47
63
127
13
30
82
75
79
1
1
3
5
20
37
5
10
118
0
9
10
117
118
11
14
43
5
14
38
58
73
83
105
113
8
30
71
96
117
2
42
74
111
44
57
101
18
20
25
27
14
33
44
106
31
76
104
112
12
33
99
76
104
119
0
5
6
9
50
23
38
133
13
83
116
116
119
22
87
72
122
94
100
0
5
11
27
30
98
31
43
106
111
113
16
30
30
65
87
4
39
50
74
88
137
3
11
20
22
38
98
1
48
59
74
138
23
72
84
96
0
4
6
7
9
124
24
25
93
20
31
43
111
113
31
73
86
35
35
49
105
116
6
81
89
20
76
106
39
48
51
1
47
54
18
38
43
51
76
98
0
3
18
128
38
45
56
19
33
38
92
18
19
65
116
126
1
6
93
125
28
31
98
14
38
98
20
21
25
142
6
7
10
37
19
36
108
73
80
17
23
84
92
109
28
38
5
15
0
1
20
22
23
24
25
36
5
66
89
90
33
51
69
123
107
76
87
113
3
23
33
58
5
6
9
30
37
45
53
65
86
86
93
118
34
126
101
85
23
33
109
87
114
140
8
9
10
37
3
67
88
99
121
0
5
6
28
37
42
56
29
102
72
7
76
5
6
11
63
72
124
18
42
123
18
42
56
108
0
3
5
59
26
1
53
31
106
125
18
33
44
51
58
114
140
14
18
23
24
51
1
6
28
37
117
0
5
8
10
11
14
18
32
38
28
105
46
97
0
2
5
66
68
79
0
5
58
123
3
18
25
43
44
18
23
110
76
104
111
113
68
77
44
126
58
43
86
31
76
106
113
118
25
27
48
50
63
4
7
9
11
28
90
117
4
6
37
117
52
64
13
35
108
116
28
36
110
37
101
53
131
22
63
121
20
31
41
27
98
102
89
141
71
116
0
18
41
46
97
52
76
83
111
125
68
107
108
35
4
6
13
43
119
70
93
3
62
93
33
71
99
14
28
82
13
108
44
31
113
0
14
18
21
23
27
38
44
26
30
140
89
0
5
6
10
98
24
40
43
111
28
34
35
35
114
50
69
96
0
1
3
130
5
6
9
13
28
82
5
48
107
116
20
41
41
119
31
76
116
119
14
37
56
107
2
5
33
111
27
87
28
62
86
114
63
94
2
21
21
33
38
38
42
37
101
31
76
119
24
36
44
57
108
76
113
58
106
137
4
5
117
118
39
93
121
137
139
140
111
35
101
116
56
3
86
95
20
105
106
45
63
66
127
20
22
40
54
111
3
22
107
1
5
6
9
11
13
0
3
17
33
90
96
18
25
42
44
14
18
22
23
38
5
10
28
117
31
76
106
31
76
104
119
20
22
25
27
43
44
117
35
108
23
26
5
9
125
35
71
107
6
11
28
5
9
15
87
125
14
51
14
18
22
23
25
19
31
76
27
44
73
21
122
19
21
108
31
76
21
33
42
106
10
11
30
83
112
3
24
4
11
14
18
22
38
42
97
21
71
5
11
14
18
79
73
78
82
95
0
6
11
83
117
11
20
21
43
24
11
18
25
82
60
2
21
33
44
46
67
67
87
110
32
98
36
56
5
6
9
15
30
37
62
0
5
9
10
23
30
5
59
74
127
26
33
79
81
6
65
82
93
8
28
14
50
79
101
116
118
21
80
121
123
24
41
43
103
6
82
112
21
82
130
56
64
102
121
130
58
27
87
44
63
63
64
67
68
131
5
6
13
30
3
14
18
20
37
20
31
52
76
83
113
14
18
24
123
1
86
94
49
53
57
71
75
88
99
5
14
30
98
25
34
36
108
17
40
106
101
99
5
30
33
44
90
34
36
17
33
44
71
0
38
44
57
70
5
33
61
97
137
18
22
44
111
36
62
41
76
106
119
31
112
28
20
41
55
3
22
28
35
36
36
44
38
38
101
6
72
73
73
7
35
62
96
101
114
116
119
85
129
1
18
57
0
72
73
83
0
18
21
22
24
43
5
38
39
130
28
105
14
18
33
20
23
34
35
116
117
86
93
28
34
42
14
21
58
123
69
112
57
0
2
33
33
41
69
76
36
44
63
13
28
37
14
41
62
69
99
126
131
98
101
35
49
105
114
116
117
19
35
42
113
38
58
107
123
38
31
105
113
125
106
32
131
13
35
114
23
34
116
65
14
27
33
58
107
12
53
99
11
18
47
11
19
38
51
15
128
0
4
5
9
10
15
7
120
28
114
117
17
26
45
47
138
0
3
29
111
53
76
105
18
97
14
32
37
89
107
61
68
41
111
22
23
27
67
30
34
35
82
83
108
11
20
24
25
28
34
35
67
71
116
130
68
69
35
44
5
6
9
12
30
37
0
3
14
33
128
5
6
9
13
32
41
127
4
5
21
72
73
39
67
82
25
27
44
128
20
25
31
41
43
43
76
111
4
29
41
51
97
13
35
116
116
126
18
37
38
43
3
32
42
92
108
72
88
31
76
103
104
0
5
9
112
48
34
42
47
68
108
104
106
112
0
21
24
35
37
50
53
88
132
136
31
81
43
107
27
38
76
104
112
2
14
58
6
9
10
11
13
30
4
5
14
33
38
44
71
90
24
76
89
0
6
10
16
63
118
126
24
107
2
23
40
102
127
128
106
53
72
73
6
15
117
3
19
0
14
37
0
6
9
13
82
117
109
136
1
54
84
120
29
68
100
1
49
50
74
0
14
18
21
3
36
31
76
111
26
44
62
123
126
11
14
38
33
69
6
11
12
13
28
44
96
27
28
19
32
108
28
35
44
114
33
39
67
0
25
44
42
99
15
57
64
34
44
107
116
31
76
104
119
56
81
5
125
0
22
23
24
25
36
48
76
6
12
13
48
51
75
136
1
6
12
35
116
126
73
103
106
113
35
3
20
25
29
44
48
1
6
7
23
72
93
53
86
88
97
114
123
29
48
75
130
1
4
5
13
45
59
4
38
45
98
123
0
3
17
39
41
47
67
93
33
64
90
142
130
44
54
63
64
65
16
50
124
130
5
9
13
30
37
118
24
26
123
1
110
11
22
24
25
38
0
8
28
1
30
53
102
136
137
13
15
33
37
56
62
124
0
25
43
88
121
36
49
67
74
134
28
98
105
77
140
4
59
70
72
73
83
12
44
49
64
82
52
46
46
53
74
5
10
96
58
5
10
124
0
3
18
22
23
25
30
22
25
44
82
11
58
107
2
5
17
30
44
60
137
5
6
117
35
114
119
4
21
31
33
87
11
53
75
121
107
108
111
67
75
82
68
84
120
1
27
86
99
35
36
119
92
110
5
6
9
10
37
131
31
76
105
14
23
78
23
122
124
27
87
90
101
124
20
24
25
36
58
37
52
111
114
116
41
31
104
106
31
51
103
106
63
97
117
130
35
101
108
72
88
99
122
20
27
82
37
42
57
54
127
18
111
136
48
73
114
117
123
13
44
63
27
44
82
126
131
68
1
14
21
25
27
45
56
5
9
15
30
30
37
118
58
18
37
74
76
5
41
89
23
34
124
50
53
135
93
102
107
79
84
94
102
0
5
6
10
30
125
40
134
138
8
14
33
37
41
43
19
35
107
98
37
38
33
44
64
41
113
73
0
23
33
72
34
101
108
56
108
36
101
117
37
108
123
76
103
105
35
63
90
99
128
58
116
130
126
64
67
82
31
113
0
5
11
21
43
44
15
23
20
63
21
28
69
71
90
20
24
25
43
24
43
51
107
111
21
41
46
67
31
23
63
89
85
118
53
134
138
20
24
25
9
15
30
2
23
34
96
0
5
12
14
30
117
31
76
5
62
5
6
11
30
63
20
125
23
47
100
40
52
88
90
93
99
117
129
25
44
87
20
107
35
49
93
30
97
0
1
27
83
11
14
38
0
3
18
88
123
53
59
75
75
20
31
104
105
106
111
111
5
6
9
30
117
77
92
21
62
138
65
13
15
120
7
104
142
66
102
14
18
79
0
5
44
62
69
31
38
105
56
66
124
64
69
10
28
112
34
79
1
11
14
18
38
51
4
4
5
9
10
37
71
22
23
27
49
14
41
41
25
63
93
108
114
116
119
106
3
32
33
59
79
16
23
96
130
7
30
52
73
76
111
1
101
7
126
114
34
98
3
14
20
21
22
25
44
14
23
37
38
60
89
28
82
99
5
23
29
65
82
0
2
21
23
24
25
43
105
114
14
41
104
111
11
22
23
24
27
38
20
38
98
73
85
111
22
25
28
35
36
44
28
34
35
50
63
99
118
0
2
3
5
15
33
38
39
49
63
79
35
35
107
117
18
47
11
13
101
124
56
98
54
101
0
5
27
14
37
68
21
127
38
42
123
0
4
32
14
18
43
19
116
6
13
69
86
18
31
87
21
36
47
111
62
5
42
57
0
14
58
69
52
53
87
25
82
34
31
119
13
48
82
34
35
36
42
42
18
21
41
41
35
64
116
118
0
2
3
5
17
23
73
104
111
119
98
105
107
108
24
26
27
107
31
38
45
56
92
98
123
23
91
128
137
0
2
21
14
40
137
18
20
21
22
23
25
98
104
105
0
5
6
9
11
62
83
117
71
92
34
1
99
63
78
120
117
119
38
76
5
28
51
73
118
87
121
76
111
111
113
119
3
79
128
22
23
44
111
42
116
31
83
106
1
13
52
53
53
71
7
19
29
96
105
116
20
31
43
111
14
37
38
87
104
105
0
4
5
9
10
64
48
68
94
8
4
5
83
84
116
127
57
82
102
142
0
10
24
37
5
6
117
118
13
28
114
18
97
18
23
106
73
124
61
40
70
75
18
27
68
4
6
8
10
18
106
18
98
29
63
13
28
35
36
63
71
114
12
56
3
4
5
14
23
25
30
37
38
44
38
68
98
106
137
28
136
68
52
62
55
121
132
136
64
108
13
96
116
2
59
130
18
24
26
2
26
40
61
43
111
113
119
14
38
108
123
28
28
35
83
114
9
52
83
1
78
94
52
106
105
65
14
18
34
28
5
6
11
30
57
30
49
87
105
6
12
28
37
52
124
126
53
45
63
93
138
3
61
13
138
27
60
84
94
20
41
103
4
35
36
116
80
94
109
46
58
20
24
25
47
63
14
18
38
19
36
58
17
113
0
3
5
23
25
33
52
86
99
35
36
108
14
103
1
20
23
39
50
59
130
3
52
79
88
113
13
35
83
116
116
43
48
88
21
51
15
66
73
86
93
120
6
37
65
82
19
6
28
83
6
82
117
0
3
36
41
19
48
137
138
5
33
64
4
41
52
89
127
39
45
101
5
44
118
1
11
22
99
1
25
133
7
111
111
119
39
45
136
137
3
58
114
14
18
19
26
37
43
21
22
24
24
26
57
31
76
106
113
34
35
108
123
36
119
70
112
38
101
31
76
118
31
76
105
22
23
25
35
36
36
42
11
15
73
99
18
20
43
38
76
106
4
10
125
0
4
5
9
44
65
83
99
127
106
113
119
31
76
104
106
119
7
96
105
116
5
6
10
11
28
117
4
71
98
38
76
119
5
52
83
46
53
142
121
22
37
93
104
125
62
91
5
22
23
38
34
107
112
14
18
23
38
57
79
14
18
37
38
123
3
14
22
26
58
27
35
79
107
118
23
28
35
117
98
38
41
15
72
116
117
86
99
115
7
10
11
2
18
25
27
2
5
12
23
27
33
73
90
73
86
21
22
25
36
44
126
4
44
63
90
14
57
114
5
6
37
72
45
49
60
126
11
18
41
43
14
51
76
39
53
54
127
12
56
72
3
20
23
25
8
76
104
106
4
32
57
101
65
56
58
34
36
108
116
117
5
24
37
68
21
43
106
81
139
35
116
41
43
58
76
43
87
98
76
104
106
119
20
43
106
111
98
113
0
33
48
84
20
22
23
24
25
34
43
60
68
44
67
133
141
20
24
111
0
29
29
33
44
130
4
18
57
98
0
1
21
62
64
83
128
140
76
98
0
4
5
6
9
13
18
23
39
67
3
57
103
0
2
33
58
31
119
20
25
27
44
111
14
38
42
98
117
119
4
5
6
82
86
124
124
4
5
9
83
26
82
87
89
114
31
76
105
106
14
18
22
24
14
33
38
58
71
78
5
24
74
31
48
53
54
0
5
13
30
112
23
106
115
5
9
11
117
11
98
125
19
38
107
43
75
123
20
22
23
25
14
18
22
24
25
26
42
58
53
86
87
115
18
91
3
20
43
74
82
130
11
26
47
57
52
32
68
31
41
76
104
113
28
30
36
7
31
41
76
104
112
113
3
23
54
34
35
48
74
75
75
0
2
5
27
27
44
44
14
33
58
101
0
2
14
33
42
5
30
48
49
50
71
14
18
22
23
38
11
18
24
43
0
14
22
25
44
4
65
20
53
18
33
41
106
14
18
43
106
111
52
86
38
89
132
8
41
76
104
119
93
76
113
0
5
9
17
39
82
93
134
36
59
31
41
76
104
105
111
55
74
121
101
116
19
34
36
45
74
75
82
36
43
25
35
44
13
35
101
3
14
38
108
20
24
43
51
56
87
98
111
60
120
76
20
22
24
43
11
117
26
103
107
36
93
0
2
5
27
117
14
18
38
34
44
6
118
82
82
87
100
124
1
70
125
1
22
25
32
51
79
127
67
0
4
5
9
13
79
90
127
57
61
130
131
22
24
25
27
11
13
19
35
107
116
73
74
25
39
44
45
46
74
16
20
32
43
51
118
28
34
34
35
108
15
28
86
5
20
49
35
18
22
30
38
77
91
28
42
7
51
60
113
128
138
27
85
100
106
110
139
112
19
108
8
103
111
0
3
44
66
31
76
119
7
80
58
19
33
38
92
114
117
119
21
22
23
43
63
74
5
14
47
78
111
24
32
102
17
59
74
121
14
18
23
33
88
11
14
38
43
1
20
22
22
25
44
44
140
23
29
51
56
61
64
120
22
23
24
25
63
99
35
114
14
27
53
66
70
74
128
136
11
14
18
38
20
43
103
34
42
108
6
63
110
0
5
10
37
27
38
32
32
108
19
38
76
108
35
56
1
93
51
73
113
118
19
68
11
15
8
76
104
103
106
27
80
1
6
9
11
31
104
105
111
1
53
74
138
114
18
37
58
107
33
41
76
87
15
33
79
87
124
126
126
28
0
24
51
58
111
93
17
76
104
58
103
24
25
44
0
4
5
30
33
44
108
36
107
108
114
23
30
35
90
96
17
21
33
44
69
35
83
119
0
4
20
24
41
43
105
18
21
23
58
67
2
126
29
53
138
20
96
6
7
13
30
34
35
35
36
14
58
96
116
118
0
20
22
25
3
61
85
88
93
136
53
136
0
5
6
125
99
3
51
107
1
21
51
28
34
34
35
35
114
20
43
53
20
24
37
110
14
23
26
79
6
8
13
30
21
28
41
100
128
14
21
33
74
92
25
111
125
80
88
92
93
132
19
36
13
35
101
107
116
119
28
52
38
106
72
105
116
29
105
20
43
44
75
107
13
64
116
118
119
0
2
3
14
18
20
22
41
0
5
33
37
56
126
85
87
1
44
65
5
30
46
5
33
124
87
103
105
113
14
18
18
22
25
27
38
101
7
37
111
79
110
87
6
62
82
90
39
47
127
20
43
99
42
117
31
90
76
76
105
111
113
37
41
51
125
3
12
33
96
72
86
1
44
45
109
135
0
5
44
128
137
117
14
22
25
106
78
79
133
32
37
68
3
52
66
86
124
3
22
23
33
43
14
33
38
90
22
25
27
44
14
22
22
24
51
133
21
93
135
5
7
30
31
76
104
24
74
102
135
37
51
68
69
101
14
18
4
50
68
100
21
6
37
117
125
50
53
79
80
90
110
142
23
24
25
27
0
5
9
10
37
112
112
19
35
36
107
108
8
105
106
0
18
43
106
130
2
23
26
33
72
128
99
112
76
105
112
20
22
25
38
14
18
19
42
58
114
3
44
66
38
50
58
35
108
114
31
98
103
38
46
76
111
26
123
45
63
64
69
133
93
111
128
43
107
31
38
103
43
46
76
5
7
52
105
114
117
71
