8
8
65
65
72
90
18
69
84
114
115
15
90
121
142
20
27
42
45
49
1
13
24
31
65
0
44
85
97
3
5
11
134
139
1
12
33
46
107
120
136
37
40
71
89
90
121
126
134
42
140
46
92
92
77
139
64
81
105
3
73
90
125
131
85
16
18
87
94
46
48
32
91
119
121
28
50
63
7
36
26
52
0
21
37
66
80
16
17
93
6
23
62
116
18
99
141
71
119
126
101
14
22
26
52
102
35
44
58
60
102
136
9
44
130
4
38
34
65
8
40
75
25
58
107
7
8
57
66
49
58
5
14
44
77
80
108
14
31
19
26
36
92
134
25
79
110
114
8
22
56
96
121
138
120
24
31
57
59
70
91
59
107
116
28
52
68
70
85
90
84
11
129
70
113
37
48
58
86
97
110
13
35
76
18
44
48
76
121
22
82
19
12
15
82
83
68
77
77
89
25
82
97
10
18
7
45
65
69
76
100
19
138
14
21
63
116
28
29
35
41
78
91
134
16
19
28
117
135
135
137
142
37
77
105
9
50
58
31
62
3
11
37
69
111
75
110
13
34
35
46
50
73
79
24
114
132
60
89
48
56
40
46
98
102
134
20
21
42
47
75
93
140
62
65
124
132
133
65
67
83
83
105
132
41
61
20
49
9
51
77
135
28
40
73
93
128
71
107
16
105
97
100
129
137
26
56
59
108
124
70
12
82
118
123
23
31
28
50
59
112
67
18
60
82
31
37
79
98
73
23
61
123
55
102
9
88
122
43
19
26
27
42
43
123
54
68
86
99
108
122
137
39
20
66
112
31
48
131
90
109
40
89
127
18
38
39
40
61
117
135
138
22
36
98
5
49
62
64
142
30
50
112
130
138
139
25
54
61
95
134
29
69
66
124
136
1
45
95
122
129
86
129
138
0
59
132
21
39
48
59
13
22
37
73
133
1
90
108
112
140
36
55
91
140
9
9
20
37
55
95
115
118
66
109
114
122
127
5
7
11
21
58
132
22
45
51
59
12
74
19
81
109
3
47
125
136
4
19
49
112
116
128
76
4
112
126
22
24
25
75
91
103
6
23
0
7
40
122
79
83
93
99
103
106
129
32
58
86
129
31
3
13
34
75
122
123
26
46
135
16
26
28
36
66
102
108
31
92
101
47
93
138
12
69
97
105
20
81
113
58
92
107
140
22
66
81
123
78
31
93
114
86
110
119
1
29
33
106
12
24
77
8
10
108
19
25
36
59
39
40
88
107
107
118
41
46
61
132
134
40
72
84
132
50
55
63
72
106
128
1
10
45
60
64
119
136
28
118
120
135
35
53
58
46
78
107
129
129
4
43
142
15
41
46
47
113
52
77
77
121
133
35
41
55
39
51
57
102
131
29
63
66
79
37
119
85
125
4
10
19
22
25
126
62
47
128
81
14
22
129
141
6
123
130
12
85
12
16
59
82
119
125
129
68
101
130
68
106
109
32
113
11
126
7
13
21
53
60
130
119
78
84
104
104
2
39
71
35
62
69
132
31
62
120
37
65
45
90
101
131
141
26
36
97
115
129
133
39
51
91
98
10
90
102
5
134
140
31
23
58
88
108
13
38
125
137
82
101
6
63
85
137
37
84
12
86
78
1
7
118
29
57
2
20
1
99
11
59
23
29
33
116
14
38
58
65
102
139
16
78
19
53
63
110
0
9
38
17
103
115
2
8
33
49
66
140
9
14
49
68
76
119
52
78
80
3
11
52
122
83
14
57
8
25
54
65
84
88
81
81
82
114
123
135
102
141
67
10
84
103
125
126
130
22
127
134
13
126
142
35
20
48
82
106
20
33
126
35
138
0
21
56
139
3
42
59
48
86
88
125
44
52
79
99
142
2
25
48
53
74
128
133
138
1
78
113
5
13
41
69
114
40
72
73
55
113
121
118
62
94
117
122
15
24
96
1
33
48
68
42
73
83
64
62
32
125
7
53
102
99
142
44
87
105
109
120
46
68
139
22
40
88
101
125
7
10
105
111
1
87
56
80
114
126
8
46
55
93
97
111
126
40
73
75
5
62
65
73
18
29
64
93
94
139
94
100
106
74
79
80
14
21
42
72
44
44
130
103
1
20
47
71
142
16
29
32
70
83
109
114
53
109
121
4
36
76
103
121
31
57
28
43
70
98
101
109
55
114
16
114
131
133
8
80
41
109
59
137
3
72
36
66
103
55
70
76
139
19
3
34
66
66
96
60
65
112
125
137
44
77
86
109
28
45
6
44
70
88
96
136
3
5
16
20
43
86
86
131
47
78
116
25
26
61
84
7
63
96
8
11
19
22
25
40
107
22
73
120
108
132
35
45
49
116
21
30
45
45
49
60
86
114
140
2
45
63
87
95
115
137
28
28
57
79
137
45
50
52
68
54
90
18
33
77
92
125
127
81
127
112
57
38
73
116
116
121
64
78
142
31
73
123
61
118
2
14
26
56
101
17
40
124
105
7
43
66
68
27
46
49
142
58
75
109
113
99
100
83
127
9
52
107
16
59
88
96
38
130
139
37
77
50
24
51
74
100
129
75
90
18
55
89
81
114
22
71
135
42
44
82
10
81
111
140
11
37
80
28
89
5
111
117
134
40
40
47
8
29
39
40
45
76
115
121
41
126
20
72
122
15
28
62
67
68
91
95
108
123
6
17
18
30
38
86
83
108
11
81
105
141
72
79
140
23
30
91
92
102
105
5
131
10
32
70
83
5
76
128
136
19
65
103
131
69
128
4
6
41
54
69
100
102
106
131
88
138
57
88
90
30
94
117
17
72
105
119
7
13
18
22
24
79
4
27
117
9
80
90
132
3
17
25
29
88
96
118
132
134
91
122
10
13
61
115
63
100
130
85
115
50
57
109
136
88
19
22
30
47
99
116
118
59
70
11
17
123
25
13
20
23
121
132
133
49
106
136
131
56
104
121
40
75
61
5
6
45
106
0
18
19
92
102
120
2
28
46
5
88
122
4
57
58
92
98
120
142
30
73
111
89
90
105
93
138
58
6
52
52
63
112
118
129
54
121
121
65
21
53
76
25
32
60
84
117
120
7
57
62
71
88
100
141
8
11
24
43
65
72
85
91
91
103
128
35
48
64
0
5
28
104
117
1
41
60
108
111
122
141
69
78
93
111
142
6
93
126
22
53
89
96
132
22
23
108
14
15
21
82
83
115
31
102
126
135
10
79
134
4
39
73
84
88
136
23
31
65
74
118
2
72
98
100
101
103
116
125
32
51
120
133
138
47
72
112
64
92
116
6
114
137
92
94
99
22
23
68
73
88
101
105
10
122
142
18
30
107
7
32
39
58
61
65
102
134
136
100
30
48
80
79
85
108
93
14
5
90
23
36
42
68
77
115
51
84
11
48
82
82
119
130
32
104
122
120
137
19
60
113
130
10
15
29
82
12
48
118
7
30
54
96
130
138
5
33
47
98
36
72
134
2
4
53
71
86
22
31
49
90
30
82
128
20
56
86
47
107
7
45
68
96
71
87
101
9
105
33
60
130
131
17
29
34
68
72
81
102
13
79
110
71
110
32
69
42
98
21
99
112
29
66
82
56
60
103
107
112
55
73
5
10
23
113
24
82
103
4
28
89
97
123
4
35
49
70
49
81
102
86
120
37
47
78
130
76
38
78
127
139
86
87
108
130
36
36
37
43
91
141
40
86
105
133
136
69
95
112
118
121
17
26
58
88
90
25
72
76
137
79
18
58
73
134
141
14
34
140
97
141
8
17
29
79
135
140
23
131
132
142
20
86
88
120
44
54
75
134
12
57
63
108
142
1
2
59
28
47
56
85
94
139
43
0
30
35
105
62
71
94
104
16
51
68
127
69
80
96
105
106
102
26
35
54
121
11
35
84
132
18
98
114
119
6
14
30
91
110
26
124
79
110
113
122
25
31
44
78
135
23
40
41
63
80
84
98
55
82
87
120
121
142
6
56
125
45
108
115
87
128
135
21
76
78
98
0
23
102
24
39
44
100
106
3
26
33
111
131
43
53
67
131
23
67
30
35
40
66
90
117
135
3
28
67
14
28
41
58
60
62
80
92
34
6
72
82
34
1
86
101
75
85
126
140
30
106
52
132
12
19
43
79
81
13
72
82
94
2
57
67
141
93
108
125
8
38
45
74
107
119
23
31
52
80
101
130
140
34
12
100
16
29
38
125
14
119
126
136
29
82
25
31
87
3
60
75
50
53
55
114
16
20
88
119
6
77
81
100
11
29
31
25
83
5
34
5
98
130
66
87
22
24
40
122
40
92
62
137
15
104
112
140
36
100
139
67
128
94
96
34
35
110
119
15
30
31
33
128
14
61
81
88
90
104
112
113
27
52
78
111
103
118
8
37
112
138
88
138
17
46
56
68
4
24
90
91
40
81
91
109
0
56
79
10
98
18
22
23
100
123
128
80
100
75
94
120
123
14
78
136
50
78
125
102
133
141
43
48
56
72
85
94
124
46
28
75
109
3
41
50
6
109
134
80
111
2
13
104
13
37
45
45
105
121
58
92
140
78
36
54
119
17
19
140
11
101
10
11
73
115
7
77
97
3
24
75
114
2
35
55
124
54
90
95
12
83
107
124
49
35
81
122
137
83
69
90
132
0
46
62
98
85
117
119
24
73
104
17
57
90
91
116
124
65
96
125
12
19
85
139
35
93
94
105
10
46
55
71
95
108
114
35
123
67
109
6
10
0
35
59
106
141
25
62
118
140
53
99
131
142
7
18
41
97
129
57
60
70
118
6
65
78
120
40
88
106
7
33
40
79
101
129
6
42
16
95
134
71
103
130
22
74
100
106
139
21
95
58
130
68
81
85
4
63
84
43
65
72
32
53
103
104
107
10
25
65
110
20
30
136
58
113
136
137
33
57
90
107
59
45
20
37
63
127
71
113
139
37
91
112
11
84
116
26
39
89
101
111
64
99
123
128
129
5
16
19
45
6
44
125
15
19
119
0
44
47
65
109
131
133
48
81
23
34
41
133
95
138
94
86
12
112
23
63
38
57
127
139
42
54
100
1
6
47
78
118
130
2
65
98
131
18
37
61
90
104
108
117
54
4
30
38
111
83
78
105
123
6
36
64
32
41
52
127
26
58
108
1
9
27
84
112
115
37
45
141
81
105
10
100
23
54
119
120
63
69
59
11
21
23
40
142
30
44
112
131
140
15
46
64
78
94
76
130
138
109
48
72
97
115
4
14
10
19
58
72
98
126
30
74
109
115
129
57
19
114
125
141
4
134
51
131
137
74
80
121
31
126
28
69
141
84
107
112
128
74
89
71
135
29
123
10
18
5
8
23
34
115
30
104
130
11
51
55
132
141
53
142
71
117
16
95
96
98
8
141
50
72
96
46
49
112
138
11
28
38
112
38
53
81
99
106
118
128
141
36
120
123
140
63
0
6
12
85
93
17
35
45
141
2
77
68
129
58
131
96
99
105
108
23
36
48
66
81
124
126
111
135
18
67
125
100
3
52
32
34
56
77
107
74
95
5
75
129
37
123
140
102
141
57
116
15
102
13
31
53
70
113
120
138
37
45
90
104
124
138
73
113
7
129
115
120
18
123
132
16
120
26
30
53
85
86
99
10
43
141
6
25
36
92
29
65
88
100
136
138
20
71
91
108
123
21
49
94
40
79
95
15
83
129
65
69
115
120
4
41
93
99
104
115
16
46
73
87
106
142
18
85
4
34
82
138
17
69
132
73
109
17
34
61
72
75
79
81
84
128
139
103
114
75
75
105
141
26
129
2
21
53
67
109
33
101
16
36
50
99
10
69
80
129
1
14
40
104
114
114
35
73
111
78
78
105
136
104
12
46
74
95
142
142
29
38
52
80
93
137
42
56
73
100
138
41
55
64
86
101
106
129
25
68
69
90
111
18
31
47
50
64
128
134
95
115
23
68
70
8
113
137
11
28
107
127
79
119
129
83
16
93
93
101
103
47
51
29
37
62
7
44
50
73
109
120
123
139
121
99
142
37
110
1
14
95
127
50
2
60
131
137
101
101
138
47
141
93
23
36
54
48
46
103
21
25
45
127
1
16
137
43
14
23
32
103
132
42
90
17
74
77
88
38
47
120
122
140
142
119
64
130
34
41
77
29
57
70
74
31
45
38
87
129
139
140
34
47
47
0
23
24
43
84
2
64
90
1
17
44
95
96
18
101
102
112
113
128
36
62
85
3
45
70
132
140
34
77
132
100
118
121
131
7
18
44
50
51
72
104
10
80
125
127
133
47
104
29
13
36
51
87
132
41
126
7
13
40
87
97
100
37
44
130
6
49
58
80
87
87
112
51
65
137
0
70
70
104
124
136
76
119
139
34
69
136
30
126
72
93
104
117
128
28
68
80
12
132
66
130
71
8
22
111
129
131
58
90
8
25
65
99
116
75
10
85
19
29
35
76
122
42
51
74
100
48
95
122
23
46
63
73
103
5
68
70
98
123
27
45
51
62
120
134
32
81
103
38
51
102
58
88
60
107
114
38
98
8
104
16
23
71
102
105
80
106
0
27
53
98
121
78
123
31
110
133
32
40
112
109
6
8
43
139
5
25
139
60
76
83
55
21
53
112
114
7
46
84
102
25
36
94
126
43
87
63
13
26
45
83
95
140
4
5
13
130
135
74
137
15
60
110
4
6
8
41
45
95
112
59
60
114
131
64
122
50
69
128
131
109
14
1
4
42
47
56
44
49
110
134
79
94
54
89
100
100
62
101
81
52
58
80
106
137
0
3
50
67
108
120
139
60
65
102
122
139
139
87
114
6
54
74
116
0
60
82
93
139
60
61
74
88
46
103
126
95
122
83
93
126
33
59
98
4
27
38
41
53
93
7
11
61
64
98
32
32
50
63
71
80
58
88
51
76
128
72
138
16
48
53
120
121
132
10
26
32
63
127
37
127
141
113
121
97
108
115
51
57
87
99
1
5
9
19
51
69
26
103
111
126
63
120
121
20
60
74
86
22
6
49
74
75
112
17
36
56
101
108
30
63
69
139
137
33
93
93
106
133
38
44
87
109
42
82
95
108
64
68
79
86
91
132
14
38
86
90
114
128
103
126
8
77
112
21
63
73
83
13
22
31
72
133
9
35
33
100
109
136
6
91
123
0
11
50
10
70
116
131
21
17
38
52
61
72
9
66
8
8
29
31
96
3
7
17
69
118
33
34
34
46
49
74
130
125
26
18
84
32
32
46
58
92
103
135
16
115
36
44
107
133
1
10
123
6
37
132
29
43
46
77
95
14
117
138
6
24
114
47
54
73
3
37
65
90
93
103
105
119
16
38
121
75
46
51
70
70
103
84
118
58
58
60
103
112
95
102
4
26
138
17
82
120
81
95
49
86
120
15
34
73
84
101
115
136
29
88
113
48
64
66
84
5
36
120
138
32
54
9
29
37
104
130
137
71
22
25
111
141
105
93
97
125
134
16
86
115
123
43
48
66
81
98
115
22
26
74
77
120
37
76
76
118
1
7
33
82
88
95
127
133
115
120
131
18
84
113
123
29
44
89
38
60
79
98
8
18
30
30
58
58
70
130
16
95
28
58
62
95
15
45
118
119
118
81
13
32
34
77
78
91
117
128
16
103
134
2
5
19
139
27
69
132
140
68
103
37
95
116
42
54
57
129
3
20
49
81
17
39
68
97
121
123
134
0
1
20
30
82
84
89
2
16
24
65
7
17
136
45
84
132
17
88
115
132
56
105
110
69
74
83
93
112
132
10
28
28
47
100
107
68
111
123
0
56
2
70
4
61
91
101
130
22
46
101
138
36
81
10
57
71
75
108
49
104
122
58
77
16
25
111
87
136
15
15
36
80
25
30
43
137
55
64
109
117
23
57
88
58
74
10
28
47
80
43
50
137
78
85
5
67
71
105
48
74
93
132
135
14
19
26
140
47
54
60
122
137
17
30
76
0
25
45
63
63
68
108
35
37
46
18
37
8
10
58
56
82
129
15
56
82
93
112
113
7
28
38
72
80
118
129
129
2
134
63
64
117
7
10
14
42
51
64
73
75
86
21
60
82
20
33
35
85
122
43
101
119
121
134
18
100
115
117
26
97
130
73
90
90
120
56
72
53
71
71
86
99
30
111
138
87
113
59
8
20
92
141
91
115
20
69
4
59
100
103
11
27
42
25
63
127
15
102
115
132
134
2
8
22
99
99
135
142
18
8
24
60
109
116
83
108
110
45
91
102
31
63
72
14
51
5
12
26
53
104
129
133
69
11
20
21
85
26
43
46
57
129
131
138
0
39
75
80
137
43
125
34
56
60
69
26
62
62
130
7
43
78
25
10
13
15
49
65
93
104
115
7
75
79
101
126
58
128
9
72
96
19
45
50
15
17
38
53
54
118
26
59
109
63
3
50
53
72
74
108
115
69
86
114
26
70
47
94
123
8
113
133
36
41
78
83
133
7
82
131
20
129
31
42
63
106
63
123
139
14
54
60
114
126
7
73
82
106
6
37
86
90
44
110
75
142
24
78
90
75
14
69
103
122
6
56
1
43
47
64
95
99
69
86
101
36
81
117
118
119
26
57
87
110
12
16
79
129
79
2
4
86
89
93
140
4
65
89
140
36
93
104
138
24
133
6
31
100
16
29
32
125
137
62
141
142
24
111
123
8
13
53
70
51
87
95
95
119
10
59
97
135
56
96
113
69
76
35
41
62
66
0
9
47
92
106
127
28
41
62
66
67
109
130
1
59
93
98
68
49
46
122
138
63
77
118
122
60
78
79
109
21
67
75
76
83
38
104
127
2
60
125
43
65
134
4
22
39
47
62
66
85
99
100
113
99
101
135
9
14
27
61
68
70
49
85
124
134
52
60
107
128
136
31
141
30
96
19
35
8
15
1
96
117
17
83
101
87
107
16
49
95
123
132
138
8
19
100
16
22
122
131
25
43
81
99
37
141
89
46
69
81
116
116
33
70
35
49
80
86
103
81
86
133
108
18
31
5
12
103
133
5
71
88
25
30
82
90
11
16
41
98
22
80
13
65
66
104
108
108
11
41
13
43
98
122
22
60
97
129
56
60
130
30
36
76
77
121
52
92
116
7
0
45
62
39
52
63
71
97
56
20
45
74
128
8
71
84
129
138
63
100
119
78
109
30
116
6
41
89
92
133
83
13
36
90
136
6
20
96
120
130
12
79
80
76
53
88
97
98
38
51
87
119
1
46
49
120
142
43
72
80
105
119
12
32
37
101
73
132
8
32
55
81
119
120
121
142
25
14
56
112
77
93
120
11
76
111
130
39
121
12
93
0
20
134
64
84
119
122
133
4
20
10
63
129
104
110
12
34
83
85
67
111
14
24
49
95
110
27
31
82
134
7
19
21
67
51
108
66
105
106
128
137
137
46
64
103
120
24
55
63
101
138
55
87
96
14
21
57
25
32
69
79
81
98
130
132
42
73
80
10
15
104
112
30
92
102
136
78
88
118
0
46
99
61
63
73
89
125
2
70
94
108
136
96
75
80
84
137
46
129
42
83
24
8
32
63
110
2
81
138
10
16
71
115
0
69
73
53
90
106
1
141
67
30
70
12
63
95
111
116
137
139
63
68
75
96
97
132
90
101
137
53
136
95
98
104
134
138
65
69
25
74
138
17
35
97
40
50
55
62
65
68
103
28
36
51
99
103
20
33
39
51
75
134
62
98
138
28
72
9
17
36
36
15
107
0
4
22
24
103
106
88
14
36
2
45
75
126
52
82
86
94
137
8
22
111
131
133
8
14
17
25
58
6
9
105
3
7
69
73
130
30
38
102
105
69
128
92
132
42
136
139
44
125
128
13
123
135
125
132
93
10
27
55
2
7
18
96
59
71
99
78
79
42
131
12
91
0
75
88
129
33
59
76
116
10
14
77
114
130
32
35
57
86
90
45
61
114
141
53
20
24
4
131
54
107
41
107
12
102
136
21
24
62
107
121
135
52
55
62
63
70
35
67
110
122
113
8
10
33
68
82
6
41
80
91
119
58
73
91
135
29
29
103
111
71
62
82
103
137
142
139
54
121
13
52
59
71
106
111
119
49
134
141
24
80
125
4
20
97
11
20
40
51
78
89
120
142
73
105
140
35
39
103
55
20
87
129
138
1
71
78
131
137
31
40
81
98
108
117
140
48
33
82
140
25
96
97
103
32
87
105
118
120
126
2
93
9
20
54
93
114
116
20
117
119
126
36
72
84
102
107
125
8
33
119
122
9
35
38
54
72
75
133
140
134
55
80
81
136
5
39
52
42
43
54
66
74
112
