107
108
116
27
94
111
47
4
7
87
104
6
6
11
13
30
63
72
6
10
90
25
35
42
99
3
22
25
51
106
113
119
35
96
116
118
11
125
14
18
37
72
96
105
2
76
14
18
4
51
52
101
3
14
22
37
38
34
43
103
0
3
5
14
22
37
38
90
109
19
31
0
2
12
21
33
106
33
88
111
137
17
18
40
46
91
8
51
14
38
28
117
0
5
20
23
27
29
127
51
101
105
51
0
3
5
25
27
44
23
64
107
19
0
2
5
5
18
33
72
31
104
73
18
44
82
138
22
24
34
44
107
47
136
142
14
37
38
57
102
107
108
57
108
114
18
41
79
111
2
38
85
0
4
5
14
65
99
23
64
71
22
24
25
44
23
64
82
23
33
64
90
126
18
57
5
6
13
30
28
34
35
6
118
53
138
6
11
62
79
81
26
50
89
133
38
123
114
34
35
108
116
14
56
57
90
123
31
13
61
72
124
116
38
107
108
20
84
0
14
18
24
43
43
44
34
14
23
27
38
3
5
25
0
4
30
50
83
127
34
36
44
57
35
42
66
73
93
5
28
51
59
82
14
18
24
111
85
4
5
14
33
50
68
72
28
114
88
100
120
103
107
53
82
138
8
31
76
106
106
0
7
13
30
98
14
37
123
20
41
53
82
138
0
6
9
11
13
30
72
5
6
11
13
28
20
41
43
111
117
136
17
23
27
64
99
23
30
33
38
68
92
20
38
40
130
3
24
25
43
44
53
86
20
31
41
41
76
37
49
14
37
68
0
5
19
2
33
60
126
42
5
22
44
74
53
86
1
45
67
74
75
75
135
9
13
72
96
35
57
108
14
123
114
31
31
76
104
106
119
14
18
33
38
44
111
17
25
43
44
74
135
33
71
22
56
57
7
31
76
104
96
116
118
5
6
9
30
63
42
19
3
22
25
35
42
6
9
11
30
76
106
19
96
20
26
64
14
27
38
58
107
34
107
58
111
1
13
125
5
6
10
84
14
97
123
137
18
22
24
25
38
1
50
0
20
22
24
25
43
63
35
0
3
24
25
40
109
132
18
49
51
56
57
79
101
108
35
42
117
0
5
23
27
33
71
111
24
102
4
87
99
124
2
17
23
27
71
2
12
15
17
33
65
91
126
35
96
114
116
117
87
96
18
111
20
22
25
37
63
35
0
36
18
38
58
101
107
20
24
25
43
44
44
35
38
107
12
15
23
33
82
13
69
105
107
108
49
99
105
19
37
123
23
35
39
45
22
25
44
140
1
62
124
5
9
10
112
17
43
99
104
113
0
4
6
10
112
35
116
117
53
23
26
29
64
96
105
116
118
71
21
89
5
83
112
89
132
27
29
54
64
3
14
18
42
90
124
14
20
22
22
25
25
38
44
0
127
14
68
98
15
27
53
94
95
116
117
99
14
14
18
23
37
38
58
76
106
119
24
74
111
136
51
79
87
124
84
5
13
30
76
104
106
1
6
10
93
125
96
116
23
27
29
30
71
82
5
9
10
11
30
30
83
34
35
36
23
28
33
122
24
41
12
33
51
52
126
0
5
9
10
30
125
8
31
76
113
5
28
82
86
34
99
42
107
21
28
21
43
82
28
73
86
95
118
3
3
25
63
4
14
18
22
25
74
8
31
76
116
117
31
76
106
0
5
14
30
44
2
33
42
5
6
9
11
13
30
23
35
4
6
56
57
82
104
106
18
0
2
21
33
66
97
35
36
114
1
54
87
60
89
5
10
83
99
105
20
27
39
45
75
98
0
13
93
98
119
4
18
37
38
44
41
41
43
48
53
73
86
43
58
111
6
11
13
62
99
100
120
57
121
0
5
9
59
82
101
107
108
34
57
27
74
127
56
78
85
42
140
5
11
62
8
31
104
106
111
36
47
88
97
121
139
4
62
86
102
9
112
1
108
5
10
125
125
17
23
54
32
52
76
104
106
119
58
32
20
25
41
22
25
36
44
63
18
22
37
41
43
105
114
27
71
122
42
28
35
114
28
35
114
117
118
34
38
101
107
108
117
32
94
34
35
44
114
116
117
3
32
51
63
79
81
69
47
98
136
21
26
1
39
45
56
67
16
46
48
61
68
131
1
50
87
2
23
58
1
5
83
128
14
22
37
38
123
111
136
108
114
117
114
5
6
9
10
11
13
1
124
4
5
14
37
38
53
97
6
52
53
82
138
0
25
44
128
14
20
24
98
98
28
35
35
65
73
116
118
131
26
133
14
23
30
33
37
68
71
106
119
62
73
86
42
43
74
136
17
46
74
75
135
46
110
20
31
113
119
4
50
84
0
22
35
36
41
80
92
138
28
22
41
52
53
12
130
14
27
82
98
34
99
12
52
53
88
97
49
96
116
3
20
22
25
38
50
34
35
107
3
25
36
0
111
0
3
5
30
63
83
105
105
116
117
118
47
96
100
21
23
29
54
59
1
23
40
67
130
131
10
11
125
27
54
98
127
5
9
72
73
4
5
6
15
98
136
15
53
73
82
86
14
38
140
7
8
87
99
106
2
21
42
34
36
101
108
70
77
141
5
39
46
53
97
137
38
22
24
44
63
21
35
42
35
36
44
1
36
107
108
117
21
62
73
82
86
28
49
99
105
6
10
11
63
69
4
35
118
76
119
17
39
46
48
59
74
90
92
123
18
8
76
104
123
28
38
105
38
98
2
20
21
27
9
10
11
112
27
33
34
64
101
107
0
9
83
112
34
35
108
58
28
1
100
51
3
20
22
25
44
44
63
7
37
87
98
0
7
21
41
43
16
61
82
94
33
38
0
3
20
43
0
4
5
9
23
30
92
105
116
3
22
25
40
54
120
13
125
0
2
18
44
32
123
126
96
108
116
25
44
46
48
31
106
113
119
0
14
18
58
21
33
54
23
33
6
83
112
14
18
38
44
47
31
87
104
106
113
18
22
40
39
137
139
17
99
113
14
18
27
58
23
27
43
58
101
117
124
23
29
111
4
25
32
40
87
130
102
110
19
0
5
9
10
11
8
104
119
96
5
9
10
30
42
99
14
18
42
43
79
98
9
10
11
30
112
34
14
18
32
130
1
26
54
64
67
35
116
65
91
116
111
51
88
97
137
7
88
76
108
38
41
45
76
98
103
39
45
76
87
49
96
105
105
116
5
6
9
13
0
6
23
26
29
64
3
18
22
25
14
19
117
113
23
71
90
24
56
57
6
62
63
42
79
89
22
25
35
44
21
88
111
136
28
34
3
14
18
22
140
2
5
14
24
37
41
43
53
97
1
7
87
117
124
0
23
58
23
3
18
22
43
44
51
79
110
14
68
76
104
106
6
13
5
13
30
83
76
106
113
18
111
128
4
34
44
19
117
0
2
3
14
23
27
33
44
56
78
23
111
0
0
5
6
6
9
11
13
69
33
38
43
76
3
36
41
44
48
5
13
83
82
133
27
79
81
128
21
82
107
35
105
114
25
23
71
122
8
104
31
98
106
119
106
119
7
85
2
12
23
33
90
22
24
37
43
102
40
92
109
36
117
25
34
35
44
31
51
24
74
105
114
1
22
44
67
3
22
24
108
1
28
66
73
34
108
117
14
24
27
42
68
98
85
18
5
13
30
12
52
6
6
11
13
30
63
69
57
108
21
73
14
18
22
14
18
22
24
37
43
55
77
128
5
72
4
99
24
58
101
89
31
41
76
104
113
12
33
52
90
43
51
52
99
37
101
108
14
18
27
58
68
98
140
4
65
99
19
35
105
117
34
53
74
135
138
46
89
4
26
81
90
27
111
128
28
114
117
19
31
76
31
114
105
116
16
48
80
82
35
116
117
118
24
98
106
6
28
69
112
35
101
105
116
31
106
119
14
18
37
38
31
76
35
116
0
2
5
44
19
1
70
114
69
18
22
37
44
11
125
0
0
17
27
122
19
21
14
18
27
37
50
87
124
44
66
110
127
73
74
82
133
116
118
33
37
62
73
34
51
107
108
14
18
111
22
38
44
2
17
23
23
27
5
6
13
63
83
6
112
71
0
24
25
41
20
25
37
0
12
15
33
90
0
27
29
54
64
35
49
101
116
117
36
0
3
18
22
25
30
44
44
44
63
34
34
121
19
56
57
23
29
35
64
118
21
86
0
6
7
10
11
0
14
18
27
65
96
116
103
7
37
20
31
41
51
105
117
61
111
30
38
68
69
43
51
103
111
110
127
21
24
56
11
63
79
110
39
45
75
88
137
10
11
13
28
118
14
104
106
36
11
30
79
81
19
21
56
41
21
56
57
99
1
47
50
74
100
20
37
41
106
31
76
20
25
14
33
87
98
18
20
22
43
5
83
126
103
20
43
51
113
0
4
22
23
28
44
20
21
39
59
82
134
47
47
55
102
136
3
14
18
24
42
79
11
13
19
32
3
22
25
44
12
15
52
118
126
29
54
60
120
127
99
5
14
45
74
67
88
93
121
121
6
13
30
125
24
38
79
0
3
14
20
22
25
44
34
36
101
74
135
18
43
111
27
68
69
122
23
26
64
35
114
73
86
6
28
63
21
84
23
26
0
21
41
74
58
101
107
7
98
14
131
91
116
118
4
23
28
35
64
71
124
90
117
0
5
10
11
62
1
36
67
74
62
73
101
108
37
107
0
111
112
111
41
110
87
98
124
34
57
107
49
51
21
38
43
92
102
123
20
21
24
43
28
36
82
105
107
117
32
94
14
58
68
69
18
20
22
24
25
44
11
13
63
125
12
23
33
64
76
106
14
18
37
38
44
5
6
9
9
10
11
13
30
83
5
30
111
125
1
7
65
35
117
52
99
1
67
4
5
10
11
125
14
18
18
22
25
44
0
5
11
125
53
62
86
21
26
5
58
107
2
14
27
38
7
31
76
104
106
119
119
21
28
52
73
80
38
123
7
20
31
103
104
106
0
4
5
10
24
37
88
121
32
77
19
65
99
105
42
21
36
46
48
53
59
74
135
138
3
25
44
28
105
114
114
29
64
82
138
74
76
20
37
41
43
43
76
106
14
78
86
49
65
116
117
65
91
33
90
128
31
113
78
23
40
120
38
74
76
119
24
37
49
51
79
101
23
117
51
69
108
4
34
44
23
27
29
29
39
49
116
117
70
93
134
61
68
124
7
37
123
0
4
5
6
13
72
8
31
104
106
119
108
41
76
104
106
119
119
0
2
42
14
43
68
113
131
0
14
25
37
44
63
14
18
37
58
31
111
86
88
93
117
136
76
104
106
113
119
24
41
43
98
31
81
0
10
83
20
41
87
106
19
74
34
35
114
33
130
0
2
3
4
18
40
41
111
128
112
4
50
87
23
50
54
111
127
4
4
36
90
73
60
106
119
126
53
86
94
73
86
35
108
114
107
117
16
42
116
118
0
18
44
111
20
24
26
3
22
24
25
25
44
63
39
93
97
134
137
6
28
122
23
29
29
31
31
38
76
76
98
104
106
56
141
23
64
14
38
12
21
33
56
108
14
23
33
14
37
38
98
123
116
42
79
116
8
76
106
113
119
23
52
71
34
35
35
114
31
76
88
111
137
1
6
13
50
93
42
46
21
38
48
58
137
21
68
98
0
9
83
112
23
38
21
33
38
92
92
114
18
37
51
58
101
107
4
5
43
49
51
105
101
58
21
66
85
20
24
25
113
19
4
31
25
36
44
21
82
86
45
6
9
10
11
112
26
37
82
0
5
6
10
11
6
44
63
93
110
35
36
42
116
58
43
56
103
14
33
58
101
5
6
9
10
11
13
15
21
52
53
97
51
33
58
107
35
105
116
117
18
102
123
70
88
93
76
106
119
99
105
113
116
117
118
3
18
20
43
31
103
24
25
44
63
15
26
82
138
0
3
22
25
44
63
4
5
59
71
72
19
58
0
6
12
60
126
116
118
52
121
20
39
45
75
59
82
126
52
80
3
20
25
75
47
103
124
41
108
20
44
75
55
5
23
52
71
122
24
73
28
14
27
37
58
24
98
49
96
116
32
54
60
126
93
121
134
3
20
25
41
39
48
59
74
75
80
82
110
37
38
19
57
35
116
117
115
14
1
100
31
76
19
35
114
116
118
5
11
32
38
0
3
18
25
43
8
76
88
93
35
101
108
116
118
33
58
3
25
44
63
34
35
36
108
108
18
111
23
50
68
8
76
136
142
1
6
73
93
23
28
35
3
18
38
45
74
21
111
22
25
44
63
35
116
45
75
6
13
93
22
28
34
35
36
44
114
32
94
142
26
82
117
0
28
34
112
27
58
1
67
96
116
22
38
63
102
31
103
106
113
119
5
6
9
13
76
87
24
56
35
42
116
24
25
44
20
24
6
11
62
83
93
4
14
33
38
90
123
6
11
13
28
83
93
36
101
108
0
21
22
23
44
63
84
76
104
119
110
14
18
68
111
116
5
10
11
83
86
127
14
38
123
14
18
58
35
105
114
49
101
114
116
117
0
5
32
33
38
76
39
41
46
48
75
17
39
75
7
31
31
43
76
106
26
89
124
5
23
27
29
6
11
63
14
24
41
34
76
80
120
18
37
79
45
74
5
37
38
107
6
11
110
23
30
38
46
48
1
39
67
93
134
15
28
65
82
126
53
59
94
20
43
111
112
20
22
25
44
19
62
73
86
4
7
23
98
133
21
66
86
93
49
116
18
22
24
25
37
38
98
7
34
36
0
5
14
23
33
64
5
9
11
30
32
72
25
28
40
86
39
45
75
23
29
33
90
93
121
139
4
20
22
98
0
3
27
33
44
128
18
24
53
3
14
18
22
25
41
44
44
27
71
26
8
31
104
119
4
10
118
9
72
83
8
142
51
63
69
76
104
106
119
31
76
119
76
104
106
119
3
63
76
106
113
14
18
40
111
23
64
115
26
81
2
14
33
58
111
5
72
125
5
9
11
62
72
15
52
53
86
31
127
34
36
57
48
59
82
138
5
89
14
18
27
37
38
58
123
35
57
101
18
38
23
26
27
30
37
82
133
0
0
5
21
62
66
127
128
4
5
51
120
118
1
0
5
6
10
18
47
79
102
12
15
33
90
8
31
76
87
104
119
22
24
36
53
97
138
36
99
18
79
106
119
101
108
57
0
27
78
82
128
8
25
18
45
28
105
114
14
85
117
0
5
26
44
128
5
6
30
69
34
36
6
6
11
13
63
69
35
76
104
119
1
25
39
44
67
75
75
20
22
24
63
37
98
41
115
0
6
11
16
23
23
27
61
77
94
0
5
33
38
39
92
123
28
34
35
35
105
108
23
27
87
106
113
30
76
92
41
48
41
35
96
101
116
20
25
63
130
15
32
90
126
10
11
32
83
126
14
123
27
33
71
82
138
85
88
19
114
89
124
89
141
76
119
63
84
7
76
113
0
5
23
46
68
2
15
126
130
130
21
31
73
106
119
99
103
6
6
9
13
63
72
73
83
45
56
57
88
121
121
76
106
20
24
27
58
103
18
37
68
14
41
58
111
62
93
121
7
87
37
43
114
6
10
11
125
0
5
42
79
31
38
14
42
43
79
102
1
1
23
29
64
67
4
84
3
22
44
57
63
2
25
56
57
78
130
4
5
6
9
11
13
30
83
20
41
34
34
7
87
96
23
33
52
65
49
65
116
41
42
93
121
48
71
38
12
33
52
41
61
111
5
23
27
33
128
5
6
9
63
72
28
34
35
38
123
123
6
11
28
19
49
105
116
41
111
28
34
49
76
117
119
86
33
76
106
14
20
22
41
42
103
31
5
6
11
13
125
44
56
62
66
21
28
36
44
65
107
76
76
104
106
111
113
119
121
3
44
18
24
37
43
111
0
31
56
6
63
34
65
107
114
31
76
2
39
93
137
139
71
122
36
0
11
21
28
73
20
41
43
14
5
30
72
31
76
113
3
20
38
103
3
18
25
37
43
47
0
6
112
96
45
47
67
74
136
4
5
27
127
5
6
9
11
13
30
15
38
123
126
5
6
50
83
14
18
38
36
51
0
3
20
24
25
25
36
43
44
18
44
42
2
37
58
137
97
137
38
123
34
35
35
36
107
107
108
1
70
100
41
43
48
5
6
9
30
32
72
37
98
82
89
49
105
116
118
0
2
23
27
33
68
127
17
26
27
54
127
101
107
108
38
123
28
35
65
114
117
20
76
106
119
1
6
62
65
93
0
3
18
25
33
20
43
131
132
0
28
112
35
108
2
3
21
22
25
41
44
108
31
5
6
9
30
69
72
91
114
16
80
109
110
32
33
52
4
35
117
5
50
68
87
127
130
131
3
18
51
79
14
130
5
51
58
140
31
5
6
9
11
13
83
1
67
62
66
73
86
5
10
11
31
33
41
43
106
113
2
5
17
27
33
52
53
90
99
128
14
58
90
128
0
9
13
30
128
53
3
20
22
25
36
44
1
1
67
20
22
25
44
63
43
55
127
23
39
73
82
133
0
11
21
24
42
56
79
22
24
44
56
32
124
142
24
35
114
14
128
12
33
126
130
38
51
43
58
3
22
44
15
30
60
83
118
126
103
111
111
125
20
31
43
119
20
52
26
37
38
22
42
105
69
76
112
15
81
82
126
14
38
5
11
83
1
43
67
5
30
83
5
20
37
44
0
20
22
23
24
25
44
76
113
13
19
69
96
116
117
14
18
38
98
3
18
37
19
99
43
51
2
23
26
122
58
14
68
69
18
123
82
138
23
28
42
47
92
109
19
35
105
116
118
18
54
60
126
3
44
63
35
42
116
96
105
116
14
27
38
28
51
0
14
33
90
128
39
50
87
2
56
78
1
66
93
129
0
30
33
39
45
74
63
84
93
34
36
49
101
116
118
12
48
53
59
51
69
3
14
18
24
25
38
42
18
13
30
72
18
37
38
99
60
18
110
53
8
76
36
57
101
107
108
108
116
39
48
85
111
5
9
10
11
30
72
11
13
69
81
9
10
30
83
11
28
65
93
114
117
14
18
38
14
17
23
32
122
9
30
73
82
89
14
37
38
68
98
28
34
35
33
38
76
1
21
117
124
31
103
119
14
18
22
38
44
15
87
130
14
32
68
7
87
52
80
138
4
5
51
28
23
26
54
71
0
27
127
58
130
53
109
2
17
59
94
6
28
82
18
33
111
123
1
29
54
67
15
126
22
24
67
121
134
38
92
98
123
1
39
45
67
70
93
82
138
7
21
85
35
105
114
116
117
28
114
19
21
39
93
12
15
90
123
126
16
17
23
46
91
33
58
107
104
12
23
27
33
28
3
14
18
123
2
14
27
33
92
130
5
28
20
24
25
41
35
105
117
0
13
124
127
7
31
76
87
103
21
73
0
6
13
120
18
65
117
124
119
20
43
37
38
123
12
33
52
6
11
62
62
8
76
104
36
101
5
13
125
21
43
102
98
112
113
48
48
48
59
71
22
24
25
36
5
6
9
28
28
21
24
108
19
7
20
31
41
113
0
5
13
34
51
33
76
3
25
33
41
21
5
30
124
127
62
66
78
93
20
24
24
43
56
99
32
76
87
8
70
22
24
25
36
44
31
104
106
1
5
13
67
14
18
37
59
38
45
36
44
57
0
58
21
24
28
36
65
114
116
118
80
131
20
31
41
43
31
111
18
20
37
41
52
129
14
37
79
102
1
50
67
74
31
76
113
58
126
41
42
71
105
4
5
52
127
15
23
29
52
64
21
28
35
82
96
61
68
21
24
5
14
23
27
33
31
103
106
111
137
52
80
86
122
19
20
24
33
58
68
16
124
23
29
35
49
105
117
76
119
39
75
101
107
11
125
36
105
7
76
87
106
113
15
73
82
73
11
13
63
24
56
4
28
28
35
36
42
105
116
117
14
27
58
65
105
116
0
3
5
5
30
33
44
28
34
35
36
101
33
37
76
90
123
28
12
32
33
126
130
92
109
132
21
33
48
59
11
14
28
69
41
55
7
87
96
100
35
105
114
117
0
10
28
45
88
93
121
36
108
23
28
38
69
23
33
64
59
82
16
111
18
123
2
5
23
32
38
4
34
6
13
47
88
93
137
142
22
24
58
79
102
4
5
15
130
14
65
116
51
101
107
52
53
55
6
13
63
124
19
31
65
19
22
24
25
0
5
5
6
11
44
63
72
14
31
38
43
76
98
106
111
119
140
47
102
142
116
18
34
35
42
79
107
108
24
56
35
36
107
0
11
57
79
102
32
36
99
111
118
0
23
27
38
98
117
124
21
23
33
71
20
31
43
2
5
26
64
26
28
117
4
35
36
33
130
130
131
20
43
53
2
5
33
58
130
24
111
