53
95
122
131
82
110
43
57
111
35
105
114
117
32
130
39
48
59
93
99
130
58
34
35
114
19
71
116
31
76
106
65
99
2
33
42
58
5
38
42
58
22
25
82
3
14
14
14
18
37
58
106
0
21
88
122
127
6
28
30
63
1
120
3
18
51
33
68
78
128
52
49
79
58
28
34
35
114
116
4
5
6
9
11
13
64
105
116
116
117
118
0
5
21
23
42
68
27
42
90
98
105
110
64
118
24
116
0
24
27
43
111
20
123
28
35
36
108
85
93
5
20
25
27
14
76
106
88
97
5
10
125
64
116
118
1
23
34
0
4
5
13
30
35
65
117
18
43
111
19
116
62
63
133
31
38
123
35
116
35
117
6
7
11
0
7
9
10
11
34
47
108
89
42
10
96
28
36
105
31
4
5
6
9
11
13
15
23
35
20
43
110
10
125
31
76
31
38
92
123
34
47
3
31
31
43
106
113
38
123
1
23
68
78
120
19
35
108
116
36
105
23
49
76
119
24
36
31
76
52
11
13
17
53
86
20
37
43
51
35
105
116
116
117
118
39
139
17
54
73
74
93
99
0
10
28
125
18
24
37
38
14
18
33
38
123
102
111
127
14
18
43
101
111
19
30
36
44
117
14
23
23
46
49
78
3
101
124
31
41
53
72
86
90
19
34
20
24
44
121
62
123
126
20
63
93
31
76
106
32
96
31
41
119
31
11
13
28
31
113
0
5
6
0
4
14
18
25
37
38
44
48
20
27
38
98
123
23
23
30
64
116
18
43
121
21
23
33
106
21
50
73
83
0
2
23
57
24
27
93
111
5
7
9
10
11
0
18
25
27
56
5
13
23
65
0
21
88
106
34
89
106
43
51
106
3
14
57
79
131
77
91
141
76
101
53
86
122
20
87
111
119
14
21
121
67
106
106
1
52
14
18
40
31
34
108
118
2
3
23
58
0
4
23
25
44
73
21
107
121
21
43
121
20
27
111
19
26
36
107
113
73
122
127
18
58
106
3
18
21
22
23
38
44
79
121
0
5
7
10
86
99
44
96
37
75
123
6
28
63
3
18
22
24
37
58
19
21
36
57
107
0
20
22
25
25
27
38
44
97
99
111
43
58
1
26
108
120
3
23
33
137
28
35
100
117
7
11
13
31
41
76
106
113
119
20
31
98
86
99
1
32
52
96
34
35
107
0
18
106
111
62
63
86
93
99
33
101
0
5
21
33
22
25
35
36
20
31
41
43
4
10
30
125
22
25
44
82
102
127
51
108
117
53
74
136
138
47
55
59
0
4
5
5
6
9
13
15
0
4
5
7
1
23
23
57
91
33
46
46
106
128
35
105
116
118
21
28
86
94
99
3
14
38
21
23
57
65
66
71
72
79
88
99
114
40
139
6
15
56
69
71
20
22
25
27
44
111
67
0
30
33
65
124
42
96
34
35
62
63
126
22
24
98
44
69
96
43
112
14
39
50
70
0
23
72
73
22
24
30
38
44
105
117
2
12
33
62
124
126
72
22
24
44
18
51
1
102
4
9
11
13
2
14
58
106
58
101
53
136
45
116
28
114
75
53
90
117
24
26
63
67
86
90
102
36
107
116
117
103
61
80
132
24
75
98
18
49
79
131
31
76
103
113
119
0
22
24
25
44
65
72
72
122
76
104
112
0
6
10
28
35
105
116
19
35
107
108
0
2
25
27
27
33
44
127
0
2
33
44
62
88
97
126
133
1
29
74
130
130
138
38
101
137
31
76
113
119
14
23
30
33
3
14
18
58
114
87
128
73
5
30
37
38
39
48
55
0
4
7
11
0
21
23
57
67
52
76
104
119
6
30
30
65
73
83
37
111
19
64
116
117
118
79
5
33
39
31
87
87
124
1
102
127
130
34
8
28
5
6
7
9
14
58
4
7
11
20
32
59
76
82
113
101
18
44
87
111
73
44
96
99
2
18
33
56
79
90
42
43
58
34
3
49
94
99
131
19
24
26
35
107
108
39
1
94
1
70
14
20
22
25
44
0
5
21
30
20
22
24
25
35
36
116
19
108
114
51
50
74
18
25
42
18
42
32
102
127
43
83
103
111
17
53
74
92
135
5
14
30
39
48
5
14
38
46
58
101
106
40
5
21
72
73
122
76
30
51
100
0
53
122
15
71
114
2
61
128
14
20
24
111
8
1
17
23
52
54
136
22
37
82
4
10
11
66
85
87
112
119
18
44
51
20
24
25
27
44
45
116
118
142
25
27
54
82
93
3
57
101
27
127
0
5
10
15
6
53
86
99
0
0
2
5
23
33
43
0
24
26
0
6
10
13
125
22
25
27
44
82
5
6
11
13
0
21
34
17
54
68
5
21
39
48
14
37
23
33
124
24
25
27
98
18
32
39
44
48
48
48
96
127
101
23
35
65
68
19
35
45
105
116
14
56
98
66
99
110
0
5
13
28
40
6
9
11
13
63
28
35
114
117
0
18
20
22
25
42
43
2
3
17
106
58
101
31
76
104
24
43
56
98
1
130
86
90
99
123
12
23
30
33
60
124
126
40
137
38
41
76
107
116
22
63
133
36
44
93
99
51
69
118
116
118
23
63
69
2
5
59
65
64
31
41
76
76
104
18
106
12
73
83
126
93
140
24
43
76
14
18
22
37
38
6
7
8
11
0
6
11
16
82
29
96
138
138
14
18
22
27
38
42
43
3
3
18
23
137
34
36
38
142
20
31
104
18
65
30
31
41
89
5
21
23
72
1
32
130
66
85
20
61
106
106
106
34
35
36
16
106
2
21
37
38
36
107
71
63
87
112
133
17
54
93
20
22
22
24
25
36
44
18
20
37
111
20
22
25
82
18
22
74
84
130
2
12
33
72
79
122
1
3
44
84
96
120
130
47
59
130
105
117
7
31
53
136
29
53
92
109
135
108
31
41
76
29
74
134
138
114
117
54
93
92
92
136
1
52
14
18
22
25
44
82
121
32
41
104
29
76
6
69
93
99
39
46
49
83
94
97
106
111
108
114
5
125
5
23
45
67
90
105
6
11
30
59
82
30
87
34
3
51
58
101
28
34
36
24
75
79
103
35
105
114
97
142
55
1
32
44
59
96
130
79
89
131
0
21
121
6
28
63
69
19
43
113
4
9
15
65
67
90
117
28
35
4
5
9
125
0
4
6
7
13
113
8
58
101
71
116
118
43
67
52
80
142
79
37
56
79
110
13
53
136
37
75
79
21
62
126
0
20
22
25
27
44
98
114
35
105
107
116
1
120
6
11
62
63
0
14
23
33
54
60
63
67
93
140
24
37
43
44
82
18
33
58
106
38
76
119
0
3
4
5
14
22
44
12
33
101
2
18
21
33
88
51
52
104
12
33
76
74
85
92
106
109
128
138
14
33
38
5
57
73
28
73
122
45
105
18
101
0
3
14
111
4
5
7
11
23
32
48
4
5
72
73
83
86
6
11
13
15
35
114
1
29
32
74
96
134
138
138
58
101
22
38
44
34
35
107
108
22
25
34
35
36
44
4
5
6
10
11
9
15
63
90
24
56
36
72
73
23
60
137
23
34
31
36
127
67
75
79
105
116
14
37
38
33
87
101
44
110
133
0
20
25
27
43
44
31
119
106
6
7
10
93
58
101
1
20
39
74
111
130
73
83
99
84
96
127
3
14
18
38
21
72
86
122
63
86
30
56
98
52
20
41
119
6
7
10
11
15
0
4
32
71
84
96
3
14
42
58
12
33
51
52
126
29
29
29
74
136
138
138
12
33
50
71
81
15
71
78
83
126
62
123
126
19
35
36
108
117
22
37
18
101
45
114
117
36
54
93
111
127
18
89
22
44
82
42
31
81
42
4
22
30
35
44
18
25
27
44
19
64
47
47
55
68
78
97
64
118
116
117
41
76
112
119
25
35
44
51
38
76
108
119
19
27
52
82
127
96
54
63
93
105
116
58
68
29
101
11
33
3
14
18
22
37
38
34
107
108
14
26
37
58
65
70
128
45
105
116
117
3
14
38
34
3
17
54
67
34
71
0
5
6
9
11
13
15
76
83
106
113
41
112
5
6
11
13
39
48
65
80
0
6
11
13
23
33
49
62
71
116
126
126
6
90
93
99
3
14
33
30
36
74
16
30
92
109
112
0
4
5
9
5
6
37
68
110
140
25
26
36
0
21
23
66
6
8
13
69
42
103
2
38
42
137
20
18
58
4
5
6
9
11
13
14
18
37
38
44
86
99
31
38
4
13
83
104
119
86
97
3
17
40
51
67
93
1
4
9
10
11
69
0
12
21
23
88
45
105
117
67
89
50
80
87
18
30
56
109
22
24
44
14
18
24
32
90
22
44
56
46
75
28
34
35
105
114
40
78
45
64
116
5
63
14
18
37
5
45
50
117
14
123
37
75
19
34
36
37
42
51
107
108
2
97
111
23
49
131
70
75
79
121
114
140
14
26
107
67
90
73
83
25
44
111
94
117
29
58
2
107
4
5
73
14
23
38
57
4
5
6
7
9
13
62
63
33
44
71
96
101
19
45
116
28
35
117
118
31
41
76
104
119
35
114
116
14
100
1
21
39
70
121
6
11
54
63
93
93
28
35
114
117
21
30
50
87
35
107
44
96
127
0
5
88
20
27
43
102
19
42
116
117
6
13
63
5
7
13
30
88
5
11
38
83
101
73
99
114
116
117
64
53
86
87
117
14
42
106
86
99
33
87
124
19
108
29
30
50
74
128
31
76
119
20
21
50
57
4
5
44
82
84
4
5
6
9
59
37
51
29
74
134
138
0
4
5
23
46
49
76
128
36
20
43
87
20
37
111
0
3
46
58
26
108
21
23
39
49
14
23
66
14
43
44
59
65
82
45
117
87
113
128
26
107
45
105
8
53
51
23
89
121
137
6
11
13
20
111
51
11
28
35
65
107
117
18
22
25
44
111
104
119
28
30
37
65
99
123
34
35
45
64
116
117
118
3
18
111
14
38
98
21
30
36
24
27
6
28
62
63
89
14
31
41
104
119
94
102
14
18
58
106
21
23
57
14
33
38
68
41
112
119
35
118
5
11
21
72
33
76
106
6
69
1
5
41
76
119
34
35
114
76
119
14
18
30
37
82
28
53
90
33
87
124
23
31
41
104
119
22
24
25
25
27
44
5
6
62
63
126
6
13
93
31
76
119
5
23
33
5
72
73
0
13
63
67
28
98
27
82
108
21
28
34
36
114
117
0
2
5
23
88
28
35
0
5
6
9
10
17
53
54
90
93
132
137
34
108
52
76
103
106
44
82
102
127
19
35
64
116
22
25
44
50
53
90
100
50
60
67
90
102
102
127
23
57
1
73
83
94
95
101
1
23
32
130
38
76
24
25
38
43
5
68
88
18
67
113
33
43
111
41
111
112
105
114
116
17
20
47
97
111
135
18
37
43
79
131
3
57
142
28
53
86
58
76
57
66
101
18
101
33
49
87
128
47
0
14
18
22
25
44
71
116
140
28
86
28
114
4
7
10
20
24
25
27
43
44
0
61
128
3
12
14
33
58
23
12
33
4
5
5
6
7
9
10
30
2
23
39
137
80
110
0
5
9
23
28
83
88
126
36
47
59
82
0
6
32
30
51
68
116
117
118
89
4
5
11
15
26
108
116
6
13
63
46
49
24
99
62
63
93
71
116
25
27
28
35
44
30
87
124
14
18
22
38
98
106
115
34
105
114
34
5
6
11
13
28
8
34
50
106
6
9
13
28
63
65
33
52
20
43
111
20
22
24
25
25
22
26
107
89
20
63
83
126
13
30
69
136
73
76
83
5
9
10
11
125
28
35
64
35
34
35
35
36
108
116
72
73
88
129
18
20
43
111
21
72
0
23
33
49
111
47
14
38
67
90
102
5
38
92
28
28
35
36
83
114
21
38
20
31
37
38
43
76
111
3
85
20
22
25
27
44
37
65
117
0
5
24
27
33
58
58
106
0
5
57
41
98
103
105
73
83
90
105
117
35
45
76
106
113
31
41
76
104
113
119
26
33
107
108
84
96
30
34
36
71
18
22
38
42
33
124
31
52
35
83
105
114
29
76
101
14
18
56
98
53
77
91
38
103
1
23
30
34
43
51
24
42
18
44
28
99
114
4
7
9
73
83
22
38
44
28
65
18
25
27
44
0
23
33
38
39
48
88
124
1
26
107
66
100
130
0
21
30
22
28
44
19
35
107
114
34
36
107
108
115
87
124
1
21
23
19
34
34
57
22
53
134
138
25
27
41
119
22
108
31
41
104
106
112
113
6
13
76
104
112
113
42
14
23
38
117
99
8
76
37
123
42
34
45
105
5
14
98
45
64
105
116
61
80
5
33
48
50
74
16
59
82
27
65
82
38
48
59
82
25
36
44
20
22
121
14
16
128
35
45
107
116
117
112
41
76
104
14
20
24
25
43
38
111
18
22
25
27
40
41
119
5
11
69
99
125
14
18
22
44
111
14
18
40
51
4
5
33
124
21
23
38
41
126
0
18
24
25
101
87
124
5
30
38
92
136
28
98
24
6
13
63
69
4
5
6
13
18
22
37
68
79
6
82
110
88
97
142
86
94
52
102
23
28
66
24
56
98
19
108
117
61
80
14
33
38
58
22
24
27
44
82
23
34
35
57
107
53
110
71
73
118
1
5
25
100
130
5
6
11
13
15
63
69
12
79
124
14
37
38
71
27
127
34
35
108
116
8
114
6
11
69
25
27
82
20
38
39
48
121
42
106
96
115
37
90
123
76
83
106
113
119
60
77
2
33
124
128
35
114
41
76
98
106
113
119
22
25
30
44
51
52
82
84
120
27
63
85
93
18
20
24
25
44
107
108
3
51
5
9
10
11
13
86
100
0
4
5
48
48
59
32
68
81
81
3
14
18
108
27
38
98
14
56
2
5
23
41
18
106
106
111
53
86
90
1
51
52
96
102
127
73
97
111
60
37
38
123
31
41
52
76
104
113
119
0
24
36
52
41
76
104
119
24
42
58
26
107
64
105
71
109
14
37
38
98
14
22
25
27
44
23
35
114
87
124
6
63
93
18
37
38
56
123
20
25
44
14
18
25
37
38
44
5
9
13
2
41
40
137
32
96
102
18
43
56
111
12
49
79
1
32
3
14
34
107
22
27
28
44
82
20
24
25
27
111
6
13
63
69
38
123
14
33
106
39
52
76
4
18
56
68
19
105
117
0
5
6
9
10
11
63
31
113
14
18
38
45
64
116
58
20
82
76
3
106
41
43
83
104
119
119
18
31
38
123
4
5
6
7
10
81
52
103
111
5
9
79
53
54
74
136
105
107
116
52
35
36
44
32
31
41
104
119
6
7
11
93
6
9
62
63
5
14
23
28
22
25
44
82
12
53
87
124
31
20
24
43
98
111
92
123
62
63
133
42
78
87
28
34
35
117
7
31
98
113
19
101
116
118
85
128
0
3
18
23
33
37
44
58
124
14
15
123
14
56
57
6
13
23
63
15
17
53
92
135
58
76
81
31
76
112
20
25
44
75
79
37
51
123
19
36
105
114
71
5
9
10
11
125
114
43
106
111
14
18
22
24
28
38
105
35
105
114
116
117
118
2
4
5
32
48
5
9
10
11
125
14
38
103
5
11
15
15
28
30
24
36
107
108
41
104
128
0
2
3
14
18
35
107
108
33
58
68
29
74
54
91
132
137
0
8
83
6
9
11
125
24
25
27
37
39
43
82
0
5
15
111
74
138
11
32
57
57
96
120
44
59
82
107
108
52
6
13
63
7
20
31
103
3
14
23
57
0
4
10
11
35
107
116
117
118
39
48
55
23
111
24
26
6
13
28
30
35
1
19
26
108
25
27
31
103
104
112
73
83
52
106
113
30
35
6
69
6
90
48
59
82
0
5
27
82
60
67
22
24
26
37
38
123
114
123
0
2
14
20
22
24
44
48
111
5
14
18
22
43
16
82
23
53
64
105
108
114
116
117
23
49
24
40
43
67
17
23
28
105
4
8
13
7
11
106
12
33
62
126
18
37
43
51
106
113
128
131
41
76
104
106
25
36
103
1
102
130
12
21
23
28
33
126
31
43
68
123
37
43
35
105
116
14
38
8
28
70
100
121
13
15
69
24
37
5
15
33
14
22
24
25
27
43
44
64
23
46
74
75
75
128
76
119
14
18
58
12
62
101
126
3
4
33
38
46
49
123
0
5
9
10
31
41
76
104
11
13
28
69
99
0
6
8
13
63
53
74
135
17
21
43
53
121
39
41
76
108
5
6
9
72
125
28
0
5
6
10
11
125
62
1
21
30
130
53
86
122
62
63
126
22
36
74
35
107
14
37
123
3
17
21
22
23
27
36
44
82
127
25
28
44
69
99
20
37
43
87
4
9
125
0
2
5
21
21
23
33
66
72
21
28
83
14
18
72
73
83
6
13
30
4
5
23
33
38
35
72
0
2
3
17
137
76
35
36
108
116
0
20
22
27
44
0
8
11
13
0
12
49
79
47
47
68
28
114
3
29
51
60
71
76
104
119
64
24
25
111
19
116
118
31
41
41
3
61
80
40
91
137
87
113
20
22
24
36
43
44
39
42
41
104
112
3
33
124
2
21
23
33
60
67
30
68
72
16
94
71
0
12
14
14
30
37
51
106
14
121
4
5
6
13
15
31
1
118
142
21
38
27
82
58
111
0
14
18
56
88
123
23
141
139
14
23
33
62
87
124
126
0
6
69
22
25
44
133
24
26
43
20
27
39
48
30
37
90
5
6
7
9
10
11
125
20
24
25
82
75
123
0
2
21
21
74
107
136
30
71
101
31
41
76
104
112
119
58
73
76
119
31
67
90
24
37
14
18
38
56
98
33
87
124
3
33
106
0
3
18
51
101
18
23
39
49
21
80
5
98
1
93
99
130
69
70
35
116
28
24
26
56
98
1
5
20
27
130
130
26
37
38
19
34
35
108
5
14
18
37
14
33
38
42
42
123
87
35
118
3
84
5
24
79
80
89
132
137
42
1
35
71
114
116
117
89
93
99
64
117
76
112
113
119
28
34
103
20
41
43
103
113
26
108
14
18
79
1
23
66
41
76
104
112
112
0
5
27
44
82
7
31
31
41
76
98
112
14
58
68
6
15
63
31
76
83
104
113
42
51
58
20
81
93
45
87
116
118
116
140
50
85
93
20
24
25
5
12
33
124
42
41
76
74
76
98
116
117
2
68
32
38
78
81
83
0
2
3
25
26
27
33
44
127
35
64
105
116
77
110
27
37
42
68
111
50
74
92
109
31
76
22
25
27
111
47
84
97
120
14
24
29
51
138
38
74
123
29
51
101
56
98
123
22
82
2
5
23
126
3
58
103
2
3
61
91
6
9
10
11
18
20
24
27
41
43
111
47
85
0
5
11
32
16
82
110
8
33
52
87
106
113
116
29
138
98
103
12
21
33
88
35
36
22
24
25
62
63
64
118
0
9
11
125
38
3
14
43
23
28
34
35
107
34
35
107
6
9
11
13
5
65
117
118
43
128
18
37
38
75
29
51
68
20
103
111
14
37
38
123
3
52
55
46
49
75
79
38
98
65
25
36
127
14
18
37
21
86
22
25
27
37
43
44
35
117
14
18
101
68
141
5
14
30
37
56
92
98
89
3
33
43
46
69
28
105
117
2
32
85
19
38
108
38
42
98
29
43
51
58
0
10
28
28
34
36
68
117
36
72
13
63
33
38
49
79
42
47
0
8
25
27
82
4
5
10
15
30
68
21
73
86
129
36
135
3
14
21
33
50
56
24
111
10
11
125
62
126
8
76
4
5
57
34
35
36
44
108
17
54
31
41
76
104
119
0
2
5
11
14
33
58
1
94
131
0
5
7
9
10
11
125
116
118
8
20
1
39
59
65
82
110
130
19
34
5
11
26
28
107
108
36
44
17
54
139
0
31
33
41
46
76
47
20
31
103
14
24
32
37
56
3
14
18
56
68
35
12
49
126
16
28
26
107
108
3
51
52
52
64
118
50
96
31
41
45
105
42
91
32
81
96
38
98
0
1
24
74
134
138
0
4
5
6
9
23
72
76
104
20
41
119
105
117
23
34
57
106
93
140
14
38
98
123
51
52
25
44
82
35
64
105
117
8
51
109
24
56
57
98
20
31
41
43
43
76
111
21
25
44
88
42
19
21
26
36
108
6
9
13
125
18
37
42
35
116
0
5
39
59
57
114
10
11
63
113
33
41
76
98
119
18
43
42
75
14
18
23
38
1
25
39
53
74
92
134
136
41
76
104
31
41
119
8
