20
41
43
51
76
6
62
86
93
13
71
105
114
52
104
105
105
106
102
128
28
34
123
7
31
41
76
104
119
125
8
11
56
11
18
25
38
43
37
52
121
36
101
111
2
3
22
58
0
5
48
128
18
21
33
58
123
19
99
0
29
39
67
82
121
17
47
0
8
9
10
37
114
2
14
18
39
40
106
112
21
60
71
52
53
71
0
6
10
69
96
116
8
62
109
20
24
25
44
8
11
106
68
89
0
24
29
39
54
76
28
105
114
14
18
22
27
36
59
14
18
73
104
48
58
63
74
7
15
37
64
116
3
23
27
88
99
37
38
56
107
51
136
6
9
13
72
72
73
0
11
13
28
17
70
93
6
10
53
1
5
6
63
80
91
138
53
123
35
45
105
116
123
4
7
98
23
39
63
3
5
33
99
10
28
37
101
4
13
35
83
114
119
10
28
125
5
9
13
8
35
35
5
89
130
14
18
38
98
111
37
117
102
3
14
79
20
22
24
25
38
12
124
114
11
98
4
28
52
65
69
82
126
3
38
59
60
89
18
21
111
14
18
58
62
90
114
28
34
35
36
5
51
46
75
97
128
41
76
105
58
79
103
63
28
51
34
32
34
45
96
101
20
25
27
43
46
74
77
41
76
105
111
67
74
75
93
31
76
104
111
112
33
52
98
101
117
2
33
100
128
65
105
114
117
52
111
133
136
6
28
63
117
35
114
28
107
4
24
34
35
56
101
37
73
79
124
36
51
101
107
45
74
19
62
138
1
108
20
76
14
140
4
32
44
57
100
0
5
6
7
9
10
30
3
23
45
82
96
102
105
117
141
5
6
7
30
59
63
75
109
110
101
5
38
1
6
11
72
116
119
64
70
83
116
123
6
11
125
50
63
127
34
36
54
5
12
33
68
49
69
20
22
23
111
60
63
94
44
70
92
36
42
2
5
21
122
31
104
63
78
79
20
31
43
113
6
66
68
93
94
31
38
21
28
14
27
0
6
69
0
5
14
18
30
37
33
124
5
52
83
23
28
35
5
9
10
30
90
34
42
5
29
44
74
127
18
98
111
14
22
38
44
14
38
41
104
105
22
23
25
41
76
113
36
117
48
50
72
82
106
64
116
19
42
2
3
42
1
5
6
15
5
14
21
33
58
101
35
116
117
118
0
11
19
20
43
32
113
0
52
122
1
5
117
28
83
90
96
99
7
34
35
38
51
67
0
2
5
26
27
44
4
56
99
124
15
79
96
138
4
7
52
52
104
117
27
75
32
98
11
123
23
63
69
69
96
117
33
50
60
106
31
43
106
4
22
23
25
35
36
82
40
74
93
134
23
27
4
5
7
9
10
11
14
24
26
57
79
108
138
47
28
114
117
119
63
72
75
130
131
18
79
102
123
32
126
7
94
131
35
1
32
96
110
42
43
99
113
128
29
38
119
1
6
28
14
18
43
74
75
93
128
14
38
123
16
126
48
51
99
136
113
118
31
99
58
116
119
0
2
11
18
21
38
56
57
0
21
23
25
93
76
76
104
111
0
7
9
10
30
112
5
9
30
30
37
57
18
44
38
44
106
67
15
101
116
6
9
32
37
26
89
107
62
71
71
99
20
42
119
58
9
30
37
117
45
53
55
102
0
5
58
107
5
6
10
11
13
15
8
31
76
105
105
11
110
20
23
24
25
3
26
33
52
6
13
82
38
44
4
9
10
112
105
6
13
112
42
121
5
10
11
20
40
51
82
18
22
25
2
33
41
76
120
132
142
24
58
79
6
11
28
117
124
35
68
107
108
19
29
28
35
35
114
114
116
117
39
82
87
88
92
93
134
142
0
21
64
4
19
37
3
18
22
23
24
25
43
31
108
116
123
126
14
18
11
38
98
2
30
33
137
0
2
3
23
24
25
4
34
36
44
21
23
36
73
4
5
30
84
108
35
108
1
1
21
25
74
80
0
5
6
7
6
13
30
69
16
20
31
43
51
83
104
35
42
41
43
76
111
119
86
94
14
18
21
25
34
114
1
20
22
23
24
25
99
26
4
6
9
37
118
72
126
101
105
116
126
96
42
19
108
23
33
62
38
34
44
23
33
38
35
107
116
118
5
10
37
125
3
26
41
76
104
119
7
31
76
104
105
72
82
14
19
21
38
63
5
6
10
30
125
5
23
28
66
13
105
17
74
92
136
109
25
29
46
88
134
5
6
9
125
41
141
47
79
0
5
9
11
112
22
24
44
31
76
104
111
4
5
6
9
117
76
49
15
116
140
62
64
78
84
136
4
5
6
13
37
18
22
23
30
38
34
114
40
53
80
111
66
94
14
18
98
3
22
42
0
5
14
18
27
33
38
98
3
38
44
127
4
5
26
65
24
56
79
21
11
14
18
22
23
68
72
41
74
92
35
116
63
35
108
6
13
37
53
41
78
18
32
101
107
54
132
14
60
0
41
83
23
28
34
18
22
25
44
82
39
55
74
127
138
14
32
107
20
25
41
111
41
76
105
113
17
73
86
93
25
27
28
34
36
1
5
14
15
37
4
84
61
94
106
116
118
76
112
31
123
4
7
10
125
0
27
66
76
15
85
77
2
21
57
58
101
11
14
18
3
23
35
71
35
105
114
116
118
0
1
4
5
6
9
10
13
14
18
27
37
111
23
25
45
13
29
48
116
0
4
21
23
21
33
62
96
5
9
10
11
31
28
53
69
70
125
19
116
116
117
116
3
33
44
14
18
106
4
11
14
30
38
38
81
133
4
52
83
38
103
1
22
25
37
53
82
3
58
41
42
43
18
24
29
43
51
5
39
127
28
114
6
11
28
1
22
25
27
44
44
29
36
14
18
22
24
25
44
26
84
34
35
42
42
108
116
15
36
49
57
116
105
127
26
47
3
19
58
130
0
3
24
43
88
98
111
87
118
5
38
20
23
25
27
27
48
111
30
48
51
68
13
83
116
123
123
68
5
6
9
44
64
118
61
7
96
116
32
64
141
75
12
37
98
123
36
42
123
20
24
25
25
36
7
28
114
117
119
31
73
113
118
119
125
88
91
132
136
137
64
118
3
20
22
25
44
1
6
117
28
35
114
38
76
2
3
23
27
20
21
103
31
111
51
58
38
76
26
0
2
14
27
33
44
1
53
65
86
87
129
20
43
105
106
111
28
35
36
44
51
76
119
2
38
44
34
117
62
0
25
27
79
0
5
10
24
66
71
4
5
6
13
58
106
73
52
125
39
47
93
135
139
17
64
102
102
23
90
126
20
106
4
23
34
51
50
80
87
41
76
104
111
111
18
19
37
0
5
83
111
0
14
31
99
24
21
24
44
74
31
33
54
93
22
27
27
36
38
44
108
32
3
11
28
30
48
72
22
25
39
47
3
14
33
58
106
58
76
15
48
23
24
25
82
42
0
3
17
100
36
105
1
4
45
87
3
26
107
7
10
13
37
31
41
76
113
32
43
92
128
138
30
57
81
33
52
69
6
11
13
2
5
44
96
24
38
51
3
14
22
38
38
46
74
92
123
22
23
25
35
38
0
31
106
31
76
113
16
92
136
14
30
44
98
6
12
37
90
2
33
106
128
105
116
86
116
20
22
98
34
20
31
76
83
106
31
90
43
98
103
121
63
123
57
26
34
4
9
73
118
21
50
133
28
80
129
31
41
105
127
126
1
23
25
5
6
10
30
37
61
106
15
35
64
65
87
109
112
21
45
50
82
93
39
67
121
87
11
24
25
0
5
21
33
124
128
20
74
82
121
130
0
4
6
62
117
36
101
108
34
108
12
117
16
56
1
20
19
33
87
122
128
5
42
65
72
83
101
117
13
90
116
31
76
104
106
119
14
24
107
4
59
83
0
21
23
30
71
14
33
44
76
87
31
112
11
13
73
126
38
96
116
119
51
70
5
11
14
98
24
87
14
18
41
45
48
59
74
130
51
2
14
18
25
27
44
5
8
21
71
86
20
22
24
25
27
44
106
98
108
28
125
27
28
86
122
0
0
3
5
22
23
23
25
30
33
44
14
19
24
27
52
62
114
20
45
0
12
14
27
33
7
13
49
93
27
81
98
106
137
34
108
116
7
41
99
7
35
107
0
11
42
50
67
82
86
21
27
82
86
30
63
90
127
5
6
9
30
82
117
23
87
90
45
63
98
41
58
88
14
17
18
4
12
15
33
87
90
96
31
38
76
63
89
85
110
4
35
118
14
44
131
133
51
52
123
42
75
21
82
34
108
58
34
91
136
137
33
41
76
137
21
32
38
48
61
82
1
61
6
11
13
72
0
2
58
0
1
5
21
25
130
71
123
18
91
112
41
58
107
5
5
30
37
38
137
73
31
43
106
0
4
20
25
27
43
0
14
34
43
2
62
96
0
2
12
21
33
66
124
116
126
13
35
108
114
116
127
76
104
112
6
8
82
53
102
134
137
107
116
30
33
39
48
50
88
67
96
116
32
33
38
27
20
25
39
59
63
34
7
21
94
117
71
101
116
119
53
92
102
28
35
139
35
83
116
119
18
111
14
18
20
38
20
20
31
43
106
111
105
116
18
75
18
38
101
101
24
36
123
35
117
19
38
46
6
9
11
13
82
22
57
138
138
142
8
51
87
113
8
104
106
23
33
59
96
21
79
124
12
33
41
72
126
20
24
18
20
22
23
43
38
103
5
12
28
33
51
71
49
67
117
34
114
22
24
25
33
57
69
106
24
5
6
28
37
27
69
88
97
5
9
30
117
15
33
64
49
138
28
99
11
14
32
51
18
22
24
23
28
35
36
15
33
44
126
42
20
22
25
44
111
119
14
103
111
26
44
54
63
87
93
32
37
68
107
108
8
63
59
74
82
140
18
14
120
31
76
103
119
54
59
82
130
131
68
22
24
25
36
43
74
134
1
1
48
60
64
72
73
34
35
23
64
75
78
82
19
69
11
14
18
21
24
68
34
35
44
31
41
76
113
33
44
46
106
52
76
103
113
11
24
24
43
57
63
76
99
36
83
116
40
93
100
102
18
21
23
1
6
11
20
83
83
3
39
45
98
121
5
45
20
21
31
80
92
111
22
51
106
113
119
32
42
109
28
34
35
42
108
114
123
0
18
20
44
12
13
44
34
36
107
46
79
110
127
21
23
49
82
102
138
0
18
23
43
106
53
63
73
86
90
93
70
29
73
138
28
65
11
14
19
25
38
42
51
6
84
26
64
85
109
35
24
89
38
71
20
24
5
20
24
27
38
41
0
6
9
10
37
125
51
57
108
18
22
23
25
31
68
46
58
0
4
5
23
30
50
123
35
5
6
37
117
38
75
81
3
79
107
6
6
53
82
89
28
23
62
31
119
23
25
33
38
45
142
0
13
32
37
117
103
112
76
38
13
65
16
57
0
3
11
14
18
114
101
33
45
90
17
31
106
111
113
23
33
38
33
65
88
64
127
4
5
5
9
15
41
99
8
106
106
0
25
41
87
69
73
3
106
33
65
65
73
15
17
21
33
126
5
11
118
77
23
28
0
5
9
10
30
6
13
30
71
45
64
81
119
14
32
72
73
97
99
127
0
10
126
111
113
119
3
3
25
40
44
0
5
6
9
28
118
61
85
100
49
73
0
5
8
24
37
43
0
21
23
63
67
14
18
22
30
106
106
127
2
5
27
58
72
31
35
107
107
108
47
50
63
34
138
23
63
90
11
101
108
38
76
105
108
11
13
19
19
58
3
44
91
118
0
18
57
63
68
131
0
18
21
86
87
51
76
104
111
112
119
12
96
117
35
114
8
31
37
62
110
6
30
37
131
14
22
23
28
1
18
11
14
33
58
69
17
53
84
53
66
14
18
37
58
34
51
67
76
104
106
119
28
50
94
99
28
38
107
104
119
1
29
39
59
79
114
20
37
41
125
2
100
14
14
22
23
26
37
38
18
22
24
32
13
72
82
49
64
81
116
118
14
43
38
93
130
43
76
21
53
65
42
98
117
93
138
87
5
30
44
49
93
137
5
23
48
131
23
27
33
92
111
53
136
47
48
57
3
14
14
18
37
38
44
34
108
118
123
36
77
115
1
21
22
25
44
24
36
108
89
137
14
24
43
2
44
49
59
71
5
10
11
35
36
108
114
14
18
27
44
127
21
22
23
25
86
23
28
63
114
4
62
67
117
13
116
55
114
12
14
27
29
32
33
44
67
76
104
18
30
97
111
31
76
0
2
5
15
27
44
66
88
18
20
24
37
43
111
35
15
67
71
87
122
124
51
107
4
5
14
26
71
86
124
13
116
22
24
25
44
110
50
65
110
7
37
98
2
23
65
96
5
10
11
118
2
68
84
85
132
52
98
119
20
25
44
3
14
25
1
6
8
13
3
87
6
37
53
62
69
43
83
113
0
5
32
59
65
117
31
103
0
3
14
20
22
25
44
65
100
23
33
90
124
7
124
126
17
52
83
95
17
40
93
111
19
36
53
54
102
13
28
5
33
65
73
99
113
128
18
13
35
67
83
116
116
53
0
44
53
88
90
14
18
123
65
69
21
23
43
67
8
0
5
15
30
28
73
93
30
31
98
25
35
36
35
11
14
18
68
35
36
114
123
21
43
79
73
86
1
15
133
114
140
14
42
58
23
44
96
98
12
76
6
9
13
37
69
112
5
10
11
118
0
5
6
9
83
117
14
98
101
18
22
23
25
71
73
26
142
53
97
139
6
12
99
19
6
82
90
93
0
5
6
10
117
13
116
112
11
14
18
38
106
30
97
140
24
98
12
84
88
2
107
110
115
26
122
21
82
88
35
116
52
108
23
25
27
28
31
41
76
104
105
113
21
107
31
41
76
104
111
113
14
104
23
34
35
36
116
14
22
25
38
49
54
82
111
130
135
1
6
69
20
25
43
33
76
39
47
48
76
127
42
80
86
99
39
142
113
41
31
43
111
20
25
35
116
117
119
50
56
61
14
33
38
5
6
9
72
72
73
19
124
57
108
123
63
64
67
82
117
34
35
67
68
34
36
108
35
64
105
116
117
34
108
0
2
130
4
5
13
62
73
82
86
42
103
42
56
29
94
122
5
117
118
125
34
92
98
17
102
13
28
34
35
35
105
114
50
93
20
27
43
47
3
20
24
43
51
106
18
19
33
37
38
38
107
35
101
116
124
126
20
43
53
14
41
43
58
0
14
23
56
88
111
18
20
41
20
22
24
25
43
5
39
46
114
14
24
41
107
11
22
24
51
41
106
116
119
130
28
96
23
71
82
76
105
115
142
35
44
18
21
29
20
43
43
52
99
103
106
13
28
136
78
79
80
81
101
20
74
130
27
56
80
26
29
44
67
84
96
14
31
111
119
24
76
1
6
12
0
27
57
28
36
119
41
76
104
111
113
125
0
5
6
9
10
125
0
2
5
14
37
106
3
14
18
58
6
13
37
35
83
116
35
107
108
124
104
36
45
116
127
8
34
3
18
43
20
103
111
13
116
118
3
20
25
44
65
46
110
139
33
58
92
76
104
111
119
7
76
103
5
14
23
1
29
56
79
98
74
76
114
5
11
38
44
89
5
10
112
52
76
106
113
19
58
107
116
36
39
44
63
20
31
41
104
1
22
23
76
83
112
113
7
63
73
126
101
14
37
38
23
25
43
107
76
105
106
7
15
26
78
82
126
28
34
36
107
101
80
82
79
98
107
108
116
68
131
43
111
56
61
86
120
127
44
57
114
140
29
38
47
5
23
26
33
53
87
2
33
41
43
44
56
91
114
86
33
71
5
6
9
11
30
124
17
85
121
23
34
11
56
6
37
82
56
101
22
24
106
136
14
27
128
14
38
22
22
25
36
42
38
56
73
5
14
66
18
106
111
14
18
38
1
53
65
91
140
4
5
11
52
31
104
105
113
3
33
42
63
1
6
9
10
11
19
28
35
28
35
1
47
49
67
79
81
34
5
6
37
117
0
1
4
44
71
35
67
119
126
35
108
5
9
10
30
37
68
123
38
62
123
35
114
116
105
130
14
58
56
35
35
117
119
42
19
108
1
11
23
36
107
3
52
6
10
30
37
90
0
14
33
44
44
58
116
119
0
4
18
46
30
33
62
72
23
96
105
127
130
5
9
37
117
18
107
101
14
21
30
68
72
98
20
68
99
126
13
86
93
19
44
64
114
14
38
43
51
57
101
27
63
29
44
63
130
31
104
30
39
50
86
87
5
10
37
83
2
20
38
103
31
76
83
111
14
18
38
112
125
99
105
94
31
103
104
111
36
39
130
33
43
58
14
56
68
14
19
38
38
101
9
37
118
6
7
11
52
62
48
100
31
119
70
72
0
0
3
4
5
22
25
44
0
1
22
23
24
25
27
79
28
34
35
13
116
39
59
74
43
44
0
2
27
33
49
130
14
18
79
6
28
63
17
23
47
130
34
35
20
22
23
24
25
64
69
90
118
22
24
27
85
99
0
27
29
33
74
37
41
14
33
38
79
24
138
0
5
9
10
112
18
43
31
76
33
69
71
36
68
108
12
33
126
62
73
122
106
0
6
63
90
41
99
118
39
49
50
73
87
13
105
3
87
76
105
21
48
54
59
72
124
35
36
105
47
74
135
11
14
20
22
24
43
114
119
24
35
42
44
68
11
14
38
58
97
120
4
5
6
13
71
83
46
93
124
128
14
33
14
27
33
126
23
44
57
68
122
130
137
24
26
36
33
64
56
57
98
3
65
66
55
0
20
24
41
43
110
111
0
2
5
15
17
23
23
79
88
128
0
5
26
26
27
33
24
55
31
52
111
41
97
82
93
0
2
17
27
33
41
4
5
37
90
51
22
34
35
36
23
49
123
116
83
126
114
117
4
36
44
57
86
21
99
32
44
54
0
1
3
5
36
108
9
117
124
125
1
44
49
64
130
138
16
35
116
119
18
44
54
106
62
11
50
75
102
35
116
20
31
3
26
111
41
103
105
113
118
24
58
106
0
18
22
86
95
97
24
106
0
7
10
43
123
0
16
33
44
13
34
35
35
35
36
107
108
117
123
3
24
98
87
108
123
0
6
13
28
37
13
128
3
18
56
35
116
119
14
20
22
54
45
98
0
5
6
9
37
117
125
63
35
114
116
117
39
49
53
99
38
133
58
76
105
113
12
65
87
15
53
73
83
86
87
101
31
76
113
19
79
31
41
76
106
119
46
47
53
20
21
22
25
36
44
63
11
21
22
43
82
82
127
14
30
118
133
110
3
18
22
38
43
98
5
28
30
117
21
23
23
63
110
120
122
131
60
81
28
117
19
0
38
44
137
76
87
113
14
18
22
23
37
18
24
25
41
43
82
120
27
85
128
9
30
37
124
19
51
57
58
20
27
29
121
78
117
20
47
56
5
30
73
82
106
105
53
85
34
36
42
108
17
74
93
102
4
39
46
76
88
127
0
2
5
33
39
42
45
92
97
43
111
28
86
87
90
14
18
38
58
107
11
38
48
41
57
121
18
51
56
27
63
73
87
98
41
74
0
28
36
117
124
3
18
25
44
2
12
26
32
126
40
49
54
121
21
48
75
128
3
75
18
23
58
39
45
54
74
130
135
0
22
37
38
1
54
102
121
135
34
35
107
31
31
38
51
76
0
22
24
25
36
44
4
5
0
5
119
0
40
44
55
0
27
64
40
49
74
109
137
137
138
33
52
69
18
89
21
24
25
53
18
25
27
3
11
33
42
43
44
83
88
99
105
107
108
101
137
53
66
75
86
93
97
120
121
6
13
63
76
3
22
23
25
54
106
8
31
41
76
111
60
63
3
20
74
93
134
3
51
106
22
27
44
63
108
107
108
123
5
6
13
30
28
35
20
22
82
5
12
30
33
67
22
25
52
14
18
27
42
42
57
16
31
113
31
76
101
42
44
69
11
18
21
38
39
40
43
75
14
56
121
128
136
43
58
22
38
44
41
25
56
98
121
5
45
68
96
31
101
31
76
76
104
104
119
125
19
34
42
57
108
18
32
37
101
4
4
13
118
28
118
85
89
14
98
105
107
117
59
135
14
18
58
93
97
58
111
14
18
38
51
58
107
21
29
16
68
127
6
11
12
30
112
58
31
76
123
31
103
111
27
49
93
40
52
121
1
5
48
59
90
28
34
35
124
6
7
63
8
37
82
24
51
103
20
106
11
18
32
79
90
58
87
89
89
5
9
59
82
124
33
56
65
52
78
42
19
23
35
96
28
114
76
119
21
60
88
92
120
18
22
25
27
44
24
68
0
8
43
106
44
63
0
6
9
23
37
62
18
108
111
99
122
99
19
24
41
1
4
5
44
72
