9
10
7
10
8
6
7
10
9
9
10
7
5
11
5
8
4
10
2
11
8
6
4
3
7
4
4
4
9
5
4
9
4
2
6
7
6
3
5
5
5
6
8
9
8
9
6
9
1
8
2
6
6
8
6
6
6
8
7
8
8
5
7
9
9
8
8
3
8
10
2
7
8
6
7
7
8
7
3
5
8
6
7
8
6
9
6
5
6
7
7
7
5
6
5
10
5
6
6
5
13
6
10
8
7
8
10
7
10
6
5
6
5
6
9
8
7
13
6
9
4
7
5
7
6
9
11
5
4
5
6
17
8
3
8
6
7
8
8
8
12
6
9
12
11
10
9
9
9
6
5
6
10
7
15
11
12
8
6
4
6
4
8
4
12
4
6
10
12
11
8
7
8
8
2
6
10
13
7
2
9
8
4
7
7
8
6
5
4
9
5
6
5
7
5
11
6
4
4
4
11
9
10
9
8
11
8
9
7
4
10
5
7
4
9
10
7
5
12
6
5
2
8
9
2
4
3
13
12
8
13
6
3
4
6
6
7
9
6
15
10
10
5
6
10
6
12
11
3
9
10
7
6
7
7
7
8
11
4
9
6
5
11
3
7
7
2
5
9
6
6
8
6
4
4
10
7
4
5
10
6
11
8
5
6
6
13
6
5
7
4
3
11
7
7
9
3
8
3
5
3
7
9
4
7
7
7
6
6
10
10
6
5
5
12
10
7
10
7
8
5
12
12
10
7
11
7
9
2
10
3
7
7
2
6
5
4
10
5
5
6
11
6
4
7
9
4
10
7
5
3
10
7
8
8
8
3
6
4
8
4
11
7
9
5
7
10
7
9
13
11
9
4
7
8
13
2
8
4
9
12
11
10
11
8
11
7
7
5
6
3
10
9
10
8
6
12
7
4
6
7
3
5
8
7
7
6
7
9
13
8
9
6
8
8
8
5
7
9
7
8
3
7
5
5
7
9
8
10
9
5
9
5
2
5
5
5
10
3
6
6
6
4
6
7
13
4
10
11
7
7
6
5
8
8
9
5
6
8
8
8
9
5
8
2
5
7
6
8
7
5
8
8
8
5
10
9
5
6
5
6
7
2
11
9
6
15
12
6
4
7
16
7
12
4
5
8
6
7
6
8
6
3
7
7
4
3
10
7
9
5
1
8
6
8
9
6
2
8
10
11
4
4
6
7
5
2
6
2
8
4
8
3
8
7
8
8
11
7
4
7
8
3
3
9
11
6
5
3
6
8
7
4
9
6
9
6
7
5
4
5
9
8
9
2
12
6
8
4
11
4
7
5
3
7
12
8
10
6
6
0
8
7
6
11
5
5
7
5
8
8
6
4
8
6
11
12
6
4
5
9
7
6
6
2
9
10
6
6
7
7
7
6
7
8
5
7
9
7
9
6
8
7
6
4
7
12
13
5
10
10
7
11
9
4
5
8
4
4
11
5
5
5
6
8
11
6
8
6
2
12
7
5
6
3
4
7
6
9
7
12
5
12
12
6
8
10
9
8
5
3
7
5
6
6
4
8
5
6
4
7
10
7
7
5
6
6
3
2
11
4
7
7
3
13
3
5
5
6
6
4
5
4
8
8
3
10
6
1
5
9
7
9
8
6
6
5
3
9
7
6
7
4
6
8
9
8
5
9
1
9
6
4
7
5
6
12
6
5
2
6
3
8
7
11
9
6
6
9
9
4
5
6
5
10
6
7
7
10
6
7
5
6
5
3
5
7
10
5
6
8
8
5
10
0
10
4
8
12
8
17
10
4
3
4
6
9
10
10
3
9
2
4
7
9
8
9
12
6
7
7
4
5
6
6
5
9
7
7
6
7
4
8
4
12
15
