32
32
37
48
238
257
258
259
276
4
15
21
40
238
257
258
259
272
273
11
28
31
177
203
261
327
11
26
28
31
152
203
204
258
259
260
11
40
48
49
253
254
257
259
17
34
35
305
470
595
12
18
20
34
148
160
421
29
33
34
35
177
178
179
180
202
261
33
34
35
202
211
212
330
334
343
19
28
32
47
48
253
257
258
259
24
29
35
202
211
212
262
332
346
363
18
20
33
35
180
181
202
121
172
316
316
485
21
40
47
238
253
253
253
258
259
275
289
2
3
55
370
498
4
5
30
33
38
181
272
273
3
80
383
464
33
34
35
202
210
212
332
333
342
346
12
456
16
21
22
37
39
39
48
49
216
258
288
5
18
34
103
180
181
347
433
7
36
229
314
315
386
163
190
190
297
157
166
462
33
34
72
179
202
489
594
102
236
496
504
186
224
283
538
27
41
285
336
21
32
37
39
48
49
238
253
258
5
5
18
20
33
117
162
263
473
15
22
25
40
47
58
163
216
257
70
220
301
327
100
587
130
148
183
322
328
328
25
34
51
53
267
331
416
126
126
292
294
294
406
188
265
366
68
169
185
337
362
9
82
148
160
246
174
199
325
344
472
26
67
123
191
222
444
0
16
22
26
90
257
259
275
34
35
202
207
210
211
330
332
346
26
34
38
85
196
260
305
410
11
48
89
238
253
253
258
321
581
6
51
52
53
53
256
0
6
51
52
53
90
179
256
293
474
109
161
162
169
263
359
532
562
95
140
41
107
236
296
313
504
33
47
208
257
259
277
11
23
31
48
49
203
258
259
51
52
53
53
293
417
12
33
41
181
421
594
33
34
153
177
284
411
24
35
211
212
262
334
346
363
34
35
35
202
207
211
212
11
28
47
49
238
259
264
289
31
33
34
35
47
48
204
295
66
101
144
169
213
33
35
177
179
202
205
426
3
55
122
122
168
195
219
303
578
21
22
32
40
48
49
253
257
259
34
35
35
202
207
211
344
346
15
25
25
28
47
180
181
331
161
473
576
33
34
35
210
211
212
262
344
16
56
70
168
195
203
204
216
275
288
102
548
17
33
35
178
180
347
460
11
23
48
49
174
199
203
331
33
38
129
206
263
518
36
194
300
386
459
487
546
31
34
35
128
152
204
499
33
126
177
180
268
291
292
406
28
40
49
203
258
275
289
79
466
471
33
34
72
90
256
3
3
55
182
261
261
261
515
149
200
220
227
301
605
44
49
65
200
227
241
289
34
35
35
202
207
344
345
346
33
35
202
262
344
396
21
22
37
39
54
54
201
238
257
61
81
91
191
200
227
177
215
488
575
610
3
80
122
230
261
327
34
35
202
210
262
330
332
36
61
61
91
164
177
225
2
3
58
216
455
457
547
80
165
389
418
582
131
286
306
306
482
482
35
170
202
596
603
24
30
33
34
35
202
344
345
346
363
3
55
165
215
409
51
53
255
268
292
294
19
31
202
272
272
273
27
33
34
35
284
11
19
31
49
196
203
204
204
204
258
260
260
339
48
49
81
152
260
339
0
0
51
90
126
255
292
294
406
486
237
255
281
292
337
352
406
516
33
34
35
179
180
181
333
27
33
34
34
35
179
202
330
15
28
31
152
203
204
256
264
309
339
48
258
383
384
464
483
483
29
30
34
35
202
207
210
211
345
346
9
82
121
121
316
485
116
175
252
480
480
119
119
198
211
397
479
33
295
522
589
609
27
33
34
72
160
180
25
31
40
49
152
203
238
259
331
22
23
32
48
49
238
257
258
110
110
168
195
206
247
481
24
30
30
30
33
35
202
210
332
334
344
346
363
12
27
34
41
220
401
30
34
35
35
202
207
332
334
345
146
242
430
550
30
92
211
262
332
334
346
125
142
163
297
467
24
35
59
262
345
345
346
27
119
119
177
198
397
11
23
28
32
196
238
259
260
276
26
28
33
35
74
203
260
261
267
331
603
202
231
246
261
414
27
33
214
317
27
33
277
531
539
34
48
49
233
350
419
24
29
29
30
30
35
202
207
210
211
212
262
332
334
344
363
363
4
33
153
177
202
273
277
333
14
353
587
26
33
34
35
153
177
179
202
195
302
461
509
534
540
3
90
96
383
457
457
464
33
34
35
177
178
180
181
181
29
34
35
202
210
211
334
345
4
4
19
40
47
253
272
273
24
34
35
210
211
212
334
345
346
363
363
363
146
215
215
242
245
277
34
35
35
202
207
210
211
332
334
28
33
34
35
177
179
202
204
256
330
333
339
26
28
51
53
81
255
255
260
293
335
416
31
152
177
202
203
204
260
301
339
408
4
31
66
203
204
248
273
331
339
23
31
40
48
49
203
238
259
331
23
26
47
203
238
253
259
260
275
33
179
180
181
261
278
12
148
312
322
456
56
70
168
231
261
327
51
53
81
126
196
204
294
309
342
406
33
40
59
202
203
262
307
24
29
30
34
35
178
202
207
210
211
212
334
343
345
363
33
58
59
177
179
202
216
277
277
284
288
19
26
28
33
34
47
48
179
256
272
273
339
19
32
37
238
254
257
258
259
2
3
182
219
219
230
387
510
525
529
40
120
307
307
376
536
91
229
386
571
33
34
38
153
181
204
207
339
41
107
244
579
34
35
202
210
211
212
333
342
342
343
344
346
62
139
424
604
4
15
33
47
192
333
24
30
33
35
202
207
210
332
334
363
34
51
126
179
180
187
268
284
292
294
406
417
33
34
56
58
163
179
180
181
190
202
458
34
35
202
210
212
333
342
344
6
20
33
34
52
177
202
31
33
34
72
179
202
284
284
28
33
35
179
202
208
331
333
44
442
36
69
164
194
351
375
21
23
49
124
238
253
258
259
275
484
24
33
35
202
207
211
212
330
333
334
344
345
363
28
31
85
152
196
204
264
228
586
28
33
34
35
177
180
202
204
264
16
22
39
49
216
272
273
455
400
500
549
593
33
34
177
179
202
523
596
2
36
69
119
300
324
479
5
26
33
38
202
274
290
330
28
39
47
65
223
264
3
132
163
190
394
130
174
226
478
16
21
32
58
216
238
253
257
276
34
35
202
211
280
19
40
49
89
258
307
109
124
169
169
348
19
31
39
49
65
124
254
119
198
244
397
579
20
33
34
35
35
177
177
179
179
180
180
34
109
169
204
339
450
70
235
442
444
326
354
475
494
43
108
443
611
11
25
26
31
33
38
47
196
204
331
331
33
34
35
178
179
181
202
330
333
23
25
28
31
33
34
60
158
264
583
23
25
31
40
203
238
253
290
331
33
35
35
38
178
180
181
207
24
33
34
34
35
177
202
202
210
330
333
66
80
103
181
202
272
273
582
29
34
35
35
202
207
210
211
346
33
34
61
153
177
202
488
100
168
195
587
11
23
25
32
47
48
238
257
258
259
7
51
53
81
315
34
35
210
212
330
344
345
98
441
497
542
11
23
28
31
163
179
190
203
264
16
27
32
48
49
179
181
272
273
288
0
51
90
117
263
290
292
16
36
61
200
241
23
25
40
40
40
40
48
49
238
253
259
331
28
33
34
159
180
264
100
116
198
252
397
269
271
12
31
33
34
35
179
180
531
33
34
38
72
180
180
204
260
589
84
92
43
79
135
443
228
361
502
30
34
202
210
211
330
332
333
342
343
344
345
346
17
29
29
30
34
35
35
202
207
212
262
330
28
81
196
201
248
264
339
385
5
16
18
19
20
33
48
49
58
216
272
272
273
30
34
35
261
278
489
43
75
443
201
385
385
481
12
148
179
322
426
456
14
197
337
358
533
590
11
25
28
31
47
264
315
16
29
33
34
72
177
178
179
180
27
41
115
232
439
490
29
34
202
210
211
212
262
330
332
333
334
342
343
344
346
33
34
47
48
49
177
179
203
256
331
29
34
35
35
178
202
207
212
334
346
106
147
156
228
586
9
82
226
454
478
607
29
33
34
35
178
179
180
284
330
333
33
34
35
153
177
343
20
24
30
33
34
177
202
204
272
333
339
342
4
16
21
26
33
40
48
49
253
257
288
131
217
513
29
34
35
178
202
210
262
332
334
11
40
47
48
49
203
238
253
259
331
34
35
202
207
211
334
344
20
33
181
192
220
273
32
48
258
259
276
276
276
49
89
238
275
288
289
350
3
33
220
261
301
408
457
130
174
199
261
267
293
335
416
29
30
33
34
35
212
330
332
334
343
346
45
301
408
408
15
22
40
47
48
49
238
253
259
37
39
48
54
323
557
304
378
530
553
615
17
25
33
34
47
179
202
203
256
330
331
243
296
313
21
25
48
152
204
238
331
60
131
158
163
200
394
482
9
487
179
223
231
231
246
27
33
34
35
35
177
179
202
330
76
79
155
161
162
477
3
55
132
160
361
502
4
5
33
179
181
272
274
589
2
3
36
239
398
515
10
130
174
325
172
176
476
573
29
34
35
202
207
210
211
212
344
346
24
33
34
35
35
180
202
51
53
267
416
67
222
334
417
507
29
30
33
34
35
210
211
212
344
363
51
53
53
117
203
263
22
28
31
40
47
49
152
203
204
204
260
26
90
117
202
204
207
260
263
92
268
290
292
406
77
268
292
294
337
406
12
148
183
246
322
328
24
29
34
35
210
211
212
262
330
332
334
334
363
81
196
204
287
315
511
116
125
252
387
467
22
47
49
257
259
259
276
93
233
380
419
461
474
540
16
17
33
34
34
179
202
256
330
333
363
16
27
33
56
205
330
333
2
3
52
122
308
369
554
2
2
4
36
37
39
120
254
333
3
3
219
2
3
9
82
132
303
447
508
102
349
391
7
90
164
177
181
286
306
323
31
52
158
200
227
293
583
4
15
23
28
33
47
203
253
331
46
368
469
623
11
31
85
123
152
196
199
33
94
116
180
192
252
263
355
355
388
392
445
495
512
132
148
148
160
246
322
60
63
110
158
286
481
11
28
31
33
34
177
179
202
256
331
23
28
31
48
49
180
181
196
204
339
56
69
70
199
310
327
17
34
58
171
460
3
143
235
318
547
22
23
25
28
47
49
238
253
258
259
331
331
129
129
183
203
260
261
263
263
328
412
27
27
33
34
66
205
274
29
34
35
202
207
211
212
344
345
346
80
131
165
165
217
250
446
24
35
68
173
211
262
334
345
88
88
90
129
263
30
33
35
202
210
211
330
332
333
342
343
345
28
29
31
33
177
179
180
181
202
203
204
339
29
33
34
35
212
262
334
343
344
363
24
33
34
35
72
202
330
7
7
17
33
34
35
36
51
53
164
180
28
33
35
203
204
264
266
29
33
34
177
179
180
181
202
277
79
477
28
33
47
48
49
196
203
204
260
339
206
319
619
0
90
126
206
292
294
406
52
58
163
287
394
505
511
3
132
33
34
35
334
344
346
55
132
160
370
409
121
172
316
485
4
4
33
38
177
179
181
273
291
333
113
215
251
440
501
7
164
164
164
225
27
31
34
258
490
539
23
31
33
34
35
47
177
179
180
196
204
56
173
261
290
308
310
33
34
35
211
28
33
47
72
177
180
277
25
28
31
34
152
203
248
264
339
167
349
391
505
24
33
34
34
35
35
180
181
202
330
28
61
177
260
264
331
339
58
163
167
190
297
131
217
468
16
29
33
34
35
38
179
180
256
333
4
58
216
272
273
288
288
23
28
47
48
49
196
258
259
61
61
177
179
261
261
263
333
33
34
35
179
180
180
181
192
224
390
390
33
35
54
196
201
204
62
139
424
604
52
89
154
238
367
384
483
527
138
237
311
448
33
34
35
210
211
262
332
333
342
345
346
33
44
49
282
298
393
617
22
32
49
203
204
257
258
259
298
77
237
311
337
362
31
59
179
196
202
290
309
27
33
34
35
177
179
180
202
291
330
33
34
178
178
180
181
292
2
15
22
36
37
39
47
203
257
4
15
23
26
47
203
238
253
258
259
260
272
273
15
25
28
47
48
49
49
238
253
258
259
26
33
38
38
177
179
180
181
291
145
237
281
311
183
323
328
357
372
420
557
34
35
35
202
207
211
334
345
29
30
30
35
202
210
211
332
334
343
344
345
363
563
587
33
34
35
35
177
202
205
330
126
195
206
417
2
26
33
36
38
181
272
273
498
11
16
26
26
32
33
47
48
180
181
260
276
29
34
35
202
207
210
211
262
332
334
363
19
28
31
179
202
202
205
256
264
274
15
21
47
49
196
238
253
253
258
259
276
11
23
31
47
48
49
203
238
0
6
6
48
51
52
90
259
275
289
335
7
68
99
185
203
314
387
153
168
177
195
277
291
356
332
395
517
545
569
34
59
256
284
404
570
99
189
437
24
29
34
35
202
207
210
256
266
363
15
25
33
34
40
47
49
331
339
16
17
29
33
34
202
211
212
333
334
2
97
269
285
333
336
498
591
7
68
164
165
250
314
29
34
35
35
202
207
210
210
212
262
334
346
13
42
73
73
85
196
290
10
151
307
376
31
137
201
248
270
385
30
35
202
212
329
345
346
290
326
434
121
133
172
485
601
0
33
51
52
53
293
293
335
19
37
39
39
166
223
462
4
5
18
34
220
273
301
87
87
240
335
407
602
31
33
34
35
180
208
331
17
33
34
38
177
180
181
181
284
21
23
28
47
49
203
253
253
253
258
259
275
331
18
20
28
203
204
208
208
264
4
21
48
49
253
258
259
272
273
63
234
286
323
330
373
15
32
47
48
49
238
253
258
31
50
54
124
169
204
331
484
19
25
31
47
48
49
253
259
120
209
285
519
567
33
63
90
286
374
436
457
33
34
35
179
274
284
333
342
363
6
21
37
39
48
52
258
33
34
35
177
179
180
181
356
369
554
622
32
32
49
258
259
276
276
57
99
215
409
610
148
261
293
322
335
22
34
37
49
254
330
333
24
35
202
210
211
212
262
334
363
51
53
53
53
53
126
292
406
29
33
34
35
35
177
178
179
180
330
19
28
49
203
208
216
238
288
288
35
399
431
524
592
30
33
34
34
35
177
179
202
277
60
60
158
415
503
269
271
14
197
328
372
412
184
285
336
555
567
27
118
360
535
599
15
19
31
47
48
238
258
272
273
276
396
396
584
33
34
72
85
128
196
66
117
209
263
272
273
71
79
135
162
206
520
3
136
182
308
165
215
215
250
251
277
3
117
202
239
263
290
308
24
29
34
35
202
207
210
211
212
332
344
345
363
163
190
190
279
24
33
35
202
207
211
332
334
344
363
15
22
37
39
47
48
49
238
253
258
259
33
34
35
35
177
180
202
80
99
165
203
208
215
331
28
34
256
287
490
511
223
231
242
388
445
34
35
35
210
211
212
332
345
33
34
153
153
180
181
284
291
33
35
72
177
179
202
205
277
342
33
80
165
215
274
168
195
206
415
503
518
8
103
202
215
277
409
560
568
11
11
23
31
32
48
49
203
28
31
33
38
81
152
196
339
23
25
31
40
138
259
331
413
448
52
64
365
423
449
34
35
35
202
211
212
334
345
9
487
34
153
195
425
564
81
85
85
123
191
191
196
0
42
73
118
486
599
6
32
52
258
272
273
276
384
17
17
33
34
35
181
458
3
18
20
122
215
24
33
35
202
211
334
343
363
33
35
177
179
180
181
181
202
33
34
35
202
211
330
334
345
168
223
231
261
377
19
23
31
40
48
152
203
204
253
258
2
3
36
37
69
199
258
261
276
296
313
519
521
606
9
36
82
123
191
487
7
164
349
375
391
20
52
87
249
293
335
26
28
34
123
196
260
309
271
364
30
33
34
35
35
179
202
262
330
334
343
16
47
49
238
253
259
275
331
333
11
21
31
47
253
331
29
34
35
202
207
210
262
330
333
334
342
343
344
345
346
33
34
35
177
178
178
179
180
181
330
333
342
35
202
345
396
396
584
82
85
191
561
33
34
35
202
211
212
334
24
30
33
34
35
210
211
262
262
330
332
333
334
344
363
363
0
6
52
153
177
181
486
24
26
31
33
90
177
179
203
204
263
263
363
33
72
181
214
326
354
429
434
506
23
28
33
35
47
203
204
238
34
35
211
256
411
592
6
12
31
52
293
452
456
3
55
96
261
267
416
54
58
201
306
323
339
373
572
27
49
528
535
552
620
166
243
462
15
28
47
223
264
383
464
33
34
35
202
210
344
345
156
236
382
504
189
437
495
34
35
210
211
212
330
332
344
345
363
33
34
35
202
204
309
339
33
34
34
35
177
202
333
342
363
68
99
165
215
217
249
7
16
51
53
216
275
289
314
33
146
215
217
242
277
24
34
202
210
212
262
332
334
33
35
177
178
179
180
181
181
274
33
81
179
180
214
291
100
563
11
28
32
196
204
238
253
259
28
31
40
48
196
203
204
238
260
339
4
24
30
33
34
35
177
202
273
333
333
188
255
265
366
79
135
206
513
3
168
180
261
261
409
21
22
37
39
47
257
275
4
66
120
209
209
354
506
34
179
181
181
246
256
113
501
21
32
49
238
253
258
258
289
52
110
247
287
15
17
19
21
34
40
203
253
169
450
612
24
34
35
152
202
204
331
339
30
33
34
35
332
342
343
23
28
61
69
85
191
199
203
30
33
35
202
210
211
262
332
5
18
20
33
34
34
202
205
272
273
330
30
33
179
181
187
205
261
186
252
283
480
22
33
49
103
180
277
350
16
33
34
152
180
204
256
339
115
130
490
302
304
534
16
33
34
35
61
177
180
202
220
15
25
28
31
152
196
203
204
204
238
264
7
51
90
90
240
263
43
163
301
408
443
168
195
509
3
67
215
222
245
493
34
35
40
47
203
204
208
259
33
35
134
177
214
261
356
44
70
327
442
19
32
40
48
54
201
276
413
481
33
177
192
251
291
440
29
34
35
35
202
207
210
212
345
2
36
39
65
200
455
24
33
35
202
212
332
334
46
100
168
195
368
66
120
209
213
78
161
162
473
491
33
34
59
59
72
72
148
181
322
2
3
12
36
148
160
219
409
15
47
48
49
238
253
258
276
289
201
481
11
25
28
30
31
34
35
203
204
260
339
339
29
202
323
330
344
396
15
34
196
290
330
331
333
339
99
215
215
245
0
31
37
39
48
90
126
152
256
257
294
44
184
442
555
28
74
81
183
315
328
357
221
224
390
438
585
27
226
478
7
51
81
164
172
255
485
25
28
31
47
152
196
203
204
204
260
260
339
11
31
33
34
35
196
204
339
29
34
35
35
178
202
207
262
345
346
33
181
291
333
403
600
36
69
70
91
191
442
25
33
34
47
177
207
331
333
43
43
124
285
336
443
484
34
35
202
332
346
395
29
30
33
34
38
177
180
181
181
202
333
86
131
217
482
492
114
134
386
405
487
33
34
35
202
210
334
627
1
67
222
407
602
47
48
49
238
258
259
276
331
30
30
33
34
35
332
334
363
33
34
35
72
72
202
336
543
591
608
15
32
47
48
49
196
238
253
29
33
34
180
181
202
24
29
33
35
202
210
212
262
334
345
363
24
29
30
34
35
210
332
344
345
346
363
363
33
34
35
202
211
334
80
446
580
616
67
222
222
256
389
29
34
35
202
207
210
211
345
346
4
5
18
20
33
272
274
3
92
219
261
436
457
52
105
261
335
403
600
312
316
5
18
20
33
179
202
207
216
288
29
33
34
35
35
202
210
211
212
346
32
49
138
203
259
311
3
111
230
303
432
547
47
49
177
216
288
331
333
2
3
55
57
122
136
409
17
27
30
33
34
181
181
23
48
49
238
276
289
17
33
34
35
179
202
410
33
34
35
35
330
334
344
346
87
88
129
240
263
2
36
36
69
132
163
541
22
28
47
49
208
253
258
259
264
30
33
34
34
35
332
334
16
33
34
34
35
177
179
216
274
2
36
37
39
91
386
23
27
48
100
371
535
563
587
6
27
28
33
52
74
177
33
34
35
202
211
212
167
355
495
505
31
49
152
204
238
259
484
24
29
35
202
210
212
334
344
345
346
363
363
15
24
25
30
31
33
47
180
202
203
204
262
331
0
52
379
384
486
33
34
35
35
177
179
180
202
277
333
17
24
29
30
30
33
34
35
202
211
4
15
22
31
49
120
463
24
29
34
35
35
202
207
212
332
345
363
11
26
31
128
196
253
254
258
260
142
357
420
467
5
18
20
249
537
16
27
33
35
38
177
181
256
82
226
447
478
83
166
243
462
24
29
35
202
211
212
334
343
344
346
363
108
392
512
611
613
0
3
90
486
547
232
439
556
598
616
16
58
206
216
216
288
34
35
210
212
330
332
334
344
23
25
28
31
40
196
204
253
260
331
339
26
261
275
289
327
335
25
26
33
47
90
152
196
339
24
26
38
173
202
290
75
443
31
33
34
35
177
178
179
180
181
202
205
291
34
35
35
202
207
332
346
9
82
255
281
513
33
34
72
153
177
202
302
304
534
121
312
316
485
179
205
231
274
330
414
523
2
2
3
3
36
58
2
3
55
122
277
333
342
409
409
5
18
28
33
47
177
180
28
30
33
34
34
35
47
177
179
202
203
204
79
116
162
206
252
2
22
36
44
48
49
254
257
258
259
331
442
28
32
37
39
48
49
203
204
238
258
264
331
6
51
52
53
90
255
33
34
35
177
179
180
202
217
37
39
47
48
48
48
49
127
258
259
26
28
47
49
196
204
238
253
259
15
23
31
33
47
203
259
275
79
161
162
279
522
155
477
566
0
16
52
56
58
216
310
183
197
200
241
328
70
80
91
165
327
582
17
30
34
180
210
280
119
324
465
588
15
21
28
31
37
39
49
258
54
71
441
520
542
29
136
202
290
308
451
435
483
544
618
56
163
163
190
203
261
290
33
34
153
177
179
180
180
181
181
202
13
49
73
89
89
238
254
38
60
158
178
180
181
583
24
35
173
342
346
27
33
192
202
360
371
30
33
35
202
344
451
92
269
271
78
491
24
30
30
33
35
202
207
210
211
346
363
101
169
348
532
1
80
261
327
383
407
464
18
20
29
33
34
202
210
206
365
449
25
31
47
48
48
49
49
196
204
238
258
260
339
402
514
548
95
116
133
252
601
34
180
193
263
278
69
106
112
147
199
621
3
3
55
122
200
409
389
418
418
527
33
163
180
190
202
62
139
235
444
5
5
18
20
20
33
272
273
29
30
34
35
202
210
211
334
164
225
375
11
25
37
42
47
48
73
196
254
259
157
194
218
247
287
546
12
131
141
217
323
422
16
26
38
58
170
202
216
260
339
33
34
35
35
177
179
202
24
30
35
211
332
334
346
363
363
63
63
131
286
383
464
482
482
0
2
36
69
126
181
33
35
210
211
262
334
379
384
435
483
558
299
526
626
25
33
34
47
48
177
180
180
181
33
34
35
202
211
330
334
33
34
177
179
180
489
5
18
20
66
249
272
273
45
510
525
551
21
47
127
208
253
295
34
35
35
202
207
344
345
346
17
29
30
34
35
202
207
256
262
11
26
47
49
254
258
259
260
154
359
367
428
562
30
30
33
34
35
332
334
343
345
80
29
33
34
35
153
177
181
202
333
13
37
73
73
258
599
321
465
581
588
247
287
315
392
511
512
546
54
54
201
381
574
29
212
244
329
393
579
11
11
23
23
26
28
31
48
208
238
259
260
34
159
234
284
330
595
33
35
179
274
274
384
483
221
340
387
467
577
585
163
167
505
29
30
33
34
35
332
344
345
51
52
53
53
293
294
406
29
34
35
35
178
202
207
211
212
344
345
22
32
37
39
48
49
238
257
258
4
120
150
209
341
536
6
33
38
52
291
407
29
30
33
34
35
210
211
212
343
34
35
210
211
212
332
345
346
363
6
293
335
407
101
169
299
526
532
34
35
35
202
207
284
33
292
294
406
594
24
29
30
33
35
202
210
212
332
343
33
58
72
163
190
202
22
48
49
238
257
289
298
17
29
90
178
181
256
486
30
34
35
35
202
207
211
344
345
346
197
236
328
504
533
597
33
34
35
202
330
332
334
118
132
160
508
541
33
34
47
127
180
181
50
67
196
507
565
282
393
453
104
141
338
422
624
202
210
212
262
262
343
345
24
35
202
332
334
343
345
346
363
363
76
161
248
385
481
34
61
91
92
191
261
29
30
34
35
202
207
210
332
23
28
31
34
59
203
238
331
13
42
42
73
73
11
15
31
203
204
208
238
253
257
331
33
34
34
153
179
181
181
181
274
291
3
58
122
625
33
47
49
275
289
289
289
295
11
23
25
26
28
33
40
196
204
253
290
331
21
47
48
181
208
253
331
458
24
26
26
28
30
34
181
202
203
204
260
262
264
331
333
339
342
24
29
35
202
211
212
332
334
344
363
50
109
162
169
477
559
614
70
165
235
250
3
126
168
195
219
509
66
69
199
199
203
209
253
258
263
24
34
35
202
207
332
334
343
344
345
29
30
34
35
202
207
210
211
212
332
479
510
529
25
31
33
48
152
177
274
291
331
137
270
137
270
320
427
30
34
35
35
59
202
344
24
30
33
35
207
210
334
343
363
30
33
34
35
211
330
334
344
7
29
30
33
51
90
202
205
262
4
22
39
40
47
48
49
238
253
259
272
273
126
181
292
294
321
581
14
108
223
342
353
388
611
19
21
31
33
48
238
253
10
64
151
423
88
116
117
175
263
33
34
38
202
263
333
5
18
173
272
290
342
33
34
59
192
274
28
31
33
179
202
203
204
207
264
16
33
36
38
58
171
455
21
37
42
48
73
238
253
33
35
51
53
255
277
124
203
259
285
336
484
484
50
67
169
222
5
16
18
33
34
35
181
280
110
247
459
546
29
30
33
34
35
178
179
181
202
330
333
342
23
25
26
31
33
40
48
196
203
204
204
258
260
331
339
