0
1
0
2
3
0
4
0
5
0
3
0
6
0
7
0
2
0
8
0
8
9
0
6
8
9
10
11
0
4
5
0
5
6
0
12
0
9
0
4
5
6
9
13
0
14
0
4
5
8
9
10
0
15
0
16
0
5
9
0
4
5
9
13
17
0
18
0
19
0
4
5
9
0
20
21
22
23
24
25
0
13
0
26
0
24
0
5
9
10
11
0
25
0
27
0
28
0
29
0
30
0
11
0
31
0
4
5
6
7
8
9
10
11
13
28
0
4
5
6
9
10
11
13
0
6
13
15
0
32
0
33
0
1
21
22
23
25
0
22
23
25
0
21
23
28
34
35
36
0
23
0
22
23
0
14
18
22
23
25
37
38
0
2
5
14
18
20
22
23
24
25
38
39
40
41
42
0
3
18
27
33
41
43
44
0
18
44
0
3
17
18
25
27
33
41
43
44
0
18
30
0
2
3
17
18
25
26
27
33
39
40
41
43
44
45
46
0
3
18
30
41
44
0
1
5
0
5
6
7
9
13
0
5
11
0
5
6
8
9
10
11
0
4
5
6
7
8
9
10
11
13
0
5
6
7
13
0
5
6
13
0
4
5
6
7
9
10
11
0
4
5
14
38
0
4
5
7
9
10
0
20
21
23
25
0
1
20
21
36
39
47
48
49
50
0
1
4
5
20
21
22
23
24
25
43
51
0
1
20
21
22
23
24
25
36
39
41
43
48
49
52
53
54
55
0
22
23
24
25
0
1
21
22
23
24
25
0
1
5
14
18
21
24
25
37
43
51
56
57
0
24
25
43
44
0
2
3
14
17
33
41
44
45
46
58
0
3
14
18
27
41
58
0
3
14
27
33
41
44
0
2
4
5
14
17
26
27
33
41
44
46
59
60
61
62
0
5
6
8
9
10
11
13
0
4
5
6
7
8
9
10
11
12
0
4
5
6
7
8
9
10
11
15
28
63
0
3
14
27
28
33
38
44
64
65
0
3
17
44
0
44
0
2
3
5
17
44
66
67
68
0
2
3
5
33
44
65
66
68
69
0
2
3
5
44
66
0
2
3
17
33
44
62
64
65
67
68
69
0
2
3
17
33
44
62
0
2
3
5
17
33
44
62
67
68
0
2
3
5
17
33
44
64
65
67
68
69
0
5
44
0
3
5
14
17
33
44
62
65
66
67
68
0
2
3
5
14
33
41
42
58
0
2
3
5
33
42
44
58
0
3
44
66
0
6
10
11
0
10
11
0
5
10
11
0
5
10
0
10
30
0
10
1
21
1
50
1
23
1
5
1
39
49
50
1
39
49
1
21
23
25
1
21
22
23
25
70
1
21
22
23
25
1
21
22
23
1
21
23
1
23
25
1
22
23
25
1
20
22
23
25
1
20
21
22
23
25
1
22
23
25
30
35
36
1
14
18
22
23
38
70
1
22
23
1
47
1
5
50
1
5
39
50
1
20
21
22
1
20
21
25
39
47
48
49
50
1
21
39
47
48
49
50
52
1
21
22
25
47
1
20
21
25
1
21
49
1
20
21
22
24
25
1
6
16
1
6
1
55
1
13
1
4
5
6
7
9
11
13
15
30
44
50
52
63
64
71
72
73
1
39
48
49
50
55
74
1
74
1
39
48
49
50
74
75
2
3
33
44
2
33
2
33
64
2
27
2
76
2
33
38
42
2
11
2
14
2
64
2
3
44
2
41
2
40
41
2
58
2
3
2
38
2
18
2
37
2
68
2
77
2
78
2
78
79
80
3
26
33
3
18
3
14
18
26
3
14
18
3
81
3
82
3
44
82
3
5
3
83
3
30
83
84
3
42
3
42
62
3
14
3
66
3
84
3
44
66
3
44
3
85
3
58
3
86
3
87
3
59
3
5
67
3
26
3
33
3
81
88
3
40
3
89
3
12
3
38
3
14
38
3
37
4
23
4
79
4
60
79
4
6
9
79
4
5
79
4
5
4
5
9
4
5
7
8
9
10
11
4
5
9
10
4
5
6
7
9
10
11
4
5
6
7
10
11
28
4
5
6
7
9
11
13
15
30
63
72
4
5
15
4
5
13
4
5
6
9
11
13
15
4
5
6
7
11
13
15
30
72
4
5
6
9
11
13
4
5
13
15
4
5
6
9
11
13
15
30
72
4
5
6
9
11
13
15
72
4
59
4
72
4
14
4
5
9
87
4
87
4
5
6
11
13
28
4
14
26
30
33
44
59
60
68
69
90
91
4
13
4
7
50
4
15
4
39
4
26
30
5
33
44
5
6
63
5
6
9
11
44
63
68
89
5
79
5
9
5
86
5
58
5
7
5
6
5
10
5
16
5
65
5
8
5
14
5
11
5
5
6
13
5
8
9
10
11
5
30
5
29
5
7
10
11
5
28
5
33
5
64
5
8
10
11
5
10
11
5
13
5
6
8
10
11
13
28
5
30
52
5
72
5
50
5
44
5
59
5
14
33
5
87
5
15
72
5
15
72
87
5
15
5
38
5
45
79
5
11
65
5
19
29
30
33
38
39
44
45
46
92
5
27
30
33
38
39
44
46
51
92
5
30
33
38
44
45
5
27
30
33
38
44
45
51
5
14
27
30
37
38
44
45
5
6
11
5
6
7
11
13
5
14
44
5
39
5
29
30
5
52
5
6
9
72
5
45
6
63
93
6
63
6
62
63
6
13
63
93
6
79
6
9
6
11
13
6
11
6
16
6
13
6
93
6
9
11
13
63
6
12
13
6
12
6
6
11
13
63
93
6
11
12
6
11
12
13
6
11
13
63
6
8
9
11
12
13
63
6
11
12
13
63
93
6
12
13
63
93
6
72
6
28
63
6
11
12
13
28
63
6
12
63
6
11
12
13
28
6
15
6
8
6
8
13
6
12
13
63
6
28
6
13
63
6
50
6
87
6
66
6
63
71
72
87
89
93
6
10
11
63
71
72
93
6
63
72
93
6
63
86
93
7
27
28
63
73
86
87
93
94
95
7
79
7
93
7
13
7
28
7
73
7
11
7
15
7
10
8
11
8
10
9
13
9
9
72
10
24
10
11
10
96
10
16
11
52
83
11
11
89
11
15
11
52
11
63
11
15
59
11
13
11
28
11
30
12
97
98
12
98
12
29
98
12
99
12
28
12
29
30
52
12
30
12
52
13
27
63
94
97
100
13
97
13
87
13
15
13
29
13
29
30
98
14
33
58
69
14
33
14
33
58
14
33
37
38
14
27
58
14
27
14
18
27
14
18
27
38
14
18
27
37
51
57
58
101
14
27
38
14
18
27
32
37
38
51
56
101
102
14
27
38
51
14
51
14
37
51
14
38
103
14
18
22
23
25
14
18
22
23
25
37
38
14
18
22
23
38
14
18
23
38
14
18
20
22
23
25
37
38
14
18
22
23
25
38
14
18
22
23
37
38
14
18
40
41
14
18
14
18
41
58
14
18
58
14
18
41
14
18
33
41
58
14
18
22
37
43
14
18
30
14
18
37
14
18
38
14
26
79
14
79
14
43
51
14
18
43
58
14
43
14
18
43
14
18
22
24
37
38
43
51
14
32
14
31
76
104
105
106
14
42
58
14
42
14
18
21
22
23
24
25
37
14
18
24
14
24
14
24
57
14
20
24
37
38
43
56
57
14
38
14
18
38
101
107
14
37
38
14
19
27
38
51
14
26
14
37
14
58
14
14
41
14
45
14
30
14
18
51
14
22
14
62
14
44
14
73
14
24
51
57
14
19
14
25
14
56
14
18
37
41
14
37
41
14
39
14
18
22
27
32
37
38
51
56
101
102
107
108
14
17
14
18
101
14
18
37
38
58
101
14
101
14
33
44
69
14
18
44
14
38
41
14
18
20
14
19
37
38
58
14
18
22
27
32
37
38
51
57
102
107
14
37
44
14
37
38
101
14
19
37
38
15
15
87
15
109
16
45
79
16
79
16
45
16
26
17
63
17
62
63
17
100
17
17
44
18
27
37
18
27
18
27
38
18
67
18
51
18
23
18
22
23
18
22
23
30
18
41
44
18
24
18
37
101
18
41
18
43
18
110
18
58
18
22
18
20
18
18
25
18
40
41
18
30
18
57
18
41
111
18
101
18
37
18
22
24
25
18
56
18
27
42
43
18
44
18
25
41
18
22
25
18
42
18
45
18
62
18
43
51
18
37
56
57
18
102
18
38
18
37
43
18
58
101
18
32
101
18
20
24
37
41
43
111
18
111
19
33
19
33
38
19
33
64
69
73
90
19
33
64
73
90
19
27
19
51
19
64
90
19
90
19
38
76
19
76
19
42
19
38
19
38
51
19
64
19
64
69
90
19
101
19
71
19
41
19
73
19
58
19
30
34
35
36
57
19
31
19
31
38
19
37
19
37
38
19
92
19
62
20
103
20
23
20
21
22
23
25
20
23
25
20
21
23
25
20
22
23
25
20
102
20
43
102
20
24
43
111
20
43
20
31
43
20
31
43
111
20
21
25
20
21
25
53
20
21
20
83
20
76
20
24
20
112
20
98
20
111
20
43
111
20
37
41
43
111
20
24
37
41
43
111
20
24
41
43
111
20
41
111
20
31
111
20
101
20
37
20
22
24
41
43
20
20
105
20
106
20
37
43
20
38
20
21
22
23
24
25
20
21
22
23
24
25
43
20
81
96
20
41
43
20
21
23
25
43
20
24
43
20
25
20
24
25
20
31
20
22
25
111
20
22
25
20
22
23
24
25
20
31
106
20
31
43
76
83
98
99
103
105
106
111
113
20
31
43
76
83
98
99
103
104
105
106
111
113
20
31
103
21
23
25
21
22
23
24
25
21
23
21
22
23
25
21
23
25
43
21
22
23
21
22
23
25
36
21
22
23
24
25
36
21
22
23
25
28
36
21
70
21
39
47
52
21
25
21
48
49
21
49
21
48
21
52
21
36
21
47
21
21
54
21
25
49
21
43
21
23
24
21
24
25
21
24
22
23
25
22
23
24
25
22
23
22
23
25
28
35
36
22
23
25
34
35
36
22
23
25
30
35
36
22
23
30
22
43
22
42
22
24
22
24
25
22
24
102
22
38
22
27
56
22
111
22
24
111
22
58
23
25
23
24
23
28
23
34
23
114
23
23
28
35
23
24
25
23
36
23
28
36
23
28
34
23
28
34
35
23
34
35
23
30
34
35
23
30
34
35
36
23
30
23
57
23
115
23
35
23
116
117
118
23
119
23
28
35
114
117
24
27
24
36
51
24
102
24
43
24
32
24
76
24
42
43
24
42
24
56
57
24
25
24
57
24
58
24
36
24
24
37
24
101
24
51
24
56
24
103
24
25
36
24
51
56
57
24
108
24
37
56
57
102
24
51
101
24
57
58
24
37
38
51
57
107
108
25
42
25
38
25
112
25
111
26
79
26
68
82
87
26
33
26
89
26
44
26
45
26
69
26
87
26
91
26
68
26
44
68
96
120
26
121
26
44
96
121
26
44
96
26
122
27
58
27
88
27
38
27
87
93
27
37
27
51
27
57
27
101
27
72
86
87
88
93
94
95
100
122
27
94
27
30
27
42
27
87
94
27
31
27
27
86
87
27
56
27
72
27
87
27
111
27
103
27
108
27
28
64
71
27
42
58
101
27
44
28
63
28
34
28
34
35
28
34
35
114
28
34
36
28
34
35
108
28
34
114
28
123
28
86
28
119
28
71
28
98
28
34
98
28
71
73
86
87
93
122
28
71
122
28
122
28
117
28
114
28
35
28
35
114
28
35
114
117
28
36
28
114
117
28
124
28
28
35
36
114
28
114
119
28
35
114
117
119
28
35
36
28
73
28
71
73
28
107
117
119
28
35
107
28
64
28
35
114
119
28
35
107
114
117
119
28
63
71
28
35
117
28
97
29
34
29
86
29
98
29
97
98
29
30
98
29
99
29
98
99
29
97
99
29
31
51
57
101
29
97
29
30
29
30
97
29
87
30
79
30
83
30
52
83
30
31
76
104
105
106
30
38
30
98
30
52
98
30
97
30
86
30
52
30
60
31
103
111
31
43
31
43
111
31
76
83
31
76
31
76
104
105
106
31
76
111
31
76
106
31
76
83
99
104
105
106
111
113
31
76
111
113
31
76
113
31
76
104
105
106
113
31
38
76
31
76
104
105
106
111
31
38
76
105
31
76
104
106
31
76
105
111
113
31
76
83
104
106
31
43
76
31
76
83
104
105
106
111
113
31
76
104
106
125
31
76
105
113
31
76
105
31
76
104
105
106
125
31
65
31
112
31
84
31
98
31
98
111
31
111
31
106
31
103
31
105
31
76
105
106
31
83
31
106
111
31
38
31
104
31
111
113
31
31
113
31
104
105
31
92
31
76
104
31
76
104
125
31
76
106
125
31
112
113
31
125
31
33
73
32
36
32
36
107
108
32
36
108
32
34
107
32
34
32
108
123
32
123
32
108
32
34
108
32
37
32
107
32
35
108
32
110
32
42
32
58
32
117
32
101
32
42
107
32
35
107
108
116
33
90
33
69
33
73
33
42
33
58
33
37
33
64
65
69
33
38
33
62
33
33
71
73
33
41
33
71
33
37
65
33
69
73
33
65
33
67
33
52
33
69
90
33
64
69
33
44
62
33
96
33
59
33
44
33
73
90
33
41
58
76
33
69
73
76
33
73
76
33
76
33
38
76
33
64
69
90
33
69
71
33
64
69
71
73
90
33
106
34
36
34
43
102
34
102
34
107
117
34
35
34
35
114
34
114
34
34
108
34
35
117
34
118
34
116
34
117
34
107
34
35
108
114
34
124
34
36
107
108
34
35
36
107
123
34
123
34
35
107
108
123
34
35
36
107
108
123
34
107
108
34
35
36
107
108
34
36
108
34
36
108
123
34
112
34
35
107
34
98
34
126
34
35
116
34
35
107
108
116
118
35
36
107
116
35
116
117
35
117
35
116
117
118
126
35
107
117
35
116
117
119
127
35
114
123
124
35
123
35
108
116
119
123
35
107
108
117
35
108
35
114
35
114
116
117
35
108
114
117
123
35
114
116
119
35
114
116
35
114
118
35
114
119
35
114
117
119
35
119
35
36
119
35
116
119
127
35
118
35
118
126
35
116
118
119
126
35
116
117
118
124
126
35
107
35
107
108
35
116
126
35
116
118
126
35
116
117
124
35
116
124
35
124
35
116
35
116
117
119
35
116
117
118
119
35
116
118
123
35
116
118
35
107
116
35
116
127
35
107
108
116
35
127
36
116
117
119
123
36
118
36
124
36
107
36
108
36
108
123
36
117
36
36
123
36
119
36
116
36
114
36
107
108
123
36
42
36
117
124
36
116
117
37
51
37
56
102
37
81
37
43
37
42
37
38
42
37
42
58
37
38
37
101
37
38
92
101
37
62
37
58
37
57
37
56
37
45
38
67
38
51
38
43
38
76
38
42
38
65
38
101
38
38
103
38
46
38
59
38
56
38
111
38
105
38
92
38
76
105
111
38
92
101
38
44
38
41
38
58
38
45
39
128
39
76
39
45
76
39
45
46
76
39
41
45
46
76
39
50
39
46
39
70
39
47
48
49
50
55
74
39
48
49
50
53
75
40
92
40
41
45
60
61
40
78
40
53
40
41
40
129
41
79
41
43
41
42
41
47
41
92
41
43
111
41
94
41
47
61
41
53
41
110
41
111
41
45
111
41
106
42
43
42
92
42
116
42
51
42
42
123
42
57
42
56
42
58
42
109
42
62
42
110
42
51
58
43
103
43
102
43
111
43
113
43
43
58
101
43
51
43
58
43
76
43
112
43
101
44
67
44
82
44
82
96
130
131
44
82
130
44
82
121
130
44
82
96
121
44
82
89
121
130
44
82
96
44
130
44
120
44
68
44
58
44
65
44
67
68
82
96
121
130
131
44
109
44
99
44
82
121
44
96
131
44
65
67
44
65
67
68
44
67
96
130
44
67
68
96
130
44
96
130
131
44
62
44
90
44
87
44
96
44
65
68
96
121
44
66
44
65
67
68
82
91
96
120
121
130
131
44
62
63
44
106
45
79
46
60
80
132
46
46
110
46
60
110
46
111
47
80
47
61
47
111
47
52
47
128
47
74
48
49
48
49
54
48
54
75
48
54
48
53
74
48
53
48
55
48
53
54
75
48
49
54
75
48
74
48
49
74
49
53
49
54
49
74
50
74
51
51
101
51
56
51
105
51
58
52
128
52
83
52
83
88
52
98
52
99
52
83
88
99
52
62
52
106
52
88
106
52
74
52
88
52
125
52
83
99
52
109
53
112
53
133
53
75
53
74
75
134
53
54
53
74
128
135
136
137
138
53
138
53
74
53
139
53
70
53
74
128
135
136
137
138
139
53
135
53
53
134
53
137
53
128
53
136
53
128
138
53
74
128
133
135
136
137
138
53
74
128
133
136
137
138
139
53
128
133
136
137
138
53
75
128
133
136
137
138
54
136
54
128
54
75
134
54
75
54
74
54
134
54
138
55
74
56
57
102
56
81
56
114
56
103
56
107
56
101
56
110
56
62
57
102
57
101
57
58
57
70
92
57
108
58
67
58
65
58
101
58
92
58
58
103
59
89
59
79
59
82
130
59
93
59
85
88
93
59
99
59
91
59
73
59
85
60
79
60
110
61
78
61
129
61
79
61
78
79
62
63
62
98
62
62
63
140
63
93
63
89
63
65
63
72
63
86
63
86
93
63
63
83
63
140
63
100
64
65
64
69
64
90
64
73
64
68
64
69
106
65
130
65
68
65
67
68
82
96
121
130
131
66
82
89
130
66
93
67
90
67
68
67
96
68
113
68
82
68
82
121
130
68
99
69
90
69
73
70
74
71
86
87
71
86
71
86
87
93
71
90
71
87
71
73
71
73
90
71
72
73
93
122
71
122
72
86
72
86
93
72
86
87
93
72
93
73
86
73
130
73
98
73
90
91
73
73
90
74
128
74
138
74
74
137
74
75
74
134
74
94
75
136
75
128
75
134
75
138
75
128
138
76
104
105
106
125
76
104
105
125
76
105
76
104
105
76
98
105
106
111
76
104
76
111
76
106
76
106
113
76
113
76
83
76
111
113
76
105
111
113
76
108
76
104
125
76
104
106
125
76
125
76
105
113
76
104
106
76
88
76
112
76
76
99
105
76
105
106
76
98
76
104
105
106
76
106
125
76
105
106
125
77
78
77
79
77
110
78
79
80
78
80
79
80
79
89
79
141
80
132
80
111
80
142
80
110
81
85
81
82
130
81
82
81
84
82
121
82
121
130
82
130
82
82
85
82
120
131
82
131
82
85
121
130
82
89
82
120
82
87
82
87
96
82
96
121
82
96
82
100
82
120
121
82
120
130
82
91
82
140
82
112
82
112
140
82
108
82
114
82
98
83
99
113
83
113
83
100
83
99
83
98
83
85
83
88
83
84
83
140
84
93
84
85
84
88
84
85
89
85
99
86
93
86
122
86
87
93
86
87
86
90
86
97
87
122
87
93
88
113
88
98
88
99
88
99
113
88
106
88
104
106
88
89
90
100
90
91
90
109
92
110
92
93
122
93
94
122
94
111
94
109
96
115
96
98
97
99
97
98
99
98
105
106
98
112
98
98
118
98
120
98
99
98
106
98
125
98
140
99
113
99
105
99
112
99
104
99
99
104
113
99
125
99
106
100
101
101
107
101
116
127
102
103
103
107
103
103
111
103
112
103
106
104
105
104
105
125
104
106
104
105
106
104
106
125
105
105
106
105
106
125
105
111
105
106
111
106
113
106
112
106
111
106
125
106
107
117
107
123
107
108
107
119
107
116
108
117
123
108
117
108
123
108
108
114
123
108
119
108
116
126
108
116
123
109
110
110
132
141
142
111
112
111
112
113
111
111
115
112
112
125
112
113
112
140
113
131
114
142
114
117
114
116
114
124
114
116
118
142
114
118
114
117
124
114
119
114
126
114
116
117
119
127
114
119
124
116
117
116
117
119
127
116
117
123
116
123
116
119
116
117
119
116
119
127
116
118
119
126
127
116
118
142
116
118
123
126
116
118
116
118
123
116
117
118
119
126
127
116
126
116
119
126
116
124
116
123
124
116
117
124
116
118
124
126
116
119
124
127
116
127
116
119
126
127
116
123
126
116
117
127
117
123
117
127
117
126
117
118
117
123
124
117
119
127
117
119
117
118
123
127
117
124
118
119
126
118
126
119
123
119
119
127
119
124
119
126
124
124
126
124
127
126
126
127
127
128
128
137
128
138
132
142
133
136
133
137
135
137
135
138
136
137
136
138
137
139
137
138
141
142
