0
1
2
0
0
2
3
4
0
5
6
7
0
8
9
0
2
3
10
11
12
0
5
6
7
13
14
0
5
6
7
15
16
17
18
19
20
0
5
6
7
21
22
0
5
6
7
23
24
25
26
27
28
29
30
31
32
33
34
35
36
37
38
39
40
0
1
2
41
42
43
44
0
33
34
35
5
6
7
27
0
5
6
7
41
42
43
44
0
33
34
35
5
6
7
45
46
47
48
49
27
0
5
6
7
50
51
52
53
2
3
4
11
54
55
56
57
58
59
60
61
62
64
65
2
63
2
67
3
4
66
68
69
70
71
11
54
55
58
59
60
2
67
3
4
66
68
69
70
71
11
55
58
59
60
2
3
72
73
74
11
75
76
2
77
78
2
72
73
11
61
2
11
79
80
81
82
61
2
83
84
2
3
4
85
86
2
59
4
55
2
3
4
66
58
88
60
54
87
56
89
90
91
92
2
61
93
94
96
2
3
95
2
3
4
54
55
56
58
59
60
2
3
4
54
56
58
60
97
2
98
2
99
100
2
3
101
102
58
3
103
54
56
58
104
105
3
4
107
3
106
11
3
4
11
108
80
3
4
11
109
110
72
73
3
3
4
72
111
112
113
85
3
114
115
3
4
11
108
80
116
117
3
11
118
119
120
3
121
122
123
124
3
11
120
119
128
3
11
118
125
126
127
72
73
3
85
3
11
85
119
120
72
73
10
3
129
130
3
129
130
3
131
132
3
4
133
134
11
12
66
67
3
4
69
70
133
134
135
11
12
61
3
3
136
137
11
54
56
3
58
103
138
139
90
3
58
103
138
139
140
54
56
90
3
101
102
11
141
142
58
58
3
125
143
3
145
11
144
4
11
55
57
59
61
62
59
4
55
4
103
136
137
58
72
146
4
72
147
4
12
4
68
72
146
148
58
4
149
150
5
13
14
5
6
7
15
16
17
18
19
20
5
6
7
5
151
33
34
35
5
13
14
27
5
6
7
152
153
154
155
5
151
5
13
14
156
157
158
159
5
6
7
50
51
52
53
160
9
160
9
162
161
16
9
160
15
160
163
164
165
9
160
9
163
166
160
9
123
167
160
9
169
168
170
10
171
148
61
72
73
11
66
101
102
11
148
11
59
55
11
12
81
119
120
69
70
11
172
12
173
174
81
136
137
11
118
11
175
11
176
148
55
59
69
70
11
172
12
173
174
81
89
90
91
92
33
34
35
11
175
177
178
179
180
181
12
85
182
183
184
124
61
185
186
12
72
73
12
12
81
148
187
188
189
16
15
16
123
15
167
16
15
190
191
15
16
17
18
19
20
16
15
152
192
192
15
16
152
190
191
41
42
43
44
15
16
193
194
15
16
17
18
195
196
197
198
199
200
201
15
16
17
18
19
20
33
34
35
202
203
204
15
16
17
18
19
20
16
153
152
15
33
34
35
202
205
206
15
16
17
18
19
20
177
179
207
208
27
15
16
17
18
19
20
23
24
25
26
33
34
35
40
180
181
202
203
204
209
33
34
35
202
15
16
17
18
19
20
177
178
179
180
181
207
33
34
35
202
15
16
17
18
19
20
177
179
207
28
29
30
31
33
34
35
202
15
16
17
18
19
20
177
179
207
33
34
35
202
15
16
17
18
19
20
210
211
212
15
16
17
18
19
20
213
214
197
198
15
16
17
18
19
20
21
22
33
34
35
15
16
17
18
19
20
177
178
179
180
181
33
34
35
202
15
16
17
18
19
20
215
216
15
16
51
52
53
15
16
17
18
19
20
28
29
30
31
33
34
35
177
179
180
181
202
205
206
207
208
17
18
19
20
33
34
35
19
20
217
27
218
20
21
22
219
220
21
22
21
124
221
22
191
21
190
22
21
22
219
220
222
223
224
225
21
22
120
21
22
119
226
227
21
22
226
227
168
169
21
22
228
229
230
231
21
22
90
232
233
234
235
236
21
22
33
34
35
21
22
27
237
21
22
219
220
222
223
238
21
22
239
224
225
240
21
22
241
242
21
22
243
244
21
22
250
251
21
245
247
248
249
22
246
40
21
22
23
24
25
26
21
22
33
34
35
177
179
202
207
210
211
245
246
247
248
249
250
251
252
235
236
21
22
256
257
258
259
40
238
47
48
49
23
24
25
26
253
254
255
40
23
24
25
26
196
261
260
262
40
263
264
23
24
25
26
28
29
30
31
259
40
238
47
48
49
23
24
25
26
260
261
262
263
264
265
266
267
268
23
24
25
26
28
29
30
31
33
34
35
40
196
202
263
40
264
23
24
25
26
28
29
30
31
196
261
260
262
40
267
268
23
24
25
26
28
29
30
31
23
269
270
271
256
257
258
259
260
261
262
23
24
25
26
28
29
30
31
40
47
48
49
196
238
253
254
255
258
259
40
238
47
48
49
272
273
23
24
25
26
253
196
261
260
262
40
23
24
25
26
28
29
30
31
258
259
272
273
274
275
276
277
23
24
25
26
32
36
37
38
39
40
47
48
49
238
253
258
259
40
238
47
48
49
274
275
23
24
25
26
253
260
261
262
263
264
23
24
25
26
28
29
30
31
40
195
196
199
200
201
258
259
272
273
276
277
23
24
25
26
32
36
37
38
39
40
47
48
49
238
253
258
259
260
261
262
272
273
23
24
25
26
28
29
30
31
40
47
48
49
196
238
253
258
259
40
238
47
48
49
23
24
25
26
253
33
34
35
40
202
23
278
215
24
25
26
279
216
258
259
40
238
47
48
49
272
273
274
275
23
24
25
26
253
40
25
30
23
280
281
26
28
29
24
31
263
264
23
24
25
26
27
28
29
30
31
33
34
35
40
177
179
180
181
202
207
209
33
34
35
40
202
203
204
23
24
25
26
258
259
272
273
23
24
25
26
32
36
37
38
39
40
47
48
49
238
253
260
261
262
263
264
267
268
23
24
25
26
282
283
28
29
30
31
40
196
23
269
271
33
34
35
40
177
179
180
181
23
24
25
26
284
258
259
260
261
262
23
24
25
26
28
29
30
31
40
47
48
49
196
238
253
258
40
47
48
49
23
24
25
26
253
258
259
260
261
262
274
275
23
24
25
26
28
29
30
31
40
47
48
49
196
238
253
259
260
261
262
23
24
25
26
28
29
286
287
285
30
31
40
47
48
49
196
238
33
34
35
40
47
48
49
177
178
179
180
181
23
24
25
26
256
257
288
47
48
49
24
256
257
288
259
238
47
48
49
24
256
33
34
35
257
288
47
48
49
177
178
179
180
181
24
24
256
288
257
256
257
258
259
288
238
47
48
49
272
273
276
277
24
253
256
257
258
259
272
273
276
277
24
32
288
36
37
38
39
47
48
49
238
253
256
257
258
259
288
238
47
48
49
24
253
256
257
258
259
288
263
264
238
47
48
49
29
24
28
253
30
31
256
33
34
35
257
288
202
207
177
179
24
32
256
258
257
36
37
38
39
259
288
238
47
48
49
272
273
24
253
256
257
258
259
263
264
272
273
24
28
29
30
31
32
288
36
37
38
39
47
48
49
238
253
256
257
259
263
264
24
28
29
30
31
32
288
36
37
38
39
47
48
49
238
256
257
288
259
263
264
238
47
48
49
24
28
29
30
31
33
34
27
35
258
259
272
273
276
277
27
32
33
34
35
36
37
38
39
47
48
49
238
253
258
259
260
261
262
272
273
27
28
29
30
31
33
34
35
47
48
49
196
238
253
32
33
34
35
36
37
38
39
195
196
199
200
201
289
290
27
33
34
35
217
27
33
34
35
202
207
177
179
27
263
264
27
28
29
30
31
33
34
35
289
290
177
179
202
205
206
207
208
33
34
35
290
289
202
205
206
207
208
177
179
27
33
34
35
202
207
177
209
179
180
181
27
33
34
35
202
203
204
215
216
27
33
34
35
290
289
202
207
177
179
27
32
33
34
35
36
37
38
39
177
179
180
181
27
27
284
33
34
35
289
290
291
292
293
294
295
296
297
298
299
177
178
179
180
181
27
284
33
34
35
289
290
291
292
293
294
295
296
297
177
178
179
180
181
32
33
34
35
36
37
38
39
202
300
301
207
177
179
180
181
217
27
33
34
35
196
260
261
262
28
177
179
180
181
27
284
29
30
31
28
29
30
31
262
263
264
28
29
30
31
201
28
262
31
263
264
28
29
30
31
302
303
28
29
30
31
304
305
306
28
29
30
31
196
261
260
262
263
264
28
29
30
31
196
261
260
262
28
29
30
31
196
261
260
262
263
264
267
268
28
29
30
31
28
262
31
258
259
196
261
260
262
238
47
48
49
29
28
253
30
31
259
196
261
260
262
238
47
48
49
272
273
28
29
30
31
258
196
261
260
262
301
47
48
49
272
273
307
29
28
253
30
31
195
196
199
200
201
28
29
30
31
258
259
196
261
260
262
238
47
48
49
272
273
29
28
253
30
31
258
259
196
261
260
262
238
47
48
49
29
276
277
28
253
30
31
32
258
36
37
38
39
47
48
49
29
28
253
30
31
258
259
31
238
47
48
49
29
30
285
28
253
286
287
256
257
258
259
260
261
262
28
285
286
287
29
30
31
47
48
49
196
238
253
254
255
260
261
262
263
264
274
275
28
29
30
31
33
34
35
177
179
180
181
196
202
207
197
198
28
29
30
31
33
34
35
263
264
202
207
177
179
28
29
30
31
196
261
260
262
168
169
308
309
28
29
30
31
33
34
35
202
177
179
28
29
30
31
258
259
196
261
260
262
238
272
273
29
28
253
30
31
195
196
261
260
199
200
201
262
28
29
30
31
33
34
35
263
264
202
207
177
178
179
180
181
28
29
30
31
33
34
35
202
28
177
179
180
181
215
216
284
29
30
31
33
34
35
196
260
261
262
202
207
177
179
28
29
30
31
33
34
35
290
289
263
264
202
215
216
28
29
30
31
33
34
35
196
260
261
262
202
207
177
178
179
180
181
28
29
30
31
33
34
35
196
260
261
262
28
177
179
180
181
284
29
30
31
263
264
28
284
29
30
31
33
34
35
177
179
180
181
202
205
206
208
252
33
34
35
202
207
177
179
28
29
30
31
259
196
261
260
262
238
47
48
49
276
277
310
28
29
30
31
260
261
262
28
29
30
31
33
34
35
177
179
180
181
196
202
207
215
216
195
196
199
200
201
49
311
312
313
314
28
29
30
31
258
259
263
264
238
47
48
49
29
28
253
30
31
28
81
315
316
29
30
31
306
31
317
318
319
320
163
31
304
305
306
31
304
306
31
32
321
322
323
32
258
259
36
37
38
39
238
47
48
49
272
273
276
277
253
32
258
36
37
38
39
47
48
49
253
32
36
37
38
39
324
325
301
307
32
36
37
38
39
32
321
322
323
326
327
328
32
321
322
323
327
328
32
258
36
37
38
39
47
48
49
276
277
253
32
258
36
37
38
39
47
48
49
274
275
276
277
253
32
33
34
35
36
37
38
39
202
207
177
178
179
180
181
209
32
33
34
35
36
37
38
39
202
207
177
179
32
33
34
35
36
37
38
39
202
203
204
180
181
215
216
32
258
259
36
37
38
39
238
47
48
49
253
33
34
35
202
211
212
33
34
35
202
210
211
33
34
35
210
211
33
34
35
329
202
330
33
34
35
202
331
332
333
334
33
34
35
202
210
211
212
33
34
35
202
335
336
337
33
34
35
202
177
338
33
34
35
202
207
177
179
33
34
35
202
177
179
33
34
35
295
180
181
33
34
35
202
334
339
33
34
35
202
334
340
341
33
34
35
202
342
343
33
34
35
202
203
204
33
34
35
203
204
33
34
35
202
203
204
180
181
33
34
35
202
344
345
346
33
34
35
202
347
348
33
34
35
209
180
181
33
35
180
181
349
33
34
35
180
181
284
33
34
35
180
181
349
33
34
35
180
181
350
33
34
35
177
179
180
181
284
33
34
35
177
180
181
33
34
35
180
181
351
33
34
35
296
180
181
33
34
35
178
180
181
33
34
35
297
180
181
352
33
34
35
298
180
181
33
34
35
298
299
180
181
33
34
35
202
178
180
181
33
34
35
353
180
181
33
34
35
204
180
181
33
34
35
202
207
177
178
179
180
181
33
34
35
207
177
180
181
33
34
35
177
179
180
181
33
34
35
202
209
210
211
180
181
33
34
35
164
163
165
354
355
356
202
357
215
216
33
34
35
342
343
33
34
35
358
202
334
339
33
34
35
177
178
179
180
181
33
34
35
177
179
180
181
349
33
34
35
180
181
33
34
35
207
177
179
180
181
33
34
35
202
177
178
179
180
33
34
35
177
179
180
181
350
33
34
35
207
177
178
179
180
181
33
34
35
177
209
179
180
181
33
34
35
202
207
177
179
180
181
33
34
35
359
295
360
180
181
33
34
35
202
335
336
337
179
342
343
344
345
346
33
34
35
202
215
216
33
34
35
361
202
203
204
362
33
34
35
330
202
363
33
34
35
330
202
363
345
33
34
35
361
202
362
33
34
35
265
202
266
33
34
35
202
331
332
333
334
210
211
212
33
34
35
202
203
204
330
331
332
333
334
363
344
345
346
33
34
35
202
203
204
330
331
332
333
334
210
211
212
339
344
345
346
363
33
34
35
202
203
204
330
363
211
212
344
345
346
33
34
35
202
331
332
333
334
339
33
34
35
202
210
211
212
344
345
346
33
34
35
202
203
204
210
211
212
33
34
35
330
202
363
344
345
346
33
34
35
202
331
332
333
334
210
211
212
339
33
34
35
202
203
204
330
363
210
211
212
344
345
346
33
34
35
202
363
203
204
330
331
332
333
334
210
211
212
339
33
34
35
202
363
203
204
330
331
332
333
334
210
211
212
344
345
346
33
34
35
202
203
204
331
332
333
334
210
211
212
33
34
35
330
202
363
211
212
33
34
35
202
203
204
331
332
333
334
210
211
212
339
33
34
35
202
203
204
330
331
332
333
334
363
339
344
345
346
33
34
35
330
202
363
210
211
212
344
345
346
33
34
35
202
203
204
330
363
344
345
346
33
34
35
202
203
204
331
332
333
334
210
211
212
344
345
346
33
34
35
202
331
332
333
334
210
211
212
344
345
346
33
34
35
202
331
332
333
334
210
211
212
342
343
344
345
346
33
34
35
202
363
203
204
330
331
332
333
334
210
211
212
33
34
35
330
202
331
332
333
334
363
210
211
212
339
344
345
346
33
34
35
202
203
204
331
332
333
334
210
211
212
342
343
344
345
346
33
34
35
202
203
210
211
212
33
34
35
202
203
204
330
331
332
333
334
363
339
33
34
35
202
203
204
210
211
212
342
343
344
345
346
33
34
35
202
203
204
330
331
332
333
334
363
339
342
343
33
34
35
330
202
331
332
333
334
210
211
212
339
342
343
344
345
346
363
33
34
35
202
203
204
334
210
211
212
339
344
345
346
33
34
35
202
203
204
330
334
363
210
211
212
339
342
343
33
34
35
202
203
204
210
211
33
34
35
202
363
203
204
330
331
332
333
334
210
211
212
342
343
33
34
35
202
203
204
331
332
333
334
210
211
344
345
346
33
34
35
202
203
204
330
331
332
333
334
210
211
212
339
342
343
344
345
346
363
33
34
35
202
203
204
330
331
332
333
334
363
342
343
33
34
35
202
203
204
331
332
333
334
210
211
33
34
35
202
203
204
331
332
333
334
342
343
344
345
346
33
34
35
202
203
204
330
331
332
333
334
363
339
342
343
344
345
346
33
34
35
202
203
204
331
332
333
334
210
211
212
339
342
343
344
345
346
33
34
35
202
203
204
210
211
212
344
345
346
33
34
35
202
203
204
331
332
333
334
339
342
343
33
34
35
202
203
204
331
332
333
334
210
211
339
33
34
35
202
203
204
330
334
363
210
211
212
339
33
34
35
202
203
204
331
332
333
334
210
211
212
339
342
343
33
34
35
202
363
203
204
330
331
332
333
334
210
211
212
339
342
343
33
34
35
202
331
332
333
334
210
211
33
34
35
202
203
204
330
331
332
333
334
210
211
212
342
343
344
345
346
363
33
34
35
202
203
204
334
210
211
212
339
342
343
33
34
35
202
203
204
330
334
363
339
344
345
346
33
34
35
330
202
331
332
333
334
363
210
211
212
344
345
346
33
34
35
330
202
363
210
211
212
344
345
346
347
348
33
34
35
330
202
363
210
211
33
34
35
330
202
363
210
211
344
345
346
33
34
35
202
210
211
344
345
346
33
34
35
202
203
204
331
332
333
334
339
344
345
346
33
34
35
202
203
204
211
212
344
345
346
33
34
35
202
203
204
331
332
333
334
339
33
34
35
330
202
331
332
333
334
363
33
34
35
330
202
331
332
333
334
363
211
212
344
345
346
33
34
35
202
334
210
211
212
339
33
34
35
202
331
332
333
334
210
211
212
339
344
345
346
33
34
35
330
202
331
332
333
334
363
210
211
212
33
34
35
202
203
204
330
331
332
333
334
210
211
363
344
345
346
33
34
35
202
203
204
330
331
332
333
334
210
211
363
33
34
35
202
203
204
330
334
363
210
211
212
339
344
345
346
33
34
35
202
203
204
334
339
33
34
35
202
203
204
334
210
211
212
339
33
34
35
202
363
203
204
330
331
332
333
334
210
211
339
33
34
35
202
363
210
211
212
33
34
35
330
202
363
334
210
211
212
339
33
34
35
202
203
204
331
332
333
334
33
34
35
202
334
210
211
212
339
344
345
346
33
34
35
202
203
204
330
363
210
211
212
342
343
344
345
346
33
34
35
202
364
216
33
34
35
330
202
363
335
336
337
33
34
35
330
202
363
335
336
337
345
33
34
35
202
365
366
207
367
177
368
179
369
370
371
33
34
35
290
289
202
207
177
179
33
34
35
290
289
202
207
177
178
179
180
181
33
34
35
290
289
202
215
216
33
34
35
202
205
206
207
208
177
179
180
181
215
216
33
34
35
202
207
177
179
180
181
284
33
34
35
202
207
177
179
180
181
215
216
33
34
35
202
205
206
207
208
177
179
256
33
34
35
257
202
207
177
179
254
255
33
34
35
202
177
178
179
180
181
215
216
33
34
35
202
207
177
179
215
216
33
34
35
290
289
202
207
177
179
217
33
34
35
202
205
206
207
208
177
178
179
180
181
33
34
35
202
178
180
181
215
216
33
34
35
290
289
202
207
177
179
372
373
33
34
35
353
202
203
204
177
179
180
181
284
350
33
34
35
329
202
330
363
335
336
337
342
343
344
345
346
33
34
35
202
203
204
207
177
179
33
34
35
202
207
177
178
179
180
181
215
216
284
33
34
35
202
207
177
179
252
33
34
35
202
205
206
208
177
179
33
34
35
202
177
179
180
181
215
216
33
34
35
207
177
178
179
180
181
284
33
34
35
47
48
49
177
179
180
181
33
34
35
203
204
180
181
33
34
35
330
202
363
335
336
374
344
34
335
375
376
377
378
34
332
379
380
381
34
379
332
382
384
41
42
43
44
383
385
386
41
42
43
44
190
191
41
42
43
44
45
46
258
259
238
47
48
49
253
258
259
238
47
48
49
272
273
253
259
238
47
48
49
272
273
258
47
48
49
253
259
238
47
48
49
272
273
276
277
259
238
47
48
49
274
275
48
49
47
47
48
49
274
275
258
259
238
47
48
49
274
275
253
285
286
287
258
47
48
49
272
273
276
277
253
47
48
49
276
277
258
259
238
47
48
49
272
273
274
275
253
258
259
238
47
48
49
272
273
276
277
253
258
259
388
387
389
390
391
238
47
48
49
272
273
253
258
47
48
49
276
277
253
392
393
47
48
49
258
387
388
389
390
391
394
395
47
48
49
253
258
259
238
47
48
49
253
285
286
287
258
259
238
47
48
49
274
275
253
256
257
258
259
238
47
48
49
253
254
255
396
397
47
48
49
256
257
258
259
238
47
48
49
274
275
253
254
255
49
314
311
49
311
312
313
314
400
49
398
399
49
401
402
49
403
183
314
311
49
404
405
50
51
52
53
385
386
50
51
52
53
51
52
53
153
291
292
293
294
51
52
53
406
407
408
409
152
126
51
52
53
406
410
411
412
51
52
53
406
409
126
51
52
53
406
291
292
293
294
51
52
53
406
407
408
409
126
51
52
53
413
414
415
416
417
51
52
53
406
409
126
416
417
153
51
52
53
406
152
409
126
51
52
53
152
153
153
51
52
53
406
152
409
126
192
51
52
53
152
81
51
52
53
315
316
416
417
291
292
293
294
51
52
53
406
409
126
153
291
292
293
294
51
52
53
406
152
409
126
81
51
52
53
406
409
315
316
126
418
99
100
419
51
52
53
406
121
122
192
99
100
51
52
53
152
153
420
421
51
52
53
422
423
424
425
426
427
428
429
430
431
54
58
62
66
67
70
135
72
73
432
433
148
54
56
58
59
55
434
435
58
58
436
437
85
182
183
61
222
223
61
85
182
183
128
61
126
127
438
63
64
65
63
194
439
440
441
63
194
439
440
441
442
443
63
65
444
65
444
445
66
67
68
69
70
135
121
122
189
66
67
68
70
148
217
122
66
67
148
446
447
69
70
172
173
174
448
449
69
448
449
450
451
69
72
147
69
72
73
74
75
76
72
113
72
73
72
146
74
452
453
454
77
78
80
82
79
455
456
79
80
82
457
79
80
82
116
117
161
162
79
80
82
161
162
163
164
165
79
80
82
80
457
82
79
79
80
82
116
117
80
108
81
315
316
81
122
148
458
459
81
148
122
158
120
81
119
88
460
85
87
460
85
87
88
89
90
91
92
88
87
89
90
91
89
90
91
92
172
173
174
89
90
91
92
90
91
92
90
461
462
231
90
462
228
229
230
231
90
90
230
231
464
465
90
463
466
90
90
461
231
464
90
467
462
90
228
231
90
139
138
462
464
467
468
469
90
96
95
99
100
99
100
168
169
470
471
472
473
99
100
106
107
109
110
474
396
109
110
396
109
110
184
474
124
475
110
115
476
116
117
163
164
165
116
117
457
116
117
163
164
165
457
116
117
120
119
121
122
121
122
217
121
122
123
167
123
124
167
124
221
128
126
127
409
126
129
130
129
130
131
132
129
130
477
478
131
132
477
478
131
132
480
131
132
479
481
482
131
132
483
484
485
486
487
481
482
131
132
483
484
485
488
489
131
132
141
142
148
152
192
152
153
152
191
190
192
152
153
384
383
291
292
293
294
407
408
153
152
384
385
386
152
153
383
152
153
190
191
152
153
442
443
152
490
491
192
291
292
293
294
152
153
154
155
156
157
158
159
291
292
458
492
493
158
458
459
158
292
158
494
160
495
496
497
498
161
162
163
164
165
161
162
161
162
499
500
457
162
501
162
163
166
457
501
354
355
164
163
165
163
164
356
357
165
163
164
165
502
503
163
164
165
163
166
354
355
163
504
505
163
166
163
164
165
504
505
168
169
308
309
506
168
169
168
169
308
309
168
169
226
227
168
169
393
392
168
169
507
508
168
169
190
191
168
169
308
309
509
510
170
171
172
173
174
183
252
511
403
183
185
186
187
188
190
191
512
513
507
508
190
512
513
190
513
190
191
514
515
195
195
516
517
520
195
518
519
195
196
199
200
201
195
196
199
200
201
521
195
199
200
522
523
197
198
515
524
525
199
208
205
206
205
526
206
208
527
208
528
529
208
530
213
214
531
214
531
532
533
214
534
217
217
290
289
219
220
237
219
220
222
223
219
220
222
223
219
220
535
237
222
223
222
223
224
225
226
227
536
537
538
231
232
233
234
235
236
235
396
236
539
540
237
259
541
238
542
238
239
272
273
259
238
259
238
259
276
277
238
240
543
240
241
242
544
241
242
545
242
243
244
280
281
243
244
251
245
248
246
247
246
546
547
327
328
246
247
248
246
247
248
249
250
249
250
252
548
252
252
511
256
257
258
253
254
255
258
253
256
257
254
255
254
255
256
257
301
274
275
307
254
255
256
257
267
268
269
270
271
549
550
551
552
269
270
271
272
273
274
275
275
274
307
301
456
276
277
455
276
277
553
278
278
279
280
281
282
283
285
286
287
289
290
302
303
289
290
291
292
291
292
293
294
407
408
291
292
293
294
554
555
291
292
293
294
293
294
300
301
307
301
302
303
308
309
556
557
558
559
560
310
310
312
313
315
316
561
315
316
322
323
322
547
323
546
327
328
328
322
323
327
322
323
326
327
328
324
325
328
326
327
546
547
327
328
562
563
328
546
547
327
335
564
565
566
567
568
569
375
335
375
376
570
571
572
573
335
567
356
357
360
359
365
366
367
368
369
370
371
372
373
384
383
384
473
383
384
385
386
383
385
386
387
388
389
390
391
387
574
575
392
393
394
395
576
394
539
396
540
396
397
577
578
579
397
580
581
582
583
397
408
407
410
411
412
413
414
415
416
417
416
418
419
504
505
418
420
421
424
426
422
423
584
585
434
435
436
437
586
442
587
443
442
443
587
588
589
442
443
442
443
590
444
445
446
447
450
451
456
455
456
455
592
591
464
467
464
593
579
464
594
595
596
467
465
473
477
478
481
482
483
484
485
486
487
477
478
480
479
480
481
482
483
484
485
486
487
479
481
482
483
484
485
486
487
481
482
483
484
485
597
486
487
486
488
489
489
598
490
599
600
490
599
490
491
498
495
601
498
602
495
502
503
504
505
506
509
510
603
604
509
510
605
606
511
511
512
607
520
518
519
522
523
608
525
526
527
529
609
532
533
534
532
534
535
610
611
535
536
612
613
541
542
548
554
555
616
557
614
615
562
563
617
618
563
579
619
620
581
582
583
581
582
583
621
622
584
585
586
587
587
589
623
587
588
589
592
591
624
594
594
595
596
600
599
601
602
603
604
610
611
625
611
616
626
627
