0
1
0
2
0
3
0
6
0
7
0
17
0
18
0
34
0
36
0
41
0
64
0
66
0
67
0
96
0
114
0
128
0
132
0
155
0
162
0
165
0
171
0
217
0
222
0
246
0
248
0
294
0
298
0
316
0
323
0
336
0
348
0
349
0
392
0
406
0
415
0
436
0
452
0
473
0
487
0
494
0
508
0
516
0
537
0
567
0
616
0
621
0
659
0
681
0
688
0
703
0
709
0
714
0
719
0
760
0
806
0
861
1
3
1
4
1
5
1
21
1
45
1
48
1
56
1
64
1
65
1
66
1
135
1
154
1
177
1
208
1
210
1
274
1
290
1
341
1
353
1
460
1
546
1
570
1
578
1
594
1
658
1
740
1
768
1
941
2
8
2
12
2
56
2
57
2
102
2
123
2
126
2
140
2
152
2
164
2
167
2
222
2
227
2
230
2
246
2
273
2
334
2
351
2
364
2
384
2
411
2
437
2
457
2
576
2
602
2
708
2
746
2
811
2
820
2
953
2
970
3
4
3
6
3
8
3
9
3
10
3
13
3
15
3
20
3
25
3
38
3
43
3
46
3
52
3
53
3
69
3
85
3
86
3
91
3
111
3
115
3
117
3
118
3
129
3
131
3
136
3
144
3
157
3
158
3
182
3
198
3
202
3
216
3
226
3
235
3
241
3
247
3
257
3
260
3
282
3
298
3
302
3
310
3
313
3
318
3
391
3
400
3
407
3
425
3
435
3
477
3
509
3
585
3
617
3
647
3
682
3
697
3
709
3
795
3
817
3
819
3
846
3
877
3
917
3
961
4
5
4
11
4
12
4
14
4
15
4
16
4
17
4
19
4
22
4
23
4
25
4
28
4
35
4
36
4
37
4
49
4
57
4
61
4
70
4
75
4
79
4
95
4
108
4
109
4
115
4
125
4
174
4
192
4
225
4
255
4
261
4
264
4
268
4
273
4
278
4
285
4
303
4
330
4
343
4
362
4
369
4
375
4
395
4
415
4
425
4
428
4
429
4
437
4
447
4
484
4
490
4
530
4
541
4
545
4
596
4
621
4
629
4
632
4
636
4
648
4
665
4
690
4
700
4
716
4
722
4
724
4
733
4
740
4
774
4
786
4
793
4
815
4
818
4
863
4
920
4
972
5
7
5
27
5
35
5
60
5
77
5
83
5
90
5
92
5
97
5
110
5
116
5
124
5
125
5
152
5
190
5
195
5
201
5
208
5
211
5
219
5
237
5
252
5
295
5
317
5
384
5
416
5
424
5
432
5
442
5
480
5
556
5
744
5
821
5
823
5
970
6
33
6
137
7
10
7
14
7
16
7
18
7
30
7
95
7
99
7
209
7
238
7
613
7
824
7
929
7
964
8
9
8
13
8
26
8
37
8
39
8
42
8
63
8
77
8
144
8
148
8
160
8
193
8
210
8
213
8
265
8
464
8
491
8
660
8
848
9
11
9
24
9
29
9
31
9
39
9
108
9
114
9
146
9
257
9
267
9
414
9
533
9
582
10
26
10
27
10
40
10
47
10
63
10
73
10
116
10
153
10
228
10
278
10
280
10
331
10
410
10
423
10
486
10
506
10
537
10
700
10
838
11
20
11
34
11
79
11
106
11
155
11
207
11
240
11
346
11
445
11
569
11
699
11
711
11
720
11
868
11
897
11
945
12
41
12
82
12
87
12
117
12
230
12
280
12
312
12
368
12
484
12
501
12
588
12
609
12
612
12
765
12
815
12
909
12
958
13
82
13
93
13
131
13
226
13
604
13
923
14
28
14
30
14
31
14
48
14
65
14
89
14
122
14
168
14
219
14
287
14
290
14
295
14
335
14
339
14
348
14
367
14
560
14
651
14
728
14
795
14
810
14
831
14
852
14
860
14
878
14
885
14
965
15
19
15
23
15
38
15
47
15
49
15
52
15
98
15
121
15
122
15
123
15
198
15
232
15
307
15
373
15
389
15
493
15
514
15
534
15
625
15
680
15
726
15
761
15
893
16
22
16
68
16
212
16
225
16
926
16
963
18
32
18
44
18
58
18
83
18
85
18
148
18
321
18
777
19
21
19
43
19
55
19
60
19
61
19
91
19
107
19
118
19
126
19
212
19
331
19
361
19
377
19
496
19
507
19
545
19
687
19
803
19
871
19
883
19
900
19
960
20
33
20
59
20
76
20
80
20
112
20
156
20
171
20
178
20
194
20
277
20
349
20
352
20
593
20
691
20
736
21
24
21
51
21
54
21
70
21
127
21
191
21
196
21
220
21
244
21
281
21
372
21
481
21
515
21
603
21
605
21
639
21
640
21
697
21
770
21
791
21
793
21
919
22
42
22
104
22
133
22
149
22
160
22
173
22
269
22
275
22
301
22
375
22
403
22
674
22
679
22
738
22
910
24
46
24
94
24
188
24
359
24
401
24
565
24
677
25
59
25
119
25
369
25
380
25
954
25
991
26
29
26
45
26
55
26
58
26
106
26
124
26
161
26
177
26
194
26
355
26
455
26
603
26
618
26
638
26
816
27
72
27
113
27
136
27
263
27
282
27
315
27
525
27
620
27
647
27
667
27
693
28
849
29
32
29
218
29
266
29
552
30
53
30
75
30
356
31
213
31
250
31
284
31
383
32
40
32
72
32
78
32
93
32
179
32
215
32
255
32
260
32
270
32
395
32
427
32
511
32
678
32
704
32
843
32
859
32
913
33
50
33
62
33
87
33
94
33
107
33
113
33
140
33
150
33
165
33
176
33
181
33
182
33
216
33
236
33
242
33
253
33
258
33
279
33
299
33
319
33
332
33
366
33
397
33
479
33
564
33
590
33
638
33
655
33
695
33
722
33
727
33
801
33
873
33
905
33
958
34
50
34
92
34
163
34
180
34
388
34
510
34
938
35
142
35
451
35
457
36
159
36
802
37
683
37
732
37
873
37
975
38
105
38
134
38
173
38
183
38
185
38
323
38
640
39
44
39
156
39
170
39
388
39
986
40
68
40
254
40
396
40
584
40
776
41
54
41
102
41
127
41
241
41
243
41
264
41
271
41
305
41
326
41
663
41
949
41
978
42
69
42
453
42
927
42
998
43
143
43
242
44
598
44
891
45
51
45
71
45
97
45
130
45
187
45
206
45
250
45
272
45
297
45
308
45
512
45
514
45
562
45
569
45
573
45
591
45
624
45
635
45
737
45
760
45
767
45
790
45
858
45
887
46
81
46
89
47
168
47
184
47
245
47
339
47
347
47
456
47
895
48
220
49
747
49
814
49
836
50
580
51
67
51
879
51
930
52
62
52
132
52
765
54
142
55
145
55
200
55
221
55
428
55
434
55
461
55
465
55
532
55
611
55
812
55
894
55
898
56
120
56
310
56
568
57
334
57
440
57
926
57
985
57
987
58
166
58
170
58
499
59
81
59
143
59
218
59
223
59
224
59
227
59
265
59
325
59
387
59
562
59
567
59
733
60
293
60
542
60
586
61
135
61
158
61
163
61
276
61
405
61
459
61
558
61
643
61
649
61
907
61
986
62
74
62
138
62
266
62
299
62
358
62
467
62
540
63
71
63
78
63
80
63
103
63
105
63
109
63
192
63
346
63
390
63
393
63
417
63
571
63
657
63
683
63
736
63
738
64
100
64
130
64
150
64
221
64
294
64
404
64
485
64
606
64
628
64
678
64
706
64
755
64
762
65
104
65
139
65
229
65
327
65
412
65
424
65
470
65
519
65
604
65
797
65
853
65
910
66
84
66
96
66
141
66
344
66
894
66
971
67
190
67
353
67
535
67
759
67
888
68
184
68
189
68
696
68
876
68
927
69
74
69
268
69
341
69
399
69
444
69
587
69
741
70
73
71
159
71
209
71
289
71
413
71
461
71
494
71
553
71
686
71
829
71
846
71
903
72
76
72
300
72
361
72
371
72
642
73
101
73
277
73
297
73
426
73
454
73
548
73
560
73
674
73
735
73
739
73
754
73
780
73
788
73
969
74
112
74
175
74
256
74
414
74
477
74
720
74
938
76
86
76
101
76
211
76
223
76
224
76
442
76
907
76
943
77
88
77
128
77
381
77
467
77
495
77
498
78
292
78
474
78
770
78
794
79
906
80
119
80
193
80
902
81
391
82
84
82
110
82
287
82
289
82
327
82
329
82
363
82
370
82
382
82
433
82
505
82
691
82
767
82
787
82
898
82
980
83
235
83
742
84
88
84
200
84
202
84
317
84
426
84
535
84
549
84
754
84
804
84
836
84
939
85
332
85
761
85
888
86
296
86
324
86
701
87
530
87
653
88
90
89
480
89
993
90
204
90
248
90
552
90
589
91
121
91
253
91
382
91
417
91
644
91
748
91
756
91
844
92
100
92
164
92
292
92
318
93
99
93
103
93
352
93
512
93
528
93
538
93
617
93
750
93
891
93
914
94
466
94
669
94
693
94
707
94
805
94
814
95
141
95
869
96
98
96
181
96
401
96
439
96
583
96
748
96
806
96
976
97
262
97
531
97
792
97
855
97
864
98
311
98
340
98
354
98
433
98
636
99
161
99
584
99
618
99
850
100
172
100
195
100
285
100
306
100
455
100
572
100
598
100
600
100
627
100
856
101
196
101
233
101
247
101
291
101
472
101
713
101
728
101
865
101
914
102
482
102
669
102
837
103
149
103
303
103
505
103
743
103
924
104
654
104
780
104
937
104
993
104
997
105
800
106
120
106
129
106
169
106
385
106
631
106
646
106
698
106
922
107
147
107
275
107
386
107
577
107
610
107
785
107
829
108
111
109
215
110
145
110
418
110
516
110
518
110
596
110
688
110
724
110
843
111
307
112
139
112
288
112
328
112
337
112
359
112
479
112
695
112
838
112
885
113
133
113
238
113
259
113
500
113
643
113
822
113
959
114
309
114
402
115
304
115
431
117
214
117
377
117
529
117
994
118
166
118
187
118
233
118
330
118
374
118
438
118
456
118
497
118
524
118
531
118
551
118
601
118
717
118
792
118
896
119
199
119
322
119
326
119
506
119
587
119
758
119
874
119
947
120
324
121
137
121
243
121
304
121
554
122
138
122
162
122
231
122
390
122
394
122
504
122
526
122
633
122
718
122
860
123
397
123
482
123
821
124
172
124
685
125
151
125
279
125
950
126
134
126
286
126
544
126
645
126
772
126
916
126
921
127
147
127
333
127
412
127
478
127
520
127
705
127
764
127
889
127
909
128
283
128
615
128
962
129
283
129
288
130
309
130
419
130
441
130
489
130
503
130
520
130
529
130
557
130
675
130
684
130
902
132
153
132
154
132
185
132
186
132
188
132
234
132
254
132
259
132
291
132
561
132
610
132
663
132
763
132
771
132
772
133
258
133
325
133
365
134
229
134
893
135
454
135
737
136
448
136
981
137
293
137
392
137
572
137
995
138
189
138
239
138
316
138
328
138
342
138
372
138
452
138
503
138
580
138
712
138
906
139
727
140
167
140
186
140
201
140
650
141
435
141
734
141
756
141
977
143
176
143
634
144
175
145
146
145
362
145
665
145
666
146
513
146
759
146
819
147
151
147
183
147
251
147
434
147
917
147
971
149
313
149
344
149
468
149
687
149
797
149
948
149
957
151
274
151
322
151
451
151
987
152
236
152
522
153
244
154
157
154
360
154
472
154
557
154
944
155
180
155
347
155
422
155
488
155
525
155
998
156
205
156
214
156
301
156
302
156
308
156
446
156
830
156
904
156
918
157
933
158
363
159
335
160
197
161
376
161
385
161
450
161
566
161
614
161
981
162
935
163
319
163
517
163
692
163
895
164
240
164
251
164
336
164
522
164
803
165
199
165
398
165
420
165
985
166
249
166
590
166
744
166
787
166
790
166
851
166
854
167
517
167
627
168
169
168
204
168
239
168
407
168
421
168
745
168
897
170
489
171
312
171
872
173
174
173
682
173
794
173
964
175
179
175
536
175
574
175
949
176
466
176
911
177
178
178
203
178
459
178
635
179
263
179
358
179
409
179
729
179
781
180
197
180
281
180
296
180
405
180
450
180
501
180
577
180
704
181
606
181
870
182
191
182
439
182
956
183
203
183
217
183
471
183
659
184
311
184
469
185
228
185
245
185
329
185
396
185
539
186
652
187
350
187
462
187
476
188
398
188
523
188
526
188
559
188
586
188
742
188
874
189
305
189
507
189
601
189
807
189
810
190
207
190
252
190
368
190
406
190
410
190
443
190
447
190
575
191
261
191
449
191
913
192
351
192
725
192
951
193
271
193
321
193
371
193
561
193
725
193
808
193
863
194
314
194
886
195
206
195
491
195
543
195
750
196
231
199
205
199
546
199
613
199
984
200
360
200
592
201
677
202
497
202
884
202
916
203
483
204
286
204
579
204
632
205
875
206
237
206
595
206
648
207
272
207
527
207
539
207
662
207
840
209
745
210
582
210
676
211
809
212
597
212
668
213
524
213
549
213
571
213
796
214
443
216
333
216
519
217
622
217
946
218
234
218
575
218
851
218
999
219
633
219
903
220
249
220
269
220
444
220
775
221
378
221
465
221
551
223
232
223
403
223
449
223
701
224
445
224
544
224
622
224
658
225
436
225
671
225
920
226
350
226
588
226
662
226
676
226
878
226
994
227
357
227
864
229
666
231
563
231
825
231
841
232
338
232
356
232
490
232
833
234
376
234
543
234
639
234
901
236
300
236
320
236
837
239
320
240
256
240
270
240
314
240
365
240
399
240
438
242
267
242
315
242
430
242
642
242
858
242
967
243
528
243
536
243
746
244
378
244
462
246
475
246
608
246
799
247
284
247
413
247
423
247
547
247
889
248
463
249
973
251
498
251
538
252
481
252
504
252
521
252
573
254
306
255
380
255
749
257
723
257
908
259
262
259
345
259
565
259
731
259
972
260
355
260
495
260
581
260
923
260
996
261
550
262
276
262
421
262
441
262
957
262
969
265
696
267
404
267
485
267
715
267
784
267
827
267
848
268
826
270
968
271
796
271
896
272
464
272
542
273
523
273
599
275
942
276
393
277
379
277
781
279
340
279
631
279
880
282
670
283
865
284
487
284
804
284
831
284
935
285
564
285
757
285
870
286
625
286
813
286
925
288
492
288
540
288
653
289
712
289
777
289
976
290
343
290
599
290
978
291
758
293
364
293
420
294
734
295
337
296
861
297
409
297
619
297
710
297
775
297
789
298
527
299
766
302
357
302
518
302
624
302
782
303
637
303
707
303
751
304
354
304
556
304
664
304
862
304
884
304
977
308
928
309
473
309
534
310
509
310
915
310
965
311
752
314
400
315
427
317
853
317
966
320
373
320
574
320
656
320
717
320
719
320
887
320
936
323
694
326
500
326
882
327
429
327
644
328
338
328
374
328
383
328
468
328
475
328
649
329
379
329
446
329
840
329
942
330
394
330
623
330
824
330
997
332
345
332
849
333
811
334
430
335
342
335
431
335
476
335
630
336
583
336
769
337
432
337
992
338
367
338
419
338
619
338
628
338
990
343
718
344
755
344
779
348
735
349
381
354
458
354
591
354
703
354
768
354
778
355
386
355
655
356
418
356
919
357
570
359
389
360
370
361
408
363
366
364
408
364
483
365
511
365
912
366
630
367
469
367
550
367
721
368
890
370
448
370
589
370
747
371
488
371
862
371
882
372
422
372
513
372
962
375
842
375
883
375
918
377
842
379
948
380
402
380
453
380
783
383
458
384
828
385
593
385
607
386
387
386
568
386
670
388
578
388
872
391
440
392
416
397
502
398
478
398
521
399
600
400
816
401
486
403
786
403
905
404
471
405
932
406
411
406
460
406
470
406
548
408
581
408
852
411
547
417
515
417
629
417
713
418
801
419
541
419
558
419
940
420
783
426
661
428
667
428
776
428
834
429
463
434
532
434
684
436
641
438
645
439
934
440
602
440
651
440
798
442
612
444
646
445
716
447
493
448
553
448
928
449
555
450
805
452
982
453
563
455
689
457
554
457
660
457
741
459
559
463
499
469
492
469
496
469
679
469
726
469
785
469
953
469
959
470
555
470
698
470
999
471
474
471
510
472
788
474
611
474
626
477
708
479
850
479
980
480
686
480
706
482
502
482
664
482
771
482
859
483
945
486
607
486
766
486
789
487
594
488
991
489
681
490
694
492
533
492
963
494
608
497
773
498
508
498
566
498
944
499
623
499
835
499
939
502
605
504
579
504
886
504
925
507
757
511
739
513
743
515
656
515
723
515
975
516
585
519
753
520
921
522
951
526
576
526
654
528
692
531
835
531
973
532
626
532
675
533
924
536
812
536
979
538
595
538
634
539
730
540
730
540
839
542
825
542
832
544
714
544
966
545
813
545
943
546
936
548
690
549
652
553
620
555
954
557
901
559
702
559
710
559
784
560
762
561
615
563
671
563
779
565
753
566
869
568
751
568
952
569
597
570
879
572
715
575
827
580
818
583
592
584
702
585
668
585
673
585
729
585
749
586
732
593
764
595
940
596
799
598
614
598
875
598
956
599
974
600
637
601
641
601
930
602
828
607
609
607
657
607
950
610
900
611
699
611
899
612
672
614
616
614
988
616
908
617
721
618
661
619
650
622
705
622
876
633
832
634
933
636
798
639
808
642
685
642
731
643
689
643
826
647
680
648
857
650
807
651
955
653
931
653
967
656
871
657
672
657
947
660
778
665
711
672
673
672
809
675
989
681
830
681
833
681
880
682
915
690
841
692
782
696
854
698
866
702
773
702
774
707
955
708
847
708
881
713
817
713
822
713
866
713
931
720
892
720
996
721
763
721
995
722
912
724
992
728
769
730
802
730
845
732
752
741
961
747
791
750
845
750
984
753
952
755
968
761
922
764
979
766
937
767
934
771
867
775
834
782
800
784
847
785
904
792
911
795
820
800
823
800
839
805
877
807
892
808
989
809
932
810
855
814
844
814
868
819
867
825
988
830
960
834
857
834
890
840
856
845
941
849
982
857
929
872
899
877
881
894
946
925
974
935
990
955
983
966
983
370
830
980
851
773
605
882
141
973
790
69
555
863
98
398
916
548
652
468
255
714
554
713
238
150
960
495
417
13
157
936
986
763
105
86
653
291
209
44
537
671
120
404
505
31
793
66
188
119
11
460
608
300
402
786
261
468
660
607
236
992
197
601
636
205
375
129
270
741
195
58
548
313
99
396
855
344
642
177
244
682
415
460
218
237
461
289
479
935
30
104
804
998
657
365
191
274
55
795
53
354
377
658
632
880
151
703
838
153
102
955
573
476
893
549
532
550
178
998
208
821
88
990
964
87
908
340
221
397
451
885
342
531
266
453
774
942
736
827
72
158
873
698
289
849
835
889
9
625
345
61
776
206
594
212
282
722
333
963
768
8
260
747
196
367
720
858
447
963
98
778
226
263
708
509
762
604
722
192
267
972
897
971
976
45
183
170
911
491
265
399
46
874
371
652
260
551
992
814
450
748
244
490
848
11
240
568
144
596
23
63
933
333
403
732
177
75
304
888
626
296
173
907
263
893
111
62
114
555
667
319
200
462
203
373
365
4
210
965
16
503
375
554
204
91
641
47
621
361
327
939
561
967
836
76
143
169
520
13
213
908
748
165
615
952
629
514
244
893
236
417
285
413
946
808
628
621
101
246
823
326
197
6
884
878
626
353
357
34
729
45
956
848
739
161
296
286
439
55
877
622
399
641
912
476
459
943
853
161
14
100
889
636
690
756
295
356
156
271
913
528
879
110
176
923
350
294
262
827
577
440
979
87
866
465
305
485
401
222
193
865
200
74
90
553
905
653
30
262
219
998
997
858
300
951
951
297
882
728
950
866
572
141
365
595
267
360
374
772
199
88
321
777
765
53
779
660
834
821
935
767
936
609
582
147
730
771
786
898
748
940
824
229
804
216
393
400
919
814
577
348
832
664
734
689
16
476
507
875
621
349
737
576
472
486
268
240
182
514
840
404
136
704
466
681
615
268
716
200
857
899
157
415
589
796
146
611
994
253
444
249
349
564
557
302
365
183
952
516
952
975
473
505
582
384
444
269
45
75
431
75
970
951
223
872
903
109
517
489
874
101
610
241
294
730
961
628
621
164
155
32
767
377
759
549
193
888
876
555
483
360
832
322
218
830
961
567
293
997
789
199
293
634
338
529
354
7
552
734
53
37
224
193
975
692
530
344
659
378
61
820
262
43
517
585
28
20
387
522
462
20
993
674
790
518
936
877
314
461
94
651
265
388
750
931
452
454
277
483
938
657
54
990
93
839
128
475
749
527
274
185
530
877
348
472
912
406
794
751
367
976
351
554
143
248
304
345
264
570
267
64
28
992
719
288
824
792
962
34
704
300
745
167
747
692
387
19
528
471
947
583
715
45
828
948
277
734
475
401
911
203
853
154
271
362
497
160
259
587
10
115
736
647
46
408
578
86
333
656
666
404
868
663
396
228
951
577
730
797
26
942
739
261
102
421
861
509
5
541
808
219
335
481
891
370
495
644
106
187
973
494
586
572
208
957
462
855
211
571
147
136
675
304
347
169
663
899
590
546
797
902
724
946
587
851
970
650
425
265
951
859
899
620
497
562
409
447
570
483
562
632
117
567
810
289
974
26
309
222
842
691
680
766
496
799
735
514
242
0
465
198
549
519
904
267
186
584
717
246
67
876
555
918
159
238
932
840
801
950
881
931
911
948
166
87
579
851
783
384
257
456
63
140
689
635
70
756
675
163
877
353
760
894
260
883
844
208
31
44
145
512
9
491
508
863
803
398
779
571
419
15
612
170
778
507
303
318
614
420
517
769
561
613
451
295
607
966
228
808
824
203
101
66
370
881
695
310
574
579
231
469
280
199
907
249
394
835
923
960
90
158
449
3
251
339
102
294
513
844
280
910
677
421
453
109
337
643
757
298
49
951
781
227
948
879
635
659
753
488
131
752
352
341
852
411
604
100
257
206
796
336
170
199
740
767
536
785
461
541
888
887
957
46
682
969
859
952
66
830
9
907
245
514
539
705
209
732
604
643
654
323
519
238
998
30
205
981
777
310
436
599
980
818
655
851
449
330
536
799
589
30
986
802
690
804
862
571
93
935
784
812
408
128
69
207
178
377
38
73
171
850
107
958
592
336
844
453
828
817
401
388
442
630
128
635
494
948
208
758
34
542
180
839
426
449
587
214
655
332
801
534
696
441
204
170
555
426
300
834
106
570
382
356
85
316
152
5
605
381
36
73
830
149
245
307
780
233
755
653
166
861
370
234
925
143
202
651
275
869
300
725
200
535
150
562
204
878
350
771
429
950
590
407
271
594
648
82
876
60
729
548
535
65
388
794
249
7
766
879
636
647
24
200
418
455
586
63
313
769
532
919
591
402
103
598
441
572
772
878
356
534
574
848
188
582
355
316
522
64
289
968
61
585
916
348
568
225
652
186
505
536
773
595
251
630
518
126
156
330
394
760
560
175
589
599
679
917
883
703
637
675
807
359
277
518
822
516
608
478
113
961
457
321
660
998
271
243
148
841
560
510
535
158
225
453
422
892
627
615
743
991
687
75
111
588
673
382
502
99
278
547
743
947
268
277
883
777
596
809
379
533
221
217
488
942
628
465
631
113
45
517
601
61
204
129
222
848
773
934
533
243
789
839
439
967
450
818
921
50
293
985
926
654
224
5
877
804
830
565
221
6
33
127
206
302
921
421
173
624
106
699
37
985
506
894
25
837
103
595
946
211
858
873
402
578
645
332
139
577
72
624
863
819
491
632
23
647
347
437
708
196
944
708
838
660
492
29
902
311
512
957
123
67
78
701
743
437
319
641
173
465
729
990
35
233
654
825
992
207
517
906
732
565
651
644
128
896
300
798
459
807
879
959
92
880
752
288
210
827
790
31
810
300
284
731
504
205
897
637
129
476
900
879
875
327
477
623
714
140
485
564
128
88
798
491
488
127
5
595
884
983
138
426
793
116
445
561
584
943
572
128
68
659
683
285
789
193
90
837
126
170
63
110
53
75
839
328
54
917
404
322
619
456
253
506
230
66
826
998
653
582
340
735
293
698
377
500
507
247
517
168
710
437
522
252
101
78
203
945
415
777
380
594
278
534
377
774
112
152
694
212
329
705
371
2
106
504
946
387
99
841
383
668
2
680
296
434
712
715
707
800
158
552
449
296
420
102
678
847
668
492
374
321
119
447
294
518
306
610
272
725
481
983
375
520
619
422
289
591
764
950
812
232
450
672
347
941
567
582
57
445
261
905
952
512
293
455
526
709
305
651
579
783
433
410
163
129
670
558
327
862
656
239
30
964
711
519
871
443
953
565
499
28
596
539
953
610
237
176
729
361
806
382
160
792
16
746
523
916
5
3
996
589
685
138
754
520
717
184
198
4
925
55
162
724
8
732
950
515
600
34
121
951
161
350
68
460
404
264
704
595
156
116
456
383
391
510
663
682
356
412
535
866
521
201
67
106
283
611
857
955
992
696
255
237
993
83
596
183
22
415
804
607
483
177
859
469
676
304
920
398
543
643
404
735
150
0
262
786
646
359
509
504
401
128
757
614
313
961
547
365
793
756
532
539
856
198
576
35
48
818
191
980
418
169
691
975
359
388
581
921
967
651
357
781
698
778
298
30
726
862
636
421
900
765
802
409
1
50
273
776
970
757
431
786
88
999
80
607
832
360
421
196
647
74
713
767
120
288
393
7
407
150
347
74
271
298
589
645
643
126
870
718
603
88
364
419
902
669
147
461
128
204
365
381
240
85
797
861
719
667
565
56
580
64
394
664
230
23
734
15
172
595
923
42
835
606
187
839
57
653
335
110
912
743
945
526
370
997
743
945
436
516
353
663
268
994
231
832
753
596
647
554
353
943
850
311
749
461
673
480
623
398
519
879
167
547
25
147
307
442
519
241
480
896
370
689
855
505
292
705
494
78
543
723
139
997
439
42
426
335
148
483
462
165
986
398
759
142
117
355
572
224
198
726
450
876
490
70
432
202
3
795
575
852
678
114
837
817
281
495
45
315
738
275
571
92
758
590
916
28
381
932
755
772
127
510
847
937
813
730
214
253
921
904
783
384
874
921
59
631
352
386
292
213
471
747
737
547
281
442
465
162
304
492
147
830
772
179
140
778
688
233
894
192
21
458
708
857
130
237
303
987
114
588
746
452
242
666
266
831
256
921
448
91
991
161
117
583
621
695
383
285
330
48
69
509
506
501
305
693
214
543
342
436
634
575
905
463
559
146
135
68
653
67
541
584
791
511
564
376
165
972
157
143
870
966
344
778
638
186
66
399
185
221
798
733
537
735
808
688
374
744
893
878
87
602
293
916
304
599
997
572
7
996
24
66
587
91
970
820
742
510
982
889
879
13
643
877
240
669
364
915
286
836
486
136
68
145
345
793
241
996
601
982
317
83
926
693
118
674
872
743
729
572
915
361
646
951
411
619
506
165
29
827
47
922
482
562
983
560
570
47
231
144
544
943
360
507
811
671
139
576
440
724
588
517
436
350
614
576
661
872
37
468
516
836
108
47
150
423
630
723
268
449
521
158
612
328
331
166
407
350
850
737
68
704
552
19
253
449
920
279
607
352
388
112
896
58
40
544
978
896
423
305
661
404
373
90
758
242
255
26
167
526
434
366
494
881
98
56
650
148
995
350
256
835
381
61
843
734
827
994
218
48
844
583
883
27
634
18
192
309
784
685
425
678
279
840
451
87
517
316
599
810
26
764
572
86
774
784
746
192
424
228
680
959
198
221
314
786
226
235
868
30
356
453
266
984
585
711
502
749
278
541
71
726
67
359
733
442
293
170
658
423
330
91
283
904
888
662
341
190
594
711
753
285
998
231
491
439
974
846
789
70
416
752
986
833
659
377
704
397
700
102
830
966
535
159
534
270
334
792
242
569
69
301
161
926
573
732
993
372
211
288
686
202
423
677
848
464
227
295
468
499
358
125
516
395
236
344
392
4
183
780
836
866
987
698
899
520
918
175
177
516
144
501
815
750
282
143
591
327
9
798
631
510
305
207
621
62
166
297
728
955
108
406
278
1
278
81
243
632
187
200
417
707
298
732
153
885
188
630
64
989
1
801
832
818
338
495
989
233
270
275
918
441
86
936
858
741
710
554
581
119
177
279
517
781
856
231
958
530
117
797
500
528
796
334
553
450
847
698
482
234
342
625
990
393
610
290
171
232
448
941
885
358
477
627
278
562
894
820
542
358
330
845
265
276
215
960
858
458
293
664
743
615
688
245
733
862
855
502
970
976
192
627
585
898
578
651
346
600
958
925
279
283
12
931
218
941
601
953
620
814
417
776
645
92
158
56
465
98
932
521
837
692
973
335
634
337
50
457
941
473
844
852
6
405
200
307
191
472
452
317
259
123
185
844
820
88
866
132
226
879
391
340
32
315
352
29
331
166
34
596
245
984
839
576
455
129
739
727
93
123
626
495
652
478
916
594
771
722
120
747
698
672
647
969
170
570
217
404
140
565
856
601
86
832
602
993
960
865
278
506
922
295
659
683
113
530
826
325
383
427
346
572
311
559
955
634
50
396
261
148
668
764
16
636
760
783
660
183
402
738
272
954
326
606
382
994
339
665
738
786
219
204
404
71
596
563
218
537
947
212
166
224
687
383
38
339
527
921
606
902
481
379
524
536
503
962
947
534
701
959
398
510
454
898
692
374
850
527
894
852
989
59
63
669
707
610
107
929
563
443
162
279
917
334
473
144
379
942
597
58
427
939
996
92
631
145
798
432
460
606
978
229
474
296
656
868
877
303
683
404
608
388
95
251
47
498
417
717
865
79
76
899
916
118
935
151
880
501
454
716
616
375
176
937
567
826
107
665
160
323
238
84
897
689
413
759
14
862
170
495
652
666
328
76
252
575
752
3
1
822
867
66
144
539
828
960
209
374
754
716
586
665
282
466
714
40
859
113
806
339
248
684
464
670
195
711
324
581
318
392
200
350
696
570
369
266
26
652
511
370
462
208
992
772
950
894
90
380
777
434
393
719
162
72
825
751
576
475
698
753
353
618
854
499
214
79
714
287
169
435
94
576
538
487
33
64
425
763
759
345
196
414
994
76
794
465
550
160
660
16
152
748
629
379
809
270
830
800
241
773
694
866
723
742
238
91
93
463
442
615
661
740
528
566
643
968
516
95
275
151
11
515
312
814
873
157
92
96
47
354
164
994
845
236
571
284
171
187
20
373
578
310
64
961
922
1
131
528
961
221
475
349
577
442
386
920
623
504
625
790
308
346
878
528
364
458
591
263
651
980
532
646
161
391
795
92
930
594
412
373
410
981
4
129
120
287
272
208
367
262
146
397
219
863
429
620
745
203
242
195
490
115
355
299
154
620
154
157
314
307
893
184
132
912
154
726
344
4
634
925
684
83
562
971
319
144
235
486
860
435
238
331
89
513
623
294
302
893
686
444
752
492
135
704
830
791
187
141
763
32
717
705
881
376
976
313
935
459
482
992
518
715
442
408
264
258
123
851
431
76
147
572
211
915
226
793
746
719
764
743
849
973
372
733
540
791
669
80
195
499
385
484
493
837
891
161
138
8
966
659
947
924
76
562
493
662
321
509
17
188
680
216
498
516
970
241
926
768
211
20
295
933
668
266
477
147
143
511
128
599
753
415
228
876
950
206
757
667
228
113
708
296
778
47
210
548
48
936
852
445
116
278
934
46
70
432
268
661
687
244
25
200
29
570
560
13
58
940
635
570
55
247
273
493
165
674
490
687
129
329
675
103
995
516
416
952
363
340
892
74
328
344
55
873
408
490
999
313
771
110
47
563
421
41
378
585
514
68
874
344
773
624
524
198
278
724
842
794
419
442
951
130
424
621
899
890
45
415
153
26
393
210
431
133
765
748
467
259
398
234
286
475
263
14
854
10
673
814
324
928
867
515
863
396
783
1
342
324
457
901
76
244
167
154
759
363
89
232
843
430
87
23
751
341
74
865
718
196
549
947
600
640
693
619
2
131
771
709
911
202
572
11
719
429
589
267
811
868
88
433
164
592
291
698
711
18
13
617
865
166
205
684
174
930
742
541
258
33
483
935
403
15
529
322
501
323
164
251
42
259
252
423
851
830
790
874
284
632
219
632
859
367
17
681
875
823
666
283
724
780
971
126
717
530
357
110
684
364
431
686
978
210
815
410
698
379
742
817
546
176
410
333
903
104
721
274
414
22
343
941
760
803
912
211
505
441
362
853
137
679
904
443
410
539
250
349
321
295
448
494
430
20
149
821
942
667
68
160
70
44
821
843
789
162
547
335
790
723
112
252
478
137
570
346
543
409
485
175
244
802
323
440
276
657
716
855
247
810
845
925
897
880
113
653
533
721
765
719
51
100
140
374
766
856
830
382
561
897
478
54
50
172
645
701
0
94
56
415
355
306
186
434
959
651
66
460
15
856
845
325
194
576
896
631
362
644
15
549
324
861
255
234
251
581
186
125
101
380
376
98
258
683
273
437
832
683
878
600
432
458
688
591
517
421
559
924
403
72
46
996
458
147
808
870
879
527
554
649
960
519
465
325
359
83
97
919
862
544
184
308
109
723
121
359
978
582
69
337
635
353
353
924
667
653
770
580
298
516
771
982
391
219
314
270
456
453
952
855
704
493
684
611
776
293
480
15
429
383
71
820
341
115
371
30
758
832
238
344
44
912
780
298
344
205
535
821
498
712
608
203
297
201
513
43
651
944
285
610
738
384
468
852
270
114
108
186
159
418
597
643
86
3
17
929
433
502
325
886
764
759
96
610
989
700
894
639
984
137
193
51
881
310
49
328
256
803
202
804
138
164
778
659
787
426
721
501
567
646
912
66
902
520
60
768
678
905
861
840
280
279
632
890
69
837
403
603
997
116
966
347
281
937
339
577
738
694
598
838
36
117
525
768
597
775
359
129
839
238
456
172
807
377
139
455
112
863
432
289
153
591
132
343
201
939
463
119
897
588
873
531
634
749
467
267
802
887
141
204
998
46
771
982
366
307
725
966
88
971
714
252
400
456
775
658
710
456
733
931
537
479
66
965
827
20
270
286
684
2
133
260
380
164
311
944
946
648
386
193
772
38
341
406
457
413
691
576
188
503
951
56
795
152
842
262
487
794
993
968
907
137
379
24
151
85
633
552
993
996
682
895
228
880
91
865
435
999
707
691
235
429
966
6
845
551
910
492
253
975
820
389
265
880
139
258
148
842
369
427
884
319
567
112
565
145
829
875
921
952
642
690
164
213
357
833
46
951
969
793
151
182
191
541
937
559
927
755
464
278
521
704
270
455
232
916
853
260
122
844
113
582
602
566
557
85
376
11
958
478
942
854
478
335
484
321
861
809
200
882
300
684
613
883
928
223
108
746
462
988
170
899
603
521
40
561
271
904
838
690
616
983
605
945
280
622
756
668
410
482
421
982
377
566
136
450
509
943
595
410
469
293
141
693
615
867
794
493
13
457
672
521
35
690
617
242
873
710
255
808
31
944
451
793
903
662
354
209
673
618
476
708
260
826
100
655
979
986
730
441
385
344
176
904
456
519
6
406
673
370
758
909
460
997
962
463
559
239
219
655
751
432
797
17
298
831
13
297
328
822
275
328
500
760
66
714
203
900
322
750
462
94
91
245
157
656
233
154
484
938
686
55
222
654
585
15
248
913
813
804
245
954
880
348
840
360
467
189
837
711
38
607
996
274
70
36
110
259
935
136
624
487
70
652
92
765
542
468
493
639
931
509
427
780
980
880
106
463
293
64
246
721
131
930
246
354
855
298
842
291
740
895
329
328
24
458
770
357
653
33
115
196
667
275
300
225
133
153
43
625
999
188
805
562
499
918
213
431
455
625
239
29
324
594
402
289
484
521
346
856
242
91
911
840
748
663
470
453
444
655
520
3
795
445
732
36
458
393
172
131
448
947
525
414
318
60
89
602
332
386
551
265
260
319
758
951
779
217
544
276
865
669
825
258
51
676
298
835
808
777
960
88
18
165
650
418
596
826
335
344
831
222
762
124
385
420
984
355
219
786
371
255
872
475
134
115
819
596
874
835
829
520
588
419
79
34
796
33
41
547
727
978
733
501
629
210
981
216
842
129
611
662
523
576
754
184
495
682
640
850
276
952
365
878
173
573
266
100
804
533
748
455
71
875
270
211
731
766
167
11
952
26
659
708
508
199
386
627
51
958
800
429
752
917
871
413
767
814
312
261
479
918
169
874
819
492
183
72
585
810
846
968
951
308
555
855
309
167
284
209
534
549
130
341
435
803
325
219
980
507
957
300
474
353
595
806
160
899
868
948
50
633
664
821
70
827
382
975
229
994
122
975
270
855
521
60
883
362
435
575
380
790
632
116
748
919
36
953
121
987
562
659
450
331
510
710
788
208
610
298
752
536
296
617
63
630
833
982
95
748
46
73
633
642
403
753
43
840
940
752
915
217
614
603
976
654
399
757
472
376
176
949
317
973
650
789
453
228
979
120
303
384
127
722
980
842
343
604
761
358
216
250
270
627
759
622
992
49
646
398
103
78
461
551
846
319
429
672
613
285
150
217
394
976
26
490
489
268
445
471
941
1
689
923
638
542
297
46
52
14
176
20
729
966
768
201
856
222
449
493
428
758
576
382
5
49
700
250
677
909
579
734
780
634
788
41
46
339
129
909
718
744
821
992
490
537
650
971
972
241
606
858
802
211
295
69
384
267
6
767
335
320
347
144
437
543
744
38
954
746
950
110
842
317
179
56
487
521
288
13
583
511
19
762
110
893
416
746
272
447
254
548
326
403
227
325
546
513
243
592
210
475
925
239
50
888
686
672
516
632
612
766
89
591
906
721
38
395
439
34
39
420
805
404
976
402
7
531
575
988
117
642
253
450
146
615
161
78
719
99
327
368
924
937
130
601
931
269
892
805
245
345
827
669
90
677
631
83
395
261
498
30
723
170
970
828
260
556
983
487
918
397
746
229
999
293
873
795
841
296
820
318
988
149
422
800
330
293
317
608
129
863
184
340
813
116
615
215
234
13
308
314
774
245
921
361
735
746
362
989
685
746
756
431
393
384
215
826
551
787
122
580
237
720
250
675
575
628
243
657
302
808
951
789
467
149
173
737
941
566
787
858
356
412
808
290
478
993
747
286
13
397
694
995
330
180
632
69
185
215
392
661
748
631
254
379
25
836
1
670
681
22
51
913
987
394
465
727
868
736
286
491
387
426
26
308
453
73
992
787
588
337
695
168
769
715
37
487
475
35
962
3
153
661
323
482
464
60
105
661
997
260
597
326
881
255
398
276
809
429
489
830
354
326
491
634
69
429
662
328
530
892
106
213
132
181
555
199
618
366
282
852
724
78
818
622
781
52
824
828
306
883
517
922
186
746
694
990
435
88
508
749
233
69
305
943
508
333
419
0
826
389
51
175
315
471
1
454
948
667
137
635
632
26
741
750
865
135
649
855
430
103
130
99
85
665
551
247
740
436
890
423
952
220
162
901
19
395
798
166
538
19
45
33
158
91
680
904
742
163
336
532
309
947
220
317
30
688
197
723
211
450
283
854
377
243
844
818
472
741
790
116
675
288
125
180
179
149
834
891
603
796
487
962
411
739
238
119
661
428
625
80
717
208
198
339
35
496
354
349
407
835
135
332
109
935
376
298
410
552
58
767
464
136
133
916
378
269
111
771
595
467
783
16
317
877
563
635
439
452
966
280
375
820
318
193
710
954
912
938
86
216
710
244
276
674
186
452
715
818
19
568
144
349
423
654
303
366
298
448
44
583
163
946
226
339
794
670
353
982
945
301
464
754
752
879
510
262
196
541
26
318
71
951
531
470
762
961
924
271
120
234
384
773
528
615
387
691
270
325
653
115
149
80
529
8
324
309
102
572
234
878
621
71
954
139
149
108
187
893
583
957
720
993
225
839
971
819
999
815
113
658
752
925
5
201
518
148
169
753
78
219
1
375
574
65
697
103
650
564
823
380
393
728
88
641
387
125
80
648
940
664
213
905
467
874
976
662
3
586
221
890
887
892
20
825
379
952
161
658
849
312
370
374
675
575
992
410
771
856
639
378
187
385
647
327
351
326
641
114
359
785
371
317
44
747
658
965
577
783
77
304
305
484
382
363
622
541
579
766
22
824
921
459
933
862
262
551
659
939
526
186
248
324
339
736
549
85
777
505
679
222
527
97
486
972
498
615
25
436
826
241
35
861
22
541
892
978
149
571
586
579
460
514
471
610
819
92
12
669
449
475
318
558
684
906
844
829
787
75
368
180
810
199
455
153
7
971
97
658
701
539
812
848
56
691
842
65
985
859
618
823
30
300
452
885
314
945
270
571
98
955
331
903
425
184
37
384
343
870
580
814
42
21
956
60
656
262
92
793
785
263
572
394
719
919
453
178
32
891
586
255
606
799
959
857
20
746
413
287
105
473
20
720
643
759
165
573
515
887
299
534
726
487
418
567
530
560
936
937
653
583
616
807
420
155
845
104
947
959
441
707
84
197
308
464
737
776
532
932
317
860
635
958
56
65
420
555
281
750
520
930
51
54
714
44
163
140
890
754
184
285
970
575
362
459
922
484
175
522
615
281
330
979
299
243
487
176
450
838
925
4
53
892
142
989
880
548
533
183
602
65
851
393
372
857
453
899
642
474
141
757
671
72
350
786
85
788
387
787
393
477
566
308
276
800
66
866
509
194
183
625
151
860
321
440
234
781
430
759
904
627
288
66
489
48
586
676
790
162
221
195
480
324
816
171
469
676
737
294
447
406
890
389
276
341
39
307
741
841
999
294
814
525
612
34
81
576
370
551
501
988
84
317
592
2
84
477
660
919
954
707
918
131
444
531
190
419
131
769
248
80
629
328
774
474
674
155
289
762
139
996
978
682
985
795
884
557
601
738
93
764
999
291
375
380
679
70
192
742
772
260
415
388
645
352
226
421
197
328
665
441
379
465
807
695
917
726
282
317
336
127
249
285
956
206
576
14
680
748
557
870
196
77
978
920
9
952
368
366
24
760
895
577
864
104
897
975
768
976
958
47
822
812
977
649
542
837
320
923
823
1
243
516
503
216
428
975
418
561
871
795
51
775
313
623
886
134
583
84
329
180
727
541
589
916
981
784
64
592
214
435
985
580
342
121
279
92
568
74
356
29
162
374
157
203
222
792
665
134
681
889
968
915
678
277
613
377
657
779
108
244
188
110
39
390
711
115
280
179
907
395
403
65
999
481
700
204
391
231
529
300
426
464
814
74
734
135
65
377
374
538
766
48
939
527
321
523
601
678
855
936
332
222
183
575
591
922
178
566
807
825
988
607
482
644
357
892
37
575
82
429
144
448
27
898
601
451
98
260
607
566
821
501
780
678
962
428
680
557
48
467
112
4
453
449
566
769
135
83
929
43
998
744
350
717
746
347
632
404
375
884
909
686
407
168
702
357
78
686
33
379
583
472
462
284
707
411
642
314
699
684
598
122
85
707
340
861
161
636
316
671
633
720
6
184
121
351
388
124
165
768
459
522
105
974
192
889
717
759
841
451
67
523
843
951
280
645
9
46
650
65
578
751
94
653
783
742
800
262
521
971
152
67
356
377
229
450
701
777
649
60
500
541
453
423
265
545
970
177
490
937
80
510
984
162
835
525
637
100
438
32
437
367
284
305
654
254
865
289
983
471
555
329
238
511
868
161
922
426
605
201
314
629
36
739
594
346
893
624
934
243
295
235
904
479
319
696
462
874
688
358
772
145
835
703
448
876
948
569
703
998
986
824
911
351
109
895
126
89
415
232
736
965
148
50
288
22
64
662
513
991
155
29
508
747
145
911
170
68
959
591
294
196
625
257
852
984
528
885
823
903
172
675
418
984
207
121
645
144
607
528
170
330
726
704
200
125
351
168
607
944
813
913
564
67
202
980
682
586
169
440
178
400
283
831
771
880
649
772
663
388
848
804
269
575
782
321
30
320
551
676
704
91
309
535
465
168
913
591
991
268
851
532
925
219
665
796
35
73
536
340
269
823
159
586
269
398
974
759
655
897
371
662
786
680
336
468
145
764
436
72
318
274
462
880
924
164
466
968
920
347
243
636
998
638
982
619
832
530
581
84
850
54
736
463
313
209
250
236
558
12
499
940
933
759
40
191
217
326
779
453
874
933
3
410
138
440
273
879
720
330
273
150
541
969
34
345
708
392
475
760
331
827
246
874
396
446
454
247
837
20
941
509
842
351
589
254
847
433
924
201
335
983
85
314
946
69
306
972
11
230
980
409
981
871
229
905
200
147
344
821
619
213
266
258
526
172
553
325
588
89
278
737
846
877
105
843
851
334
307
455
680
380
704
669
487
193
864
490
11
269
970
448
732
470
230
708
545
987
211
822
287
315
286
737
890
109
956
678
565
549
713
500
891
397
574
91
262
637
148
23
423
397
652
279
298
703
685
51
886
61
303
899
179
861
589
720
239
144
969
789
235
970
670
606
118
867
742
947
508
539
505
178
834
541
278
23
979
19
960
526
494
310
322
759
991
455
554
496
59
710
478
396
114
459
902
16
74
804
561
381
457
640
585
939
313
314
519
508
319
193
479
383
740
813
437
684
306
934
767
121
500
19
869
441
347
182
509
199
529
967
810
178
206
712
163
276
522
163
813
576
884
445
538
498
410
807
535
753
216
649
506
374
532
284
510
432
474
259
555
931
895
938
995
601
399
376
844
632
215
381
24
278
109
438
992
172
943
407
636
304
888
870
24
553
918
341
863
503
796
14
241
512
913
376
290
938
794
179
45
474
823
172
356
346
395
341
30
318
209
593
809
685
825
180
605
262
912
233
624
188
821
254
977
151
483
337
859
847
833
151
19
428
316
106
381
504
395
331
174
265
769
974
578
204
968
391
763
882
122
867
307
855
144
393
594
167
983
85
378
503
758
89
529
739
668
275
551
134
489
545
892
625
428
636
700
123
324
76
785
284
901
959
360
197
683
815
525
736
185
858
138
707
911
405
966
319
405
106
614
744
74
481
69
439
515
694
181
374
924
15
488
678
52
989
369
545
272
783
427
367
202
505
625
283
133
221
587
663
159
821
569
443
869
814
632
438
324
36
126
126
13
698
533
630
554
561
217
340
215
943
417
816
180
78
559
38
896
318
626
146
787
373
797
248
332
109
744
52
48
28
481
608
366
1
678
771
229
982
520
790
484
965
71
320
490
400
121
67
157
739
130
689
781
524
954
63
754
12
610
16
441
128
460
839
513
529
892
517
692
211
610
927
547
334
670
969
340
102
409
150
786
466
67
390
550
838
283
186
481
108
630
85
12
539
809
332
633
866
375
348
714
239
289
935
558
174
247
385
553
628
474
368
147
227
212
137
829
165
645
658
439
30
215
394
146
947
855
783
232
736
165
775
840
969
797
349
589
617
123
806
797
339
39
211
539
51
100
674
402
25
178
867
370
121
851
452
269
928
73
770
479
624
674
30
367
561
237
660
603
463
578
630
446
647
644
313
803
342
388
299
8
389
658
155
783
890
903
450
187
932
765
671
931
380
936
26
572
418
761
25
487
18
167
296
102
29
614
230
351
515
676
843
884
202
987
264
667
312
779
927
738
753
85
548
11
759
634
711
294
599
267
339
548
367
608
418
660
258
326
751
944
291
912
183
907
395
38
255
767
512
377
533
634
649
222
539
107
421
824
876
858
164
329
385
484
818
234
990
317
773
620
571
595
271
712
567
271
331
614
95
8
229
807
152
954
478
617
419
68
711
867
135
732
371
90
8
656
724
606
833
173
943
609
327
629
771
380
298
990
775
275
748
774
989
868
625
750
208
787
521
580
292
895
186
773
615
745
812
557
225
321
51
711
529
79
340
565
651
850
810
231
785
984
772
896
732
786
602
163
662
364
615
254
654
735
68
247
285
690
630
639
530
184
128
801
791
838
924
570
199
650
415
480
220
270
252
906
426
651
988
367
834
806
359
509
192
886
613
253
714
437
815
70
596
282
584
886
30
13
505
163
508
964
297
937
838
492
723
200
755
873
620
152
217
649
14
732
487
910
617
319
937
358
874
276
437
923
312
84
32
232
731
229
806
491
240
481
886
892
467
716
550
774
832
257
501
289
222
683
452
790
647
558
504
382
515
428
66
94
359
530
795
141
459
114
673
969
662
632
791
544
492
943
593
581
318
536
565
429
202
915
473
311
333
432
41
688
987
299
285
239
571
369
150
56
210
916
387
99
976
226
709
913
265
528
300
652
25
148
955
922
269
626
208
773
12
164
133
897
622
40
99
558
994
869
407
722
349
45
930
916
264
813
695
168
306
304
70
404
681
361
995
876
143
378
192
554
942
516
611
197
275
629
105
50
843
271
79
102
402
631
327
157
17
681
322
926
152
200
395
552
660
884
967
339
636
382
513
238
328
398
759
772
606
73
573
743
974
537
758
551
691
412
595
517
655
748
943
566
554
17
433
832
603
720
503
787
951
589
46
886
851
356
545
318
861
5
745
182
390
392
885
775
663
117
434
998
977
312
494
241
316
891
631
479
509
942
447
903
130
423
367
665
509
750
369
968
488
898
850
654
134
744
781
444
302
190
161
742
705
329
914
369
135
212
617
140
122
181
715
958
361
491
486
57
134
918
883
807
534
143
826
246
420
628
221
818
373
785
667
201
74
420
199
165
260
209
18
639
218
774
806
509
50
52
925
646
788
608
219
556
492
8
756
824
389
993
989
986
346
156
271
841
994
734
49
753
922
949
809
730
669
11
123
46
310
556
66
524
830
848
914
176
777
565
288
834
57
153
909
700
254
37
635
0
155
625
395
235
525
614
924
908
483
724
96
334
571
226
649
952
292
959
445
768
460
526
951
90
621
995
218
814
55
290
245
792
974
950
630
103
382
665
937
53
136
762
940
365
467
622
512
324
955
865
241
343
116
447
501
258
153
337
735
727
835
610
749
359
846
29
340
831
932
468
654
888
909
324
521
170
791
194
86
299
231
913
665
256
754
215
813
821
850
318
701
74
238
85
501
245
144
125
622
22
23
988
388
737
207
151
679
251
721
142
561
529
752
550
857
633
754
291
474
444
91
778
920
576
655
822
819
944
743
689
349
629
971
424
578
686
553
552
247
301
467
326
367
852
761
118
706
48
763
424
238
233
616
614
977
19
762
426
201
471
193
195
282
578
923
799
192
322
753
768
185
431
115
99
302
864
26
466
327
850
976
925
864
70
751
562
751
169
908
458
266
106
551
17
543
115
314
26
861
44
933
271
978
622
86
764
430
389
726
654
340
360
570
641
95
256
494
456
374
823
899
628
572
50
541
871
13
850
772
434
748
150
161
66
615
970
735
522
230
49
295
731
0
782
442
165
131
160
743
531
340
238
176
548
978
473
707
51
477
541
774
724
439
876
367
626
700
486
882
600
646
581
224
655
80
912
899
140
57
944
514
760
742
173
300
904
701
169
696
715
695
963
534
625
600
990
707
336
924
241
336
168
484
604
212
981
582
598
65
968
750
722
582
849
722
815
615
677
812
794
434
797
626
173
496
704
232
26
618
637
49
651
739
367
999
429
913
451
692
807
479
109
16
903
464
999
543
156
743
259
617
869
359
243
360
863
664
929
83
428
722
385
843
308
293
586
551
808
631
586
554
366
979
129
349
198
441
2
221
562
588
187
762
699
517
243
954
200
577
979
702
131
766
803
337
364
44
806
426
643
531
807
625
244
594
798
674
883
303
820
907
207
487
938
850
186
483
48
590
252
500
35
860
374
102
11
542
154
14
775
746
139
912
426
150
295
228
515
648
745
628
962
600
515
921
609
260
387
303
370
285
376
729
64
407
337
321
665
217
145
377
373
112
429
535
383
823
32
570
6
416
254
635
912
848
507
950
898
814
157
844
713
62
211
95
230
64
368
767
648
894
539
648
150
895
678
171
438
550
270
24
187
791
867
104
655
385
267
846
641
850
716
465
36
974
319
81
411
142
304
951
307
492
170
982
204
142
694
970
890
460
823
293
201
167
825
74
90
435
268
869
526
648
413
173
528
350
136
719
757
804
461
276
725
403
295
710
851
419
956
54
142
844
481
925
390
893
498
741
259
392
209
857
146
181
80
69
410
706
32
826
455
627
568
361
417
453
196
805
584
514
995
337
415
382
182
38
290
952
314
40
420
413
688
202
659
740
647
356
782
243
970
147
37
155
746
270
61
329
159
761
508
453
790
11
476
367
554
290
571
70
48
402
934
387
292
82
472
0
343
160
172
73
157
668
445
704
549
929
593
724
197
678
206
69
376
456
55
619
744
34
744
359
277
397
568
869
819
305
858
668
798
590
988
621
170
838
526
254
720
534
917
783
808
762
418
891
255
328
192
232
572
310
230
963
568
681
104
190
319
187
701
261
649
837
432
593
665
404
12
270
557
323
58
249
334
25
807
52
344
831
172
558
404
821
475
359
518
415
546
229
727
177
442
143
593
689
826
879
816
160
293
302
684
324
476
984
131
927
774
717
257
325
889
530
386
428
512
755
502
900
859
971
856
100
473
922
784
248
798
344
39
776
612
855
633
429
908
481
569
430
299
976
845
656
781
145
499
435
970
376
426
204
760
731
478
230
715
386
870
636
689
214
220
625
460
34
985
444
711
102
951
726
758
904
848
178
165
429
779
784
59
758
776
422
154
305
876
788
692
680
291
334
11
653
734
121
271
393
778
255
188
52
606
797
184
15
724
100
404
585
454
403
61
649
854
736
518
459
448
583
16
33
555
71
841
409
925
387
681
94
725
331
117
302
625
179
48
476
654
98
400
210
851
128
93
897
35
651
148
476
748
364
952
586
257
250
691
320
448
227
111
681
70
197
448
871
845
910
270
388
179
352
963
520
338
417
116
744
46
274
59
740
711
666
713
271
368
992
918
580
14
303
880
252
204
890
227
789
803
210
99
745
229
579
747
579
384
727
623
173
780
364
766
850
187
289
415
9
962
78
198
806
935
127
561
952
990
293
538
133
520
910
926
336
795
955
227
343
119
995
300
703
968
651
860
662
710
773
200
191
380
657
543
612
335
516
997
409
42
66
251
722
942
916
430
481
888
362
692
196
663
726
136
817
565
852
702
964
740
378
460
551
378
344
539
23
168
107
30
172
350
407
833
577
845
977
771
474
823
809
197
697
260
122
424
519
790
432
799
671
623
541
178
452
771
281
287
647
63
530
822
719
508
773
285
560
432
174
723
188
310
975
272
970
374
624
468
264
329
533
771
605
601
595
472
410
873
384
801
446
753
287
765
831
204
160
742
971
495
539
910
833
367
520
944
258
315
904
29
923
924
720
697
931
889
146
821
384
803
97
100
654
573
450
813
594
262
165
533
674
265
987
98
910
83
412
697
459
192
447
481
510
478
157
86
625
603
888
976
491
566
177
439
912
130
415
200
538
511
317
704
565
823
449
90
405
191
520
749
272
589
419
754
625
299
97
278
984
429
622
918
603
445
29
603
992
579
32
707
868
324
394
589
13
507
673
316
651
120
993
31
443
176
884
982
338
593
818
619
70
871
448
101
68
338
662
628
494
159
773
455
984
980
200
754
243
547
735
258
256
836
159
658
22
975
699
68
927
838
350
237
702
676
521
515
457
614
187
143
584
499
813
165
970
382
126
855
551
359
132
280
248
419
451
478
914
239
244
566
600
852
84
207
687
46
874
274
982
568
171
491
675
973
657
256
625
656
934
757
63
581
919
768
41
261
306
870
461
735
290
174
1
725
654
927
824
110
393
45
684
279
232
342
46
833
35
917
966
387
341
603
618
962
721
163
371
36
151
492
309
504
225
647
41
960
534
449
434
787
808
111
884
306
669
449
485
570
584
315
172
442
880
24
42
386
315
557
748
442
84
605
233
242
815
835
755
120
564
881
367
906
278
195
903
904
627
993
836
644
505
983
946
672
875
922
330
744
662
37
584
960
353
100
124
517
471
813
262
367
185
395
154
552
733
992
185
229
25
78
933
58
297
59
996
309
403
312
566
226
832
411
163
111
412
205
292
591
376
56
104
522
298
597
692
446
17
539
407
74
568
314
605
142
597
130
930
889
460
998
278
178
370
193
995
424
256
788
724
966
551
377
44
672
491
49
821
428
452
560
378
316
306
485
929
303
669
511
794
163
198
183
824
629
989
571
697
424
320
916
415
94
193
395
76
878
239
823
726
494
366
348
368
487
546
561
740
798
916
893
957
971
617
658
973
788
719
831
890
409
703
315
96
411
657
626
728
883
194
250
554
340
197
659
651
410
123
159
14
737
39
555
275
761
337
333
495
739
919
115
919
631
781
495
618
353
484
381
944
315
132
650
230
326
456
755
936
542
594
343
865
758
759
147
354
451
578
182
746
528
941
288
141
486
541
881
874
650
375
102
277
370
663
58
672
273
730
505
547
279
908
208
497
108
54
350
417
19
607
658
111
163
311
228
8
860
806
673
157
827
432
343
685
555
280
889
496
117
662
829
747
565
966
970
756
277
191
982
133
599
417
509
900
702
660
747
19
528
118
119
997
511
658
491
699
134
433
992
950
854
533
781
491
686
340
731
387
70
348
360
215
413
512
301
926
303
473
457
989
541
490
8
935
79
960
173
844
760
532
734
295
962
995
504
699
182
389
337
611
715
539
606
994
605
45
226
62
950
684
816
925
495
603
661
599
267
1
744
628
950
155
442
557
978
411
15
809
641
127
636
107
175
870
633
20
275
908
299
553
878
148
87
192
240
627
957
694
458
365
7
212
541
984
835
541
678
767
568
524
987
467
899
141
496
488
620
353
993
754
274
144
893
328
786
969
305
560
687
144
756
879
782
359
179
518
320
808
617
479
944
129
629
783
86
999
368
637
338
180
813
783
405
842
982
822
8
804
476
394
706
855
725
114
102
486
304
769
370
510
163
505
46
355
401
569
542
346
172
916
301
19
979
848
792
923
16
649
323
805
162
387
577
224
419
779
440
724
196
601
133
760
269
866
751
15
220
102
732
465
302
210
706
512
226
756
558
297
217
569
282
38
231
914
837
140
888
653
166
657
782
423
911
964
834
424
77
251
129
493
452
236
772
65
757
613
837
391
134
472
849
797
951
693
450
871
691
939
370
724
211
737
838
32
666
417
323
618
816
251
789
615
707
265
505
840
483
386
175
692
350
115
771
878
967
492
485
946
365
61
328
518
618
960
175
585
367
539
637
401
609
996
656
493
619
182
721
882
707
464
906
863
288
492
304
597
619
277
932
904
933
897
932
940
335
626
272
334
173
502
704
486
101
394
950
103
392
199
189
793
515
544
340
7
64
562
985
886
754
643
338
153
258
23
900
987
296
630
938
530
875
532
68
51
641
233
233
676
385
584
585
78
829
261
269
203
653
800
281
913
199
362
345
354
249
777
139
709
899
245
400
188
873
953
773
110
565
648
842
652
101
702
510
884
753
643
699
727
546
286
968
487
486
867
75
717
862
21
666
568
366
353
323
221
990
603
996
661
701
959
102
338
826
258
223
908
804
699
862
149
527
646
976
179
955
777
308
741
919
667
524
107
181
250
202
86
685
413
872
416
691
65
159
109
883
851
884
725
816
61
371
204
682
685
971
680
174
966
704
573
620
673
147
918
789
413
101
601
330
751
44
305
728
471
646
743
823
494
420
907
487
797
304
348
394
240
853
528
611
683
911
539
137
508
778
777
915
684
58
783
933
85
493
879
928
558
251
317
903
203
5
171
385
671
535
136
923
64
273
871
925
349
137
104
814
33
555
657
585
551
286
206
248
841
214
651
241
12
934
993
289
895
28
656
263
156
204
986
315
173
571
349
477
362
915
746
797
946
182
7
211
113
252
293
108
640
320
720
821
838
198
109
135
501
756
402
891
745
628
219
681
649
283
980
67
231
846
220
965
940
406
636
104
402
585
747
193
893
250
777
863
446
769
322
993
303
361
449
391
455
338
814
630
722
393
106
50
542
139
11
555
738
673
233
276
407
226
307
435
761
281
402
570
221
556
756
816
143
612
19
648
410
215
499
862
51
494
219
816
956
286
37
304
303
860
578
300
852
682
878
979
390
576
845
93
959
879
78
9
780
299
688
362
543
443
437
63
846
907
568
550
929
515
461
961
722
513
931
491
101
157
235
206
975
236
407
643
975
418
562
296
60
631
133
305
118
807
943
291
562
190
365
355
423
853
534
998
680
309
339
862
101
919
578
251
325
131
267
680
192
360
176
510
380
856
218
953
668
16
448
431
656
207
834
80
319
424
802
235
294
896
859
491
872
575
135
364
928
665
357
523
824
11
828
284
885
917
743
721
511
905
43
360
954
456
843
425
153
564
974
987
160
51
921
774
333
232
976
793
342
736
676
239
516
201
341
569
781
793
774
932
758
311
795
395
0
779
166
132
896
571
47
588
675
235
700
450
369
696
844
104
869
16
78
389
152
188
993
816
888
227
189
83
586
791
812
348
689
451
142
989
554
302
118
444
508
513
156
11
205
640
879
822
568
86
339
821
421
225
377
257
688
338
91
100
438
884
306
358
149
344
676
501
816
896
726
321
585
462
358
307
246
20
387
528
289
708
560
18
742
308
440
277
390
227
299
54
948
233
584
302
637
954
1
142
702
308
526
250
740
196
869
366
962
519
700
323
22
419
79
43
833
776
26
482
924
18
670
708
486
537
957
76
242
215
607
299
975
26
3
165
208
531
495
965
103
248
289
818
271
0
7
435
549
79
663
669
298
327
99
738
765
745
331
608
549
712
226
843
240
169
984
760
910
809
505
498
527
193
355
931
14
39
446
973
482
614
636
943
211
63
123
600
431
48
19
196
776
61
795
801
580
662
739
797
547
794
704
77
454
10
783
42
955
869
406
420
659
320
769
777
326
318
282
970
704
556
148
833
992
333
885
579
534
993
623
508
19
575
148
260
167
769
762
857
784
489
921
104
16
363
692
124
855
865
175
499
791
506
931
69
912
793
522
690
26
992
701
162
417
420
807
381
307
149
776
910
411
413
397
353
931
53
403
652
547
53
180
708
109
756
122
608
764
941
666
203
934
153
382
887
444
169
526
730
610
455
660
817
332
200
460
757
153
8
517
107
320
589
917
620
166
432
684
263
639
905
388
520
864
134
595
579
868
951
889
807
155
734
134
963
481
528
64
274
300
231
241
614
178
879
590
425
770
424
487
22
194
82
288
191
831
475
861
699
563
882
477
613
93
770
531
825
179
893
567
837
247
773
71
805
182
673
741
655
968
34
0
920
203
658
742
631
30
357
11
620
143
605
99
798
738
979
396
328
49
256
360
147
487
612
870
409
555
347
395
15
181
497
267
238
646
600
110
971
313
991
920
268
211
955
23
23
487
835
753
767
81
378
469
478
387
365
104
557
421
904
795
332
952
678
887
252
59
941
778
11
389
165
901
567
869
18
62
837
897
594
426
579
786
978
423
615
96
401
922
445
840
762
122
377
151
393
118
345
379
800
37
476
979
78
596
595
320
594
979
634
416
40
967
115
764
827
257
295
609
471
425
912
781
7
747
405
337
569
583
686
221
961
420
515
239
225
276
368
302
66
312
393
603
738
891
647
143
700
480
19
630
271
783
920
481
757
695
910
909
466
210
270
532
630
82
499
533
445
401
488
961
393
133
988
379
329
388
618
269
461
720
926
765
474
103
706
894
3
672
245
716
894
720
498
349
864
330
374
235
31
224
891
964
666
334
655
914
428
499
692
759
234
256
630
899
161
587
342
779
867
812
422
465
702
927
965
937
750
130
158
384
424
795
915
464
824
573
359
549
245
487
945
440
312
281
606
415
804
737
344
858
333
696
122
976
831
942
360
173
548
456
650
983
550
227
888
895
266
200
796
551
495
561
525
479
972
220
315
644
253
332
59
293
786
367
858
872
902
317
606
791
815
166
468
535
3
613
41
815
222
997
452
484
785
302
202
653
286
854
545
419
955
443
811
135
907
1
278
319
595
895
638
464
972
162
399
107
939
153
309
609
49
692
784
739
254
408
434
512
312
142
199
949
609
106
71
795
519
357
113
641
161
955
246
405
814
739
569
38
44
196
863
319
670
315
753
671
861
11
340
698
569
999
250
386
946
958
246
25
988
292
879
81
989
562
317
438
603
796
359
200
749
243
186
510
98
524
302
701
491
466
403
259
874
363
467
772
751
881
420
707
844
4
342
695
547
778
97
835
295
897
81
745
208
825
209
357
461
579
780
923
807
280
662
115
673
442
283
242
369
423
194
606
643
849
6
666
845
500
907
977
280
956
332
682
723
896
847
950
711
215
165
79
57
819
216
325
405
846
515
81
676
760
398
261
714
430
393
576
185
471
51
977
250
901
16
742
855
35
90
189
377
503
446
480
696
612
532
874
871
273
320
884
258
267
295
443
722
176
834
876
80
689
357
83
378
592
668
586
400
396
304
875
278
334
853
496
322
144
109
914
586
562
953
575
680
306
438
687
84
730
771
974
95
592
71
545
961
154
737
708
103
225
229
374
282
125
663
864
489
607
693
47
252
639
231
346
232
79
769
449
57
218
215
203
18
903
90
673
785
845
7
111
755
238
755
445
757
397
525
363
852
245
593
690
524
986
648
594
547
578
113
92
912
493
622
414
291
289
540
833
918
880
463
242
714
235
459
131
895
797
43
355
882
530
419
909
626
341
790
606
720
760
782
529
102
456
217
356
675
0
359
12
145
315
151
515
598
635
847
955
648
902
896
336
709
545
497
901
74
296
794
466
125
520
327
774
246
474
33
120
921
365
300
649
497
960
377
839
886
949
485
697
150
907
700
259
65
756
509
307
173
805
268
451
17
890
705
824
343
149
561
287
241
828
288
22
990
16
581
35
961
243
646
124
393
136
942
734
368
72
842
145
911
355
526
46
670
100
809
224
627
931
414
20
104
992
407
164
587
545
520
845
130
40
791
409
448
572
468
539
946
700
997
488
180
409
826
276
697
571
460
284
835
250
719
664
551
556
967
827
756
457
777
948
821
350
749
141
955
933
939
974
831
737
758
838
413
785
739
71
198
821
646
664
234
53
821
429
583
67
832
997
534
892
935
441
275
201
216
288
932
368
32
65
179
376
76
459
213
896
500
857
59
261
989
896
541
617
758
580
212
417
360
205
393
33
287
448
11
751
45
532
461
242
948
366
956
736
667
749
83
181
491
668
635
151
128
908
280
553
769
621
471
344
246
712
242
356
162
21
427
808
753
332
123
867
239
940
387
204
270
278
875
699
454
42
495
385
856
567
854
719
553
878
402
221
214
33
1
203
441
770
924
292
676
644
382
893
57
551
251
525
79
791
42
925
801
312
336
42
271
531
319
31
534
511
183
525
541
271
168
486
263
933
155
646
348
637
532
989
472
345
748
141
189
294
482
323
251
265
985
145
774
708
180
575
641
748
318
919
704
780
177
992
495
78
805
648
563
619
296
491
616
888
972
236
735
676
349
752
194
599
484
385
541
394
797
464
894
679
33
501
727
872
403
727
457
538
548
713
665
969
827
448
541
636
719
844
984
50
262
417
883
212
142
913
983
614
311
835
318
318
897
51
347
669
389
243
291
752
655
548
553
693
896
268
36
372
60
190
597
804
571
21
449
474
463
601
323
450
82
535
636
789
760
642
133
159
352
935
168
890
943
670
977
619
671
379
466
16
886
329
623
794
528
199
880
746
569
896
27
831
224
516
637
19
887
536
125
45
974
204
434
201
529
263
796
205
557
320
312
562
261
599
527
577
965
371
267
724
461
598
762
862
661
961
166
960
575
253
284
740
544
866
841
326
521
116
375
12
174
994
978
990
372
343
653
206
496
8
738
393
792
296
785
78
146
9
65
215
728
951
311
633
923
582
771
842
545
364
53
840
255
168
313
669
160
467
720
136
869
148
686
442
522
898
786
669
26
688
757
491
556
98
376
543
805
590
420
403
645
813
571
362
638
869
543
284
241
866
739
805
841
453
371
492
468
357
52
515
250
437
960
592
426
630
25
239
373
550
415
249
205
396
850
65
476
792
652
894
883
635
790
521
803
879
618
588
555
976
456
880
339
602
658
928
453
105
913
187
578
13
725
132
514
605
757
440
141
209
462
437
75
912
561
961
142
865
930
532
177
121
107
486
529
439
234
839
487
298
453
966
427
509
808
433
710
249
862
580
218
2
794
801
209
809
850
535
987
89
876
105
821
252
610
519
117
257
94
699
374
349
328
109
315
525
57
280
351
525
440
417
20
150
816
862
266
226
599
905
478
404
848
94
818
926
381
878
746
91
250
866
186
118
265
798
897
974
101
3
676
129
72
323
938
372
668
115
583
934
921
752
504
941
188
568
738
726
911
684
474
810
337
896
915
141
319
486
795
915
705
320
491
244
891
84
817
488
243
435
477
481
250
795
577
979
296
763
311
26
385
19
986
34
372
231
739
308
126
36
58
142
399
796
424
166
515
311
136
725
60
534
853
610
81
887
684
758
828
597
640
820
708
404
636
683
220
669
801
997
316
123
306
5
840
20
496
756
31
615
879
765
563
120
660
861
89
907
910
208
553
246
836
546
981
367
492
588
833
572
743
250
828
179
195
607
203
640
603
544
97
834
375
981
195
288
957
932
599
590
628
698
575
837
668
606
473
151
719
254
579
896
722
780
245
750
262
616
175
973
34
805
835
918
80
716
378
129
717
325
56
895
410
902
489
498
392
975
732
666
635
191
416
312
749
766
999
950
820
691
713
960
179
903
991
524
449
881
972
779
480
957
764
115
274
288
280
345
618
665
458
103
391
523
802
909
790
793
739
734
138
203
475
252
871
52
677
419
730
200
319
329
495
321
835
949
400
32
611
439
13
389
629
65
867
238
598
696
189
806
454
302
443
980
932
29
888
128
114
793
907
282
742
649
795
339
317
351
431
605
510
506
588
736
351
317
694
670
262
577
288
887
250
702
244
885
945
782
525
133
103
969
716
435
946
12
827
943
127
355
898
418
916
347
184
416
286
297
64
882
889
67
7
748
785
493
476
848
104
250
869
365
953
908
720
167
31
987
312
282
403
657
474
48
43
592
870
949
195
16
522
983
795
801
799
152
329
267
933
478
687
449
824
954
295
774
24
3
960
383
840
606
905
500
149
544
495
387
965
256
257
784
146
801
817
463
738
944
122
764
904
740
86
645
180
272
667
338
152
231
754
620
851
141
89
123
567
687
314
718
840
900
696
660
320
688
181
933
580
31
680
805
889
690
869
486
108
710
325
460
404
505
10
318
120
368
730
801
388
756
153
577
795
341
879
538
150
31
953
943
985
804
103
672
112
949
451
719
622
414
216
748
68
151
665
655
346
894
638
104
922
943
270
46
747
543
975
340
783
879
221
473
652
484
227
594
375
810
828
310
680
615
504
369
65
737
415
630
420
966
592
677
663
418
64
507
837
529
608
209
551
401
846
535
199
941
644
102
554
143
439
179
436
223
960
650
357
378
503
980
498
452
182
937
136
790
144
173
484
758
150
191
787
927
881
587
561
965
305
742
656
110
494
503
985
495
366
996
199
417
899
289
737
264
771
791
66
545
323
982
338
479
875
974
131
333
335
434
366
795
62
446
933
780
172
701
902
194
373
91
356
265
206
909
887
886
682
268
743
807
931
26
503
7
166
250
154
412
879
926
941
652
50
118
277
164
27
831
262
683
892
186
237
717
320
822
740
343
273
10
861
909
271
844
60
174
406
646
579
353
22
194
721
274
81
631
64
528
937
897
582
270
478
754
816
413
366
627
604
274
596
580
573
994
822
741
244
20
760
457
211
57
437
228
771
562
831
225
351
439
578
403
20
541
186
418
272
833
944
15
710
174
567
787
252
676
27
895
944
353
319
800
749
578
87
231
702
875
956
420
69
101
589
985
509
767
48
62
216
894
509
672
13
123
65
832
95
202
549
516
165
620
934
965
273
222
387
416
207
657
336
492
834
142
578
750
192
965
419
893
919
576
300
331
523
345
373
75
776
757
818
145
527
128
735
433
127
343
594
349
167
64
742
606
39
574
937
520
33
469
746
592
282
630
83
77
514
440
740
493
906
362
650
36
595
65
3
220
64
438
589
855
570
490
356
81
244
732
848
637
628
168
333
