792
200
4
568
192
696
943
371
430
931
109
757
91
773
585
276
33
176
251
837
423
752
756
636
306
175
506
970
521
895
439
608
981
298
430
633
881
33
467
508
578
5
260
140
303
923
153
757
985
582
582
128
541
803
4
893
295
179
115
82
210
998
740
275
0
951
794
737
231
147
288
551
193
297
594
939
86
686
952
203
12
549
509
731
374
425
4
134
979
540
33
447
268
281
0
137
323
202
193
576
4
949
777
944
575
501
61
179
583
493
481
60
772
22
492
612
689
11
965
420
232
603
82
10
993
457
676
989
884
388
736
305
378
15
236
278
455
676
757
54
717
530
186
3
106
339
171
0
168
434
836
14
850
904
675
302
303
631
531
314
212
595
303
901
401
19
336
23
295
3
872
357
3
56
595
4
18
637
93
903
103
912
340
394
444
678
86
487
567
463
940
340
439
263
491
571
346
32
5
775
831
541
191
36
571
472
632
66
853
789
455
511
515
758
21
682
479
723
6
183
604
355
504
450
810
348
87
687
632
343
208
742
108
170
610
998
707
582
204
774
465
2
326
876
342
174
61
8
734
580
831
626
495
989
924
600
269
742
728
118
338
258
170
380
294
821
655
244
353
938
676
756
741
463
374
521
951
78
259
762
503
33
524
1
426
720
628
943
3
848
93
713
216
823
469
0
5
889
941
942
70
0
337
122
344
211
12
213
317
168
949
94
10
221
952
586
851
678
167
980
410
165
45
41
64
553
84
677
27
3
65
783
126
387
151
26
20
992
141
226
507
342
166
300
413
784
850
379
422
754
123
471
329
499
207
369
781
63
403
195
50
19
626
416
572
899
837
830
874
26
706
3
928
63
842
653
190
555
181
132
177
779
476
945
542
19
853
747
123
56
378
133
584
925
987
783
165
545
221
410
451
840
267
4
90
465
460
3
281
0
320
306
758
870
473
851
661
19
187
649
471
799
491
945
639
724
695
458
112
211
824
723
97
392
928
395
867
89
285
535
625
545
273
304
435
4
86
11
22
595
541
673
485
654
761
196
505
348
336
566
509
786
267
15
602
20
602
450
807
403
357
12
953
199
751
123
491
736
362
4
836
754
45
2
110
51
58
19
886
71
880
352
0
217
691
511
339
740
551
910
19
541
166
6
8
861
758
294
969
997
419
0
825
46
884
61
482
78
74
884
973
515
812
722
620
2
282
1
759
788
16
725
129
391
398
662
278
365
770
0
774
296
14
917
551
5
244
0
383
387
197
560
572
202
983
723
901
913
410
598
227
198
33
4
45
553
175
372
974
0
221
638
950
594
656
4
26
192
154
181
465
599
48
104
215
2
661
448
237
456
429
480
180
826
660
588
452
870
8
777
222
630
118
528
322
460
750
29
878
127
166
992
791
946
487
139
532
64
773
795
397
26
903
466
480
952
142
734
119
789
3
956
893
297
936
884
202
219
10
686
648
893
383
8
20
836
760
428
225
843
606
88
853
683
4
175
406
59
924
49
402
220
225
8
77
960
894
657
130
967
738
807
814
516
861
874
302
541
944
341
647
121
69
989
356
138
882
366
122
632
21
51
929
829
429
576
991
848
719
175
583
522
698
130
440
269
574
732
823
841
49
868
63
375
481
855
412
990
549
720
814
139
286
524
165
886
965
860
683
277
17
539
134
284
787
855
862
4
0
351
743
425
270
965
64
301
677
26
179
623
5
4
163
737
508
316
20
5
795
46
811
242
188
66
202
881
941
442
955
896
13
868
455
241
795
541
9
92
795
149
628
259
271
48
112
720
20
99
209
164
742
906
349
757
15
375
71
971
289
312
22
249
615
419
4
3
240
753
412
474
756
26
874
526
427
393
755
858
928
273
367
374
499
141
952
14
101
4
46
287
976
607
224
577
738
0
1
56
1
3
180
106
732
495
332
812
552
699
8
329
607
564
68
7
704
7
22
594
448
163
335
132
924
3
427
664
331
66
808
438
33
728
153
337
363
867
430
90
518
384
980
231
730
970
179
421
100
45
651
22
86
528
830
511
595
271
469
274
307
489
21
124
431
2
951
238
1
546
865
134
403
662
45
566
113
970
450
283
570
7
471
491
112
300
479
95
737
278
949
887
999
912
192
72
737
85
879
293
300
116
315
944
101
543
708
943
7
604
101
951
415
742
636
531
800
813
242
655
946
338
107
3
302
3
65
157
379
338
5
765
772
415
3
468
0
36
366
495
940
245
721
84
882
982
26
920
138
278
65
616
14
40
873
368
185
66
746
916
603
7
315
100
129
170
33
425
315
4
420
196
852
377
174
871
521
937
880
706
798
763
271
458
190
130
114
182
285
808
616
947
45
911
156
64
245
17
0
374
982
419
733
3
11
98
921
958
876
878
562
112
578
200
937
243
776
139
846
311
970
753
795
975
4
12
45
764
0
85
367
19
548
993
299
64
912
48
567
738
848
30
795
245
223
190
353
781
136
831
545
545
162
897
289
589
393
817
845
272
156
639
727
630
869
161
964
234
532
532
32
893
7
674
927
918
63
577
21
188
335
3
149
555
16
276
4
754
930
388
251
514
863
710
815
627
704
132
559
508
45
817
780
683
15
566
672
321
528
276
4
368
146
698
141
335
382
494
927
881
3
975
224
33
26
821
167
22
373
291
650
211
748
820
663
877
717
313
0
272
585
241
388
762
908
20
45
4
98
819
5
253
490
210
272
8
3
0
12
924
512
531
107
61
414
161
391
637
93
767
304
47
356
4
680
260
851
828
711
584
655
846
795
69
932
408
271
795
525
353
5
18
255
97
123
118
99
353
409
160
305
602
293
113
4
399
547
453
575
30
325
25
681
0
551
3
411
370
706
822
84
635
38
159
128
174
159
733
873
159
38
904
578
999
151
185
550
943
316
32
241
22
80
61
653
0
531
78
16
141
234
49
200
22
768
38
110
467
45
569
96
779
139
454
85
387
263
21
198
197
63
317
950
936
0
14
4
173
61
3
29
288
974
654
590
610
213
739
104
579
638
334
944
798
319
270
564
367
33
621
22
122
631
678
715
19
669
132
725
383
282
200
794
32
656
226
3
824
987
4
271
136
968
44
729
534
71
748
691
99
93
411
154
0
951
437
681
69
66
186
690
661
472
3
243
261
16
196
49
187
288
486
925
777
780
51
279
267
223
500
699
541
535
12
144
807
2
479
300
780
819
458
55
0
81
91
488
569
108
509
334
835
434
188
195
22
816
449
259
265
643
399
734
4
217
20
371
575
104
889
719
823
564
550
47
33
746
563
77
831
0
795
106
2
582
270
646
196
13
81
421
20
59
571
506
875
452
0
824
663
943
442
1
905
984
966
308
21
795
661
187
136
2
506
311
968
825
903
188
320
165
569
798
11
82
439
173
288
937
407
53
316
137
485
4
11
257
147
533
69
62
8
21
336
472
4
42
651
20
486
59
449
554
452
829
13
391
694
319
1
413
110
488
719
991
133
529
396
507
154
245
16
373
441
741
377
2
12
244
26
744
145
722
398
750
223
912
889
598
669
854
14
881
804
342
840
594
683
4
940
58
378
868
250
637
33
452
247
148
759
33
20
26
404
273
2
460
622
689
501
667
5
331
330
607
907
323
500
5
554
961
88
0
3
868
465
122
150
681
906
562
831
951
586
178
720
5
785
97
707
161
896
121
924
51
585
385
71
193
174
540
915
520
734
247
461
33
834
318
916
478
270
257
835
727
281
452
172
2
5
340
513
304
614
554
39
203
759
426
587
844
69
137
2
15
940
2
710
398
151
795
735
446
19
654
27
840
585
826
4
336
127
416
335
573
89
895
567
871
356
293
521
4
5
743
24
33
103
681
709
126
520
325
703
935
65
70
609
197
208
429
33
251
941
671
200
7
101
1
903
378
11
426
610
795
822
487
179
166
167
988
63
455
607
12
594
358
855
238
567
300
2
561
487
850
804
115
3
122
955
402
32
693
329
256
720
242
541
580
297
11
729
234
540
969
768
588
4
320
555
128
271
320
375
80
158
380
629
428
182
1
551
948
901
553
970
672
947
811
220
879
7
311
90
709
515
843
4
318
32
892
370
68
930
737
77
177
564
801
708
539
648
898
413
821
475
938
411
678
105
814
717
199
86
962
939
776
388
65
1
165
990
327
748
368
175
672
665
585
883
136
63
305
439
382
592
685
21
647
27
677
263
74
176
818
28
14
336
805
129
943
19
47
407
253
61
33
572
366
405
774
640
459
417
355
781
951
16
966
465
3
710
10
595
250
4
83
718
72
666
986
155
340
435
886
527
271
0
469
208
862
474
21
270
929
863
45
931
740
884
483
51
298
777
818
145
180
145
3
957
5
585
869
320
214
644
164
0
178
262
329
935
647
416
295
680
4
852
555
649
289
959
63
46
698
523
321
515
605
757
91
404
931
325
16
971
909
264
837
409
426
459
976
63
501
161
238
82
450
349
314
7
719
126
940
209
155
45
113
232
288
178
535
578
887
380
295
275
479
668
386
34
181
388
570
44
951
989
148
314
74
629
513
31
3
280
592
795
368
62
168
959
4
5
241
229
377
109
134
707
606
919
4
900
746
442
640
862
803
130
4
493
284
255
773
306
76
91
404
194
12
222
596
548
730
415
362
141
176
514
138
868
3
494
255
637
1
808
19
11
45
65
925
115
812
45
993
472
3
576
899
4
2
736
118
620
1
9
755
147
728
64
79
694
952
78
1
406
887
493
286
851
639
85
391
2
635
837
160
559
647
12
168
165
377
461
340
656
690
635
536
304
84
857
900
828
321
405
85
11
209
4
212
681
925
157
318
639
894
75
3
880
230
953
26
45
320
252
213
337
34
963
730
324
0
12
200
135
923
82
855
33
289
962
103
806
776
248
130
86
857
340
367
3
625
538
106
558
753
803
972
244
36
128
487
3
112
855
433
420
512
757
3
138
526
200
984
367
92
200
783
166
923
439
11
909
476
517
393
754
392
383
32
317
84
148
862
585
519
476
591
123
484
949
5
22
863
132
788
77
46
274
688
217
1
502
328
500
63
147
32
659
526
630
383
48
750
91
5
3
418
723
211
83
65
314
68
266
34
298
376
798
82
298
289
345
244
357
494
45
75
119
571
956
293
961
499
921
834
776
301
955
711
3
99
832
994
61
9
74
807
457
38
392
247
427
166
262
630
832
64
877
544
981
980
537
402
943
310
26
749
26
665
683
342
74
272
142
827
916
60
168
670
355
597
83
849
539
797
159
658
499
175
429
475
631
802
300
78
314
347
647
437
264
487
213
48
134
356
7
922
433
138
82
303
360
129
32
0
5
7
871
922
15
428
897
746
20
916
310
133
415
14
370
791
556
14
201
247
570
297
213
892
567
502
396
122
100
908
26
764
102
36
467
3
489
938
30
841
315
94
30
448
4
428
136
430
434
796
400
14
920
426
290
159
461
444
186
460
68
343
267
45
0
948
400
704
525
855
831
191
216
153
317
135
165
561
825
400
118
59
200
720
322
914
429
328
397
76
891
982
935
136
84
15
19
943
722
498
109
790
3
925
503
618
315
143
262
200
529
795
199
12
877
997
8
73
3
395
227
491
957
646
101
795
44
864
3
854
59
144
471
210
47
406
955
180
794
251
127
57
73
140
324
195
348
611
289
41
65
656
3
332
505
697
426
969
318
14
809
826
600
953
180
104
91
4
902
436
362
4
518
22
831
610
81
605
788
646
504
309
749
789
125
625
742
5
1
33
5
539
895
788
852
421
992
180
203
109
617
989
959
185
149
572
904
400
976
892
357
15
345
464
921
101
292
2
98
297
84
997
161
4
603
20
705
274
811
971
740
735
799
841
284
532
651
5
913
532
766
163
49
659
472
778
54
503
3
17
481
807
106
580
925
855
5
1
551
489
391
877
82
56
540
46
856
408
529
678
929
804
404
270
855
230
110
449
740
75
204
931
258
570
7
655
136
456
188
435
5
146
443
552
277
674
11
693
795
8
7
713
861
299
371
246
396
487
858
348
10
597
12
319
22
99
969
951
73
595
45
162
258
19
63
424
103
787
14
510
520
118
100
783
264
182
839
142
118
278
801
656
952
103
775
611
876
854
161
1
793
530
994
45
0
495
478
93
713
4
663
596
106
890
335
823
735
55
3
925
34
250
191
64
3
813
941
4
504
346
129
80
7
16
265
905
665
641
85
691
718
80
514
853
756
336
538
51
293
459
907
840
13
126
51
169
87
557
266
233
224
141
389
4
692
289
803
267
885
707
102
719
619
813
301
739
372
317
158
968
655
101
214
821
325
944
68
523
288
33
494
963
404
557
200
769
654
767
1
632
855
992
319
916
829
203
188
115
189
402
0
515
551
106
419
631
0
271
338
3
553
859
107
910
215
33
935
268
29
72
366
367
880
515
713
966
358
135
50
320
911
692
16
64
22
83
63
157
110
398
796
136
76
724
263
21
144
254
300
270
226
988
809
234
45
971
1
14
321
166
896
59
495
200
128
622
22
1
646
32
337
613
790
605
673
971
699
322
286
261
0
772
981
157
168
84
0
996
549
635
187
778
45
157
151
156
292
385
305
505
524
591
61
148
193
619
366
963
327
609
79
891
866
133
435
294
11
921
721
798
790
111
127
318
997
10
178
491
699
745
643
565
573
1
64
418
831
993
625
274
745
20
243
379
919
44
700
26
508
648
818
641
809
548
63
587
636
509
927
743
530
32
80
2
5
0
696
1
347
163
752
757
332
250
862
134
685
22
981
30
174
784
82
296
930
999
521
338
3
40
279
29
854
165
999
563
349
741
491
14
957
971
573
67
452
51
100
461
171
19
218
504
242
0
39
55
267
3
370
827
111
160
308
89
170
4
355
184
966
33
302
3
423
870
977
281
813
185
33
244
814
541
736
122
314
238
250
464
865
27
22
377
95
401
843
499
64
435
565
120
33
4
958
6
7
646
382
547
173
583
258
265
644
282
4
980
946
894
998
370
82
227
71
5
404
95
480
69
149
118
423
538
806
701
471
439
442
14
19
804
698
501
104
867
171
570
466
13
713
12
992
341
15
794
293
174
273
2
795
644
801
419
26
417
20
317
14
647
966
524
857
636
945
714
339
440
650
1
3
16
956
23
162
593
284
333
129
492
3
12
489
52
330
273
403
200
101
964
101
477
676
63
345
373
763
418
376
666
975
386
600
270
951
988
552
975
177
624
206
2
179
34
464
587
871
300
526
156
982
228
406
878
137
681
469
486
380
166
270
5
33
2
811
477
233
6
130
115
645
0
127
545
387
951
26
752
718
296
552
19
884
536
111
20
810
11
181
495
63
668
177
57
990
37
144
185
596
467
170
320
312
21
2
55
719
700
601
235
385
987
265
565
866
806
515
416
600
292
289
86
798
791
730
689
669
921
60
960
30
35
231
193
654
931
252
407
943
498
913
26
163
967
890
309
46
8
332
88
208
970
696
147
896
826
520
475
45
4
84
1
541
610
260
801
165
518
98
132
34
610
169
785
165
190
978
67
515
218
437
525
502
640
213
420
536
931
25
925
119
7
482
201
593
466
559
762
952
369
13
973
634
352
780
219
469
625
909
229
511
54
748
959
457
531
241
14
662
436
766
333
844
822
142
784
946
463
69
157
202
100
91
149
897
214
36
166
135
65
226
808
33
488
63
33
59
740
908
708
283
144
985
608
0
592
102
370
775
476
768
941
640
210
16
391
970
389
133
110
127
801
262
875
469
538
11
631
521
128
971
985
418
832
496
786
960
272
630
503
4
127
978
14
52
401
249
535
821
730
581
917
243
287
200
227
126
548
76
829
618
689
522
5
942
3
59
238
857
424
737
304
663
317
76
21
438
14
376
572
477
984
855
525
498
76
294
109
765
250
317
158
998
271
367
202
944
630
407
2
440
700
37
240
32
33
36
974
628
106
937
130
267
267
507
448
653
362
204
3
220
64
535
696
4
361
7
92
376
807
748
500
569
822
471
137
15
803
863
190
343
337
65
752
4
331
494
852
975
868
32
232
400
4
322
538
228
66
874
996
970
547
420
196
92
5
2
62
101
771
381
164
291
883
424
266
34
12
997
745
30
566
14
569
59
45
951
33
35
653
387
892
248
130
665
734
197
448
835
428
215
8
4
327
821
686
32
953
339
775
624
4
26
15
691
562
2
697
122
2
844
92
837
4
5
487
771
7
409
144
92
236
576
0
64
76
0
461
838
338
557
612
113
658
4
4
0
367
595
64
63
50
463
294
3
888
815
177
835
45
1
992
264
7
442
33
791
200
122
746
130
761
326
55
5
11
781
697
87
357
306
698
518
487
275
661
398
14
3
222
34
288
233
140
393
937
19
481
905
800
42
331
420
26
345
568
182
96
963
102
86
396
577
497
897
728
388
521
973
141
513
83
45
722
691
65
743
939
110
13
69
319
561
353
847
61
621
525
83
518
107
817
993
687
106
45
3
62
268
960
905
337
41
53
415
268
386
672
10
157
214
11
334
4
14
559
650
377
133
115
218
21
587
160
510
205
86
900
459
3
0
7
748
677
969
756
255
520
22
585
524
684
468
860
19
483
33
873
741
396
70
245
456
48
2
620
891
997
271
4
553
410
533
526
736
471
298
8
74
325
710
153
354
19
128
744
16
45
133
484
807
730
90
970
609
262
143
954
18
509
420
494
704
876
707
664
869
112
59
4
807
918
464
554
4
529
417
771
348
892
580
401
484
95
932
148
87
453
820
701
331
603
120
961
510
465
779
689
822
996
154
338
480
306
25
997
189
922
879
465
830
967
133
542
165
489
457
142
304
708
938
173
353
777
233
32
320
201
81
655
669
4
825
765
240
156
453
229
19
932
347
648
3
768
615
63
880
386
951
2
749
153
403
897
106
282
438
4
561
39
445
324
327
426
866
344
938
893
614
646
64
397
783
771
374
386
383
753
585
946
390
736
368
435
508
379
691
105
4
732
822
748
394
226
421
648
664
600
783
82
879
536
766
352
355
676
752
48
474
484
419
486
713
76
98
754
36
57
86
835
486
80
625
11
143
800
333
849
767
490
64
310
35
836
20
842
17
991
164
298
160
541
122
442
391
218
756
313
382
9
855
3
125
260
731
350
599
648
959
804
530
487
515
594
132
26
262
155
101
954
106
10
900
302
32
170
462
166
962
571
387
760
5
659
454
420
760
33
359
903
37
654
369
260
9
508
606
293
997
84
252
334
8
728
165
688
69
10
821
794
911
561
804
707
462
30
262
730
762
48
702
64
329
52
146
180
918
474
502
490
867
632
461
329
815
498
994
69
587
744
728
105
194
518
422
179
164
318
864
50
620
659
786
992
634
829
11
10
486
982
629
406
479
966
399
818
662
208
144
224
914
294
34
998
199
238
154
298
913
737
357
494
746
957
411
14
783
298
575
129
262
163
612
920
495
8
856
469
253
26
302
925
797
746
280
913
263
19
842
579
771
404
277
278
359
436
335
699
643
949
419
243
992
15
64
347
52
228
366
260
115
622
501
987
62
569
176
512
117
243
53
179
11
965
14
567
274
233
447
789
793
772
229
743
250
755
749
756
149
0
742
784
118
468
339
748
558
934
869
543
852
371
636
976
3
514
348
942
841
481
600
444
753
114
22
272
453
793
684
859
669
77
85
808
184
937
15
998
743
341
869
155
919
72
927
252
995
968
165
568
557
209
548
305
616
62
571
118
847
730
862
808
499
598
619
723
912
464
745
950
776
153
518
92
428
386
340
99
478
486
643
397
132
112
726
635
533
434
756
746
238
219
666
362
252
516
115
789
35
572
667
689
283
521
241
765
645
282
5
674
606
196
361
491
86
864
943
26
710
750
426
103
442
585
776
669
662
117
233
483
85
93
170
972
652
531
855
202
806
498
62
393
481
367
634
487
970
657
973
465
9
891
276
323
297
141
534
870
128
494
42
913
354
30
99
431
308
572
18
753
520
319
304
659
293
657
154
663
534
951
362
738
810
589
477
31
465
243
797
793
364
285
364
512
260
348
262
495
152
833
982
160
9
874
429
997
196
17
118
252
586
937
302
819
710
239
326
457
757
610
126
919
746
539
153
475
680
149
920
227
215
655
690
293
401
185
394
127
621
732
822
403
189
1
999
747
830
578
270
33
842
524
599
294
717
108
426
640
945
356
319
837
250
757
88
50
496
21
385
10
615
579
242
324
477
922
950
561
418
300
841
39
902
951
114
109
586
19
295
760
164
844
63
151
471
200
800
352
678
458
881
126
575
556
992
333
73
990
699
653
926
216
91
538
954
328
925
110
774
133
579
143
552
436
784
33
948
127
481
683
937
154
217
23
887
164
869
455
2
883
96
839
796
234
256
889
667
652
586
818
790
45
270
478
932
127
229
187
875
868
603
924
150
799
18
614
228
944
30
778
88
783
915
293
289
587
315
10
0
155
394
305
165
907
606
56
184
249
332
854
486
492
897
452
199
125
723
27
393
244
278
501
228
823
899
662
591
719
852
986
328
279
575
228
449
4
118
45
330
21
120
356
590
132
963
352
261
180
298
949
722
598
43
773
322
512
338
9
12
343
548
711
805
415
65
324
600
443
987
375
669
444
45
277
469
119
199
328
413
119
539
221
262
466
142
759
30
827
308
558
189
139
269
684
645
706
514
0
2
558
38
455
282
617
90
543
701
460
523
569
715
385
113
240
960
189
115
519
914
951
495
187
79
799
39
814
862
786
570
455
96
18
483
809
654
985
999
922
429
484
602
532
523
112
933
51
270
549
805
243
158
708
719
366
732
667
68
358
155
897
254
941
482
646
481
679
577
136
133
736
842
799
989
534
103
389
546
934
647
538
577
687
0
897
791
70
952
607
789
919
423
630
361
401
155
795
560
522
476
153
11
503
174
662
221
893
216
593
6
325
148
210
897
796
394
178
772
144
253
330
393
895
119
104
627
179
204
538
632
516
327
195
642
960
975
407
832
49
369
36
516
417
204
802
98
458
472
472
66
793
997
405
291
528
354
102
492
904
45
487
985
339
74
226
772
302
662
611
600
490
767
214
914
216
424
821
896
436
633
508
852
261
840
153
584
532
399
916
567
318
60
564
575
790
671
199
464
894
239
73
670
528
996
730
75
919
683
445
69
152
8
762
623
65
267
267
67
224
905
536
716
890
634
2
464
222
751
93
786
41
461
716
603
528
487
119
900
995
497
873
673
387
264
972
570
135
562
580
201
156
541
854
170
659
550
997
663
968
679
254
710
527
203
251
172
797
934
122
47
967
220
275
592
284
827
196
732
179
990
15
151
777
381
726
147
421
8
893
262
575
940
172
143
417
64
773
340
420
897
68
869
292
331
14
142
271
319
808
711
610
555
463
130
230
747
384
695
104
418
726
545
1
928
147
644
662
444
982
923
296
744
850
926
99
973
405
436
606
166
294
52
450
98
45
766
349
410
188
293
626
954
817
656
561
532
979
204
946
254
449
310
617
117
120
650
378
302
687
541
107
947
863
695
614
714
571
533
793
684
78
855
101
929
554
272
566
575
984
313
634
755
583
571
857
802
408
376
978
551
797
819
201
143
760
615
942
505
670
137
653
258
66
505
359
377
493
988
661
422
288
131
336
37
270
611
33
562
485
434
890
30
81
830
197
105
344
592
448
20
527
539
428
54
401
975
894
179
741
327
895
105
134
538
950
151
869
627
25
790
61
192
0
84
979
873
158
634
740
467
557
790
989
431
765
178
417
309
948
765
834
814
110
908
259
311
820
43
398
366
699
4
107
924
958
851
724
502
448
207
595
693
839
597
252
453
121
738
249
854
125
951
974
99
320
236
567
904
8
13
141
872
196
34
998
423
397
927
61
699
166
292
989
136
665
692
293
226
260
386
615
954
512
864
250
759
744
209
748
673
444
615
750
863
463
862
588
226
195
31
545
73
322
71
955
345
59
267
186
651
834
653
142
1
102
560
762
572
155
623
653
294
193
184
807
936
696
535
589
663
501
378
886
297
365
340
615
578
946
327
964
806
528
884
964
265
936
574
785
712
713
844
246
869
786
672
850
621
863
4
0
427
820
172
84
208
71
800
916
9
231
271
398
889
206
820
910
178
754
40
233
600
59
24
635
658
903
808
467
423
98
884
642
509
725
73
234
152
37
628
977
956
700
774
556
7
222
954
64
551
952
654
128
3
948
554
774
192
858
1
331
156
91
567
856
499
11
262
703
918
994
877
660
565
697
3
21
251
958
103
166
26
759
262
178
356
571
496
316
460
465
460
578
983
683
61
12
429
690
931
925
655
4
772
513
878
123
198
920
637
270
713
37
260
654
993
345
565
187
327
19
61
626
287
15
743
278
162
918
621
807
675
184
749
71
372
276
3
157
804
735
462
14
682
156
851
256
187
958
10
53
454
908
18
143
689
525
170
830
383
935
970
102
710
155
795
888
999
128
429
470
175
805
248
347
202
140
662
879
101
364
118
586
649
589
260
749
177
12
954
850
756
584
653
912
961
630
302
704
958
505
886
354
567
63
159
75
388
407
164
512
382
579
423
747
692
983
3
867
754
487
761
629
213
82
376
286
233
15
165
608
375
739
503
764
859
56
585
858
164
665
393
449
724
493
9
489
815
931
572
434
375
633
522
761
587
332
289
550
257
605
482
87
694
776
271
267
196
981
555
197
250
289
821
735
60
915
289
47
842
354
393
878
973
808
957
376
726
659
994
26
957
364
549
260
20
879
169
0
712
665
470
58
442
318
23
325
47
456
61
495
957
286
103
705
484
802
0
349
929
699
293
848
179
702
359
509
226
283
590
453
480
38
244
457
559
414
268
122
498
404
797
50
187
209
76
15
70
47
78
905
23
556
637
954
163
867
593
304
254
165
720
441
191
475
771
408
623
816
571
33
491
278
994
741
460
843
433
27
807
217
95
45
147
551
719
641
466
984
694
386
178
793
65
604
35
951
632
177
204
682
380
65
561
910
760
39
676
613
49
435
316
457
451
121
669
324
66
0
80
320
894
72
960
208
905
251
743
270
607
796
536
527
163
0
673
97
814
509
66
944
662
1
381
28
704
682
994
814
425
424
992
309
978
73
509
634
417
130
649
249
738
405
11
454
356
64
368
274
555
365
925
773
940
715
65
809
394
724
749
146
136
777
316
183
4
767
774
440
32
419
5
112
206
365
453
469
932
130
755
753
204
335
12
260
671
762
882
690
479
176
595
785
146
456
554
459
109
21
188
570
653
19
202
989
478
151
122
476
467
45
735
267
821
103
33
766
797
936
27
542
229
15
980
11
206
716
924
286
595
532
49
519
189
717
890
302
288
317
245
310
803
269
136
651
790
888
567
273
19
169
759
479
297
343
341
562
688
374
162
8
384
742
757
850
118
992
71
173
328
449
73
415
872
8
175
445
636
971
27
32
872
921
558
848
942
145
120
82
614
280
355
457
727
790
184
581
541
889
740
889
90
941
718
740
618
800
552
644
207
167
839
325
525
328
66
997
84
605
694
679
648
105
977
876
440
888
354
561
20
721
478
65
243
353
257
694
899
427
873
474
606
115
107
672
185
309
172
165
915
808
861
589
797
887
101
16
519
565
805
143
202
896
377
3
520
299
173
987
340
505
232
771
42
380
340
511
41
653
112
188
932
55
625
961
720
614
912
314
785
542
967
544
765
946
995
84
253
580
731
193
821
42
663
140
117
349
377
517
144
64
188
766
987
28
705
965
781
473
46
594
270
497
574
675
870
733
71
69
849
223
724
191
297
55
148
586
69
530
680
522
776
246
162
806
161
129
5
125
669
426
141
295
146
267
39
921
916
187
667
0
635
311
121
340
655
976
407
998
641
792
285
322
39
621
73
823
419
700
360
680
69
218
63
525
247
588
110
647
3
654
430
409
47
372
246
890
77
493
590
850
809
840
95
1
725
32
962
704
236
898
106
250
742
757
840
8
741
566
344
474
310
544
997
3
302
112
104
305
100
952
704
966
547
300
138
522
253
828
560
570
145
230
478
912
194
33
187
977
912
177
516
777
773
133
373
395
914
670
95
960
871
737
906
876
578
982
651
215
898
69
824
47
15
590
949
739
843
370
827
263
12
660
765
150
647
652
175
83
533
375
465
735
725
132
324
167
426
128
378
620
286
11
25
533
509
539
577
277
888
325
708
911
55
359
608
291
250
798
157
13
428
96
536
794
919
426
132
321
196
965
676
245
113
568
966
312
395
424
566
884
759
395
300
601
150
250
127
783
9
190
760
198
538
90
768
890
123
320
830
517
898
96
183
945
795
896
388
604
753
69
534
852
861
392
746
485
176
48
868
93
764
732
41
915
975
37
821
209
256
642
345
505
40
650
535
3
886
879
360
771
116
996
3
357
136
504
544
173
539
193
688
249
4
681
599
624
11
343
74
904
113
661
410
807
935
972
526
429
231
697
295
805
387
19
94
72
469
881
925
862
445
298
833
4
141
454
676
5
375
403
4
487
196
274
449
118
579
409
130
476
379
266
947
805
939
577
223
18
774
643
714
240
464
23
15
874
539
662
760
653
26
865
877
78
817
630
395
651
537
445
194
675
893
387
608
985
635
732
3
5
391
193
902
25
3
778
68
20
85
339
900
329
222
485
25
570
517
633
236
729
144
557
775
188
234
8
532
393
483
830
515
32
669
245
11
431
828
834
517
68
985
307
209
513
494
176
871
367
345
859
487
214
17
760
59
785
497
8
328
519
601
129
426
179
476
738
635
449
220
573
833
794
129
490
100
210
500
29
651
94
402
22
4
0
295
677
629
434
752
440
681
846
642
871
899
289
192
752
147
562
365
489
86
303
537
892
598
20
315
967
464
528
846
983
75
283
392
206
687
368
940
258
0
937
429
126
596
816
61
355
709
900
977
621
217
297
866
572
733
532
159
913
41
730
125
796
147
321
371
742
295
869
272
396
909
606
43
77
369
244
968
633
479
965
125
295
561
806
608
969
418
949
101
439
385
950
375
298
840
83
875
395
589
826
924
252
141
732
771
910
198
365
79
643
793
93
526
474
280
650
273
284
911
988
654
368
291
786
943
279
378
278
705
274
423
874
188
51
692
826
180
637
533
451
487
520
196
726
753
70
444
295
308
506
137
610
31
268
360
163
402
960
171
589
743
587
173
46
677
504
344
599
244
13
205
185
434
475
846
125
826
424
261
695
340
942
705
816
130
873
146
16
456
546
339
621
100
366
676
560
57
777
591
188
859
520
955
908
923
744
763
814
145
159
186
467
609
5
103
789
175
976
658
47
124
69
210
674
976
99
442
166
670
698
33
55
512
298
396
729
280
770
809
562
303
850
413
117
581
58
218
343
7
59
417
924
410
364
8
507
815
150
140
404
845
69
419
155
76
32
910
4
19
54
379
750
26
506
907
280
975
64
271
324
63
842
65
750
518
528
25
281
616
128
411
881
55
516
222
281
180
908
114
270
969
166
94
167
580
599
184
121
644
707
474
982
181
872
716
118
667
241
780
89
408
604
589
311
964
242
452
234
940
339
77
320
948
920
286
748
214
687
9
1
94
500
244
886
636
632
576
475
279
526
715
254
563
482
36
410
290
472
747
941
673
34
681
196
15
846
28
973
59
866
404
526
786
335
517
81
562
219
212
419
661
625
4
16
891
166
144
541
585
979
157
19
715
588
453
520
275
527
91
488
175
908
792
315
858
842
535
130
247
996
130
20
684
372
995
474
110
32
746
304
32
978
682
300
27
937
429
734
796
665
599
689
926
818
288
880
667
613
833
834
204
46
525
2
33
259
285
126
823
732
980
260
722
468
288
255
570
251
24
818
970
955
308
104
899
603
147
787
737
593
318
745
471
74
202
603
101
555
330
193
513
9
534
704
109
716
447
195
218
914
518
516
69
621
869
512
974
238
303
571
533
358
306
461
492
24
767
326
375
872
3
20
931
882
826
514
107
31
116
95
502
526
318
377
904
904
981
894
397
980
125
982
555
361
840
600
50
338
12
131
382
102
862
423
239
223
680
451
400
983
527
4
166
129
955
490
330
158
827
289
377
562
922
64
193
197
668
13
598
707
79
837
71
40
816
226
240
686
646
206
57
210
163
754
282
234
192
739
951
688
346
185
970
107
828
14
830
361
621
545
620
414
943
876
313
34
259
714
579
539
569
75
92
211
835
494
598
376
598
347
39
752
812
900
899
202
568
300
492
92
649
81
143
279
516
124
183
827
65
656
638
51
462
889
894
172
855
572
166
627
737
199
870
430
955
777
898
166
277
328
926
234
952
454
789
565
462
252
147
775
505
751
594
771
216
44
752
510
91
458
700
390
665
858
570
45
522
377
46
527
978
828
571
702
334
903
711
69
482
726
286
616
4
894
35
403
388
24
784
834
935
350
232
237
962
234
579
360
116
45
556
751
10
325
518
658
130
638
242
116
371
303
450
132
181
346
958
546
936
438
475
771
589
596
717
751
658
419
849
41
548
768
443
18
942
511
762
222
297
163
86
127
310
346
665
680
801
384
149
65
583
572
344
698
371
346
873
180
662
845
691
341
629
392
190
837
211
348
257
225
319
309
477
734
943
102
97
35
719
652
841
160
541
81
732
106
159
353
307
749
628
91
227
593
586
657
226
112
505
393
165
794
347
214
221
473
514
911
759
727
275
727
106
934
317
337
116
626
534
19
226
759
145
360
984
344
45
24
645
599
315
756
573
993
678
337
183
110
72
833
261
349
771
796
365
975
44
259
187
67
648
339
203
922
506
117
323
588
677
497
767
860
851
437
25
67
369
986
302
192
463
242
398
147
14
806
200
863
460
194
196
580
19
153
666
78
876
528
930
225
578
182
434
879
998
112
408
606
103
78
869
99
404
271
554
750
26
904
739
915
510
122
931
793
679
674
717
374
988
554
601
316
233
585
871
5
844
341
326
731
304
185
607
17
648
55
201
663
186
278
173
810
260
814
131
811
476
993
360
959
370
375
541
204
718
649
714
477
212
52
626
725
759
289
265
454
356
339
315
107
323
511
721
147
261
978
145
687
192
744
773
252
230
758
18
67
642
221
150
409
879
133
608
49
899
919
638
703
611
11
377
576
645
738
15
14
281
98
642
816
393
429
589
943
87
999
410
412
595
265
14
452
889
688
425
7
48
693
252
168
135
832
653
328
207
951
89
623
951
904
112
328
334
524
494
769
136
992
953
848
319
460
56
295
98
264
237
698
820
591
252
660
879
436
189
189
68
773
71
205
716
161
926
726
570
844
919
507
720
714
370
17
110
990
96
340
762
46
231
297
204
217
41
934
888
800
907
677
305
795
849
703
838
902
705
610
308
340
508
220
641
423
134
585
234
599
319
275
744
952
786
119
307
854
961
959
658
897
754
758
987
734
691
572
680
354
381
478
117
521
431
71
55
76
137
82
377
54
703
327
834
417
206
164
1
176
856
534
505
169
202
622
269
965
907
903
492
624
14
253
862
967
486
341
693
861
885
126
40
476
845
880
276
453
355
285
169
15
307
101
3
26
952
32
377
770
762
189
639
951
945
227
265
347
848
777
129
467
386
132
99
61
596
264
92
181
20
550
458
468
777
1
63
421
771
211
359
779
481
689
276
911
163
494
313
293
651
364
478
726
902
361
630
451
4
211
253
252
609
167
816
103
821
286
375
11
418
843
907
510
88
597
228
952
261
974
583
86
284
102
463
959
302
26
860
297
596
98
619
842
879
105
298
311
115
657
144
801
478
44
21
371
353
884
425
643
64
283
692
438
310
239
87
215
498
396
719
205
406
781
276
987
984
351
170
807
542
166
876
370
594
283
461
652
27
561
666
55
231
912
226
581
8
498
920
645
486
75
666
697
778
860
983
244
257
227
844
515
577
610
921
839
182
547
593
501
184
528
660
342
255
641
191
674
343
682
91
353
920
13
68
505
737
919
943
357
573
24
195
10
627
410
560
986
188
519
233
289
813
20
55
165
767
507
974
955
501
440
465
350
824
928
620
486
955
905
23
746
995
660
819
688
405
629
475
876
90
770
429
315
475
69
439
243
698
532
37
684
553
209
764
1
665
94
784
88
941
364
68
701
325
611
410
866
176
916
645
601
333
156
148
127
902
746
769
933
580
100
689
84
684
21
15
294
269
146
274
344
342
1
308
268
191
555
282
182
290
218
971
926
73
647
580
828
746
970
221
232
996
933
332
191
492
902
922
989
954
515
656
537
217
46
992
701
894
851
813
888
122
219
323
118
908
956
644
18
825
492
319
800
385
91
732
380
746
338
320
530
426
878
930
504
100
393
723
476
686
879
350
350
765
433
178
887
758
277
356
171
430
257
246
837
549
118
11
499
3
636
122
401
149
537
320
553
699
73
14
441
33
168
98
752
36
987
616
38
217
678
866
450
760
61
883
80
721
989
976
951
35
715
326
793
88
586
899
866
439
590
157
451
417
958
594
255
539
350
916
761
758
983
532
25
867
479
380
247
524
818
646
96
985
301
67
238
846
490
629
636
843
212
200
938
61
472
252
193
680
330
612
344
763
993
783
353
468
304
691
790
368
51
702
281
675
359
87
38
6
800
286
215
967
119
652
641
535
514
892
464
186
704
852
748
486
210
468
716
454
244
245
411
796
209
739
41
313
576
19
830
962
428
874
280
107
51
767
478
93
809
223
321
107
793
329
797
91
990
73
114
228
936
396
406
22
955
685
601
377
765
606
225
80
791
275
296
834
25
985
31
693
781
328
93
326
631
399
772
295
764
903
450
393
918
84
238
102
578
63
643
719
652
828
447
76
743
449
459
769
338
39
859
413
79
768
897
769
37
611
33
57
146
290
384
85
317
161
469
769
213
330
312
879
130
572
439
509
114
416
376
604
254
561
960
685
896
387
824
299
379
29
112
270
869
785
366
634
988
533
505
82
0
766
495
512
758
42
835
544
812
597
154
71
33
281
179
812
877
2
598
374
103
121
445
987
925
349
278
149
523
578
626
464
405
374
120
275
578
818
701
684
827
787
999
30
107
239
983
734
408
445
509
493
615
207
442
233
280
513
387
568
25
702
242
716
385
288
990
424
456
101
124
172
231
395
341
332
599
739
500
282
462
497
833
710
581
665
129
3
775
821
138
928
211
46
437
406
535
344
392
752
927
474
460
261
273
702
202
15
228
938
713
363
917
722
580
160
317
526
64
713
856
299
324
805
8
56
835
542
959
564
541
576
792
329
118
371
452
467
684
4
367
859
241
904
957
164
549
220
641
939
284
339
135
232
735
200
14
788
268
724
676
391
85
112
742
493
203
296
131
755
132
643
167
139
724
455
793
72
541
573
673
212
365
334
15
460
335
896
140
886
543
185
329
565
842
143
544
138
186
40
521
647
226
52
134
944
373
769
573
999
962
52
646
68
838
329
236
670
495
804
108
562
355
836
183
711
838
679
386
449
323
663
236
266
318
748
823
754
810
995
440
173
64
11
650
310
950
618
367
186
326
601
627
842
123
449
351
370
442
120
246
672
534
947
573
785
38
320
797
666
759
290
2
726
117
247
19
748
543
735
660
807
582
150
8
894
950
437
70
832
635
248
691
158
888
969
911
770
857
178
238
866
853
33
280
575
377
933
220
963
54
22
547
732
473
617
359
779
601
343
989
792
970
489
848
678
864
562
368
413
204
682
16
931
983
580
41
407
792
809
78
708
320
676
476
303
207
885
666
211
618
564
402
141
6
967
37
717
719
757
161
191
893
720
896
74
398
480
296
656
151
386
516
534
581
232
715
244
947
105
349
344
265
680
324
239
327
39
521
353
451
56
987
188
909
615
41
509
411
870
46
665
427
483
390
456
474
25
459
505
532
771
165
32
864
87
384
149
188
782
450
55
68
125
481
765
91
772
866
226
280
841
570
747
624
192
285
712
60
127
15
913
747
780
366
10
300
532
968
389
554
975
247
484
212
805
577
203
6
879
840
142
192
631
164
358
477
563
415
733
222
127
871
441
117
436
13
522
242
530
65
262
388
49
969
230
879
29
406
878
636
23
741
782
628
539
574
144
821
932
781
494
393
21
417
633
329
595
474
390
874
750
591
837
852
419
180
234
968
386
473
240
962
404
303
56
85
176
836
554
328
93
740
257
453
790
216
471
841
858
950
199
694
510
941
898
917
145
634
789
321
195
757
680
285
328
360
460
101
619
835
332
671
546
347
589
643
887
825
372
636
89
487
442
575
550
137
579
910
429
698
778
378
221
806
660
144
754
66
816
161
118
992
489
235
137
237
692
131
474
999
748
177
415
16
499
104
417
858
247
551
72
66
652
33
731
492
684
277
808
386
45
358
229
964
19
274
909
607
945
167
640
248
633
152
279
58
568
23
293
714
882
749
707
897
99
443
897
216
290
844
193
96
358
471
180
263
852
749
547
879
483
211
531
820
976
65
362
192
395
133
343
855
66
48
147
33
12
184
16
418
381
702
21
212
317
303
105
848
722
176
917
272
210
153
222
725
30
976
548
551
704
769
807
517
407
259
437
595
968
610
298
606
98
462
9
901
639
422
840
625
168
968
145
695
516
547
417
240
758
870
295
640
699
72
260
670
371
185
483
415
915
802
372
240
834
300
93
371
131
154
255
639
446
964
287
58
475
246
563
548
301
505
784
326
27
966
355
40
586
37
364
220
203
123
594
358
539
498
18
249
343
586
508
392
108
172
129
844
387
238
965
139
823
372
181
56
347
516
639
741
804
849
453
837
350
932
353
152
687
197
592
550
0
121
90
203
190
920
205
887
97
218
969
92
899
481
942
792
285
276
607
212
839
984
423
276
589
666
206
784
802
875
453
845
976
11
107
602
935
374
386
23
663
101
649
473
16
436
25
721
338
712
455
78
944
948
973
498
212
607
603
484
330
660
808
574
832
32
303
71
751
594
109
384
375
519
900
849
238
128
157
835
445
16
21
34
480
224
765
271
845
894
390
685
94
225
648
644
724
246
729
454
186
463
147
567
81
18
379
160
954
993
190
853
441
521
606
972
84
363
256
488
393
636
754
58
64
596
225
468
663
460
741
727
705
524
488
539
823
921
720
549
715
744
172
492
179
143
52
552
971
193
496
895
530
221
430
179
86
511
344
521
896
97
362
93
413
318
374
435
168
863
584
509
636
178
767
279
630
846
588
696
147
470
790
280
641
627
148
131
821
350
121
221
593
495
970
545
496
269
19
132
152
644
907
424
280
259
131
319
46
794
331
128
265
955
998
503
35
410
819
104
276
51
715
736
826
814
714
5
883
225
512
298
791
182
810
902
999
205
241
925
188
144
534
431
356
653
787
865
202
776
657
528
919
916
393
619
148
29
224
263
533
378
207
523
994
817
131
448
609
13
150
451
610
529
456
695
982
250
256
140
65
613
822
349
693
509
717
704
170
861
986
82
194
493
194
100
71
376
992
620
65
582
978
581
306
747
888
302
987
138
909
923
424
111
630
318
597
42
630
544
752
283
337
741
979
71
520
650
60
522
587
498
8
873
805
535
149
441
225
299
348
767
779
182
596
288
981
0
780
771
167
511
204
150
275
586
819
149
620
999
25
735
734
794
444
24
979
373
198
288
79
177
656
744
960
320
961
267
496
739
181
988
279
813
198
276
614
435
432
515
678
150
36
82
289
144
333
103
411
974
475
84
889
453
565
155
736
432
517
13
102
445
314
982
230
877
747
381
146
61
4
279
164
935
120
311
359
100
318
230
525
285
106
601
871
135
265
258
69
529
603
968
310
221
923
415
212
502
749
773
340
782
863
323
441
959
578
123
894
959
67
180
753
73
304
681
607
755
972
84
382
916
750
997
388
287
732
231
551
231
712
126
420
601
918
607
515
192
696
826
185
199
651
262
159
471
309
667
666
759
619
333
466
681
161
827
66
438
217
359
91
256
993
311
187
350
201
690
74
295
365
572
717
374
978
952
251
3
861
690
93
808
838
360
389
455
387
293
938
9
342
7
542
62
63
614
671
593
94
994
338
848
539
224
385
581
506
558
508
90
622
341
239
759
935
979
872
351
622
839
791
970
346
782
626
271
585
127
880
961
205
488
301
452
211
389
788
89
584
384
189
416
46
183
341
810
138
734
100
569
206
52
711
227
611
960
996
627
582
596
76
359
491
279
832
196
635
370
724
750
114
790
110
856
468
195
29
619
427
252
712
183
171
486
19
362
768
932
290
444
379
632
630
394
926
30
679
19
528
575
267
484
550
193
878
462
100
247
750
135
186
136
51
301
548
830
195
744
60
438
769
359
90
893
613
0
516
4
989
565
231
424
862
344
30
29
484
270
896
209
894
425
547
238
156
935
148
903
525
78
246
813
384
995
81
243
748
622
731
205
278
491
798
417
921
276
902
215
407
343
83
948
543
499
838
167
490
262
296
684
250
419
325
499
646
228
1
33
397
787
786
403
892
30
354
313
858
280
919
551
400
693
265
70
976
8
159
708
400
711
78
320
931
413
350
231
323
258
259
317
634
517
59
804
894
69
926
92
763
252
83
886
478
332
43
20
742
73
628
59
742
411
240
751
552
515
114
109
385
674
756
632
838
672
239
770
809
238
978
231
927
66
194
832
335
129
818
90
921
38
923
379
403
140
395
450
579
51
995
360
588
531
773
19
630
555
409
576
372
273
285
38
333
479
556
395
43
798
127
704
740
885
416
268
947
238
262
453
369
695
226
615
976
689
383
863
294
501
706
833
519
1
732
478
824
44
688
88
44
831
193
562
952
77
704
461
547
24
291
741
418
680
990
46
889
912
909
833
7
797
107
474
895
283
622
709
1
922
837
669
282
838
121
135
10
846
838
381
972
135
714
658
67
461
129
66
42
568
104
879
622
148
555
180
94
601
26
125
146
449
231
174
496
483
256
609
725
493
551
273
198
455
26
24
155
717
662
122
151
351
990
328
790
124
91
111
580
78
599
457
557
12
477
29
405
169
183
878
219
960
960
126
164
873
458
572
427
664
342
242
779
213
240
306
165
541
246
248
324
958
675
286
602
415
138
420
526
510
41
710
895
495
432
895
179
330
794
850
951
285
413
96
128
577
639
886
96
495
436
231
713
165
992
118
168
875
448
382
531
202
692
348
84
307
2
922
187
93
388
503
132
32
618
140
918
566
225
793
151
553
225
893
641
767
625
806
655
142
429
29
708
353
5
583
257
944
13
421
764
118
495
217
759
103
651
394
976
356
322
201
478
251
748
979
829
157
306
449
252
565
572
331
931
786
876
669
334
699
142
73
91
271
6
578
703
773
924
615
904
162
268
354
5
426
328
665
670
88
130
199
882
494
143
861
644
5
523
955
484
137
4
541
226
848
826
13
173
614
200
561
145
473
962
568
8
824
904
119
259
549
772
564
816
348
0
602
1
505
243
841
744
864
687
650
895
544
543
437
151
766
388
766
358
543
581
695
451
177
89
579
668
566
878
845
225
884
762
954
756
584
558
657
423
38
281
90
555
104
378
739
704
235
197
491
274
106
349
193
435
726
73
438
256
249
596
311
874
415
116
123
226
328
737
842
571
531
256
492
487
697
707
404
751
28
10
445
663
578
522
284
826
777
515
314
415
102
845
995
443
365
329
277
248
540
426
482
774
942
279
659
653
13
834
562
753
232
367
865
221
191
868
912
303
636
481
698
560
237
98
842
360
587
667
221
424
288
711
232
462
824
967
738
82
738
913
404
704
599
769
173
825
939
598
753
47
582
854
844
784
848
651
890
179
886
774
377
553
874
373
547
865
157
840
154
606
615
822
481
66
567
285
624
123
528
912
409
674
980
979
923
562
150
18
818
906
132
364
67
844
446
359
162
414
320
160
437
93
364
822
133
160
6
581
312
207
820
600
651
722
736
177
720
895
296
15
912
443
60
672
851
316
226
247
79
757
266
34
277
580
489
379
158
71
974
343
412
420
445
124
16
710
73
277
359
503
651
327
184
55
977
582
137
71
791
437
95
304
391
483
490
115
141
370
99
806
412
434
403
597
445
392
981
841
711
724
799
168
943
797
673
916
371
437
390
211
54
396
14
156
974
35
898
320
538
306
83
152
415
346
72
821
799
338
39
15
326
114
619
345
205
843
775
193
555
936
94
752
133
703
161
333
149
165
272
485
241
182
151
508
387
838
690
553
198
7
239
154
175
18
700
539
0
794
584
3
393
902
525
702
510
483
414
432
615
22
974
684
770
112
681
774
725
419
491
147
109
800
631
692
783
934
229
950
728
354
199
618
375
591
62
688
925
631
336
133
98
823
832
666
855
797
861
824
22
479
727
830
12
179
471
195
205
278
20
416
359
246
579
496
180
659
364
28
937
259
296
214
378
100
670
272
830
19
373
41
317
856
961
533
403
232
804
39
382
944
282
62
840
558
220
366
888
94
288
990
260
457
490
969
513
336
603
583
546
698
621
65
892
709
111
71
989
3
574
132
15
20
386
14
315
176
113
161
113
491
657
309
481
557
851
896
352
517
830
180
255
571
398
615
399
932
859
262
231
537
909
13
711
27
896
170
15
743
363
895
727
866
861
12
326
278
479
511
591
154
731
615
281
102
678
919
619
918
218
906
632
385
360
796
454
200
805
789
470
337
953
774
893
42
164
592
661
571
865
102
346
26
525
648
889
747
662
911
245
742
742
385
572
76
542
282
127
700
22
314
375
376
631
667
57
428
160
100
711
681
62
242
839
175
373
494
291
744
944
618
859
824
349
898
164
128
875
752
357
64
279
798
337
479
447
668
534
161
774
985
314
554
926
491
59
10
21
892
929
170
874
7
361
664
122
507
102
65
568
94
544
229
744
686
183
604
823
173
121
683
722
410
130
786
845
291
195
959
631
675
485
282
933
350
888
90
627
219
537
491
255
519
0
966
648
417
287
137
542
803
680
203
214
356
288
203
499
546
285
785
0
141
304
455
344
633
779
897
805
785
429
992
412
113
89
523
565
504
309
311
58
324
65
560
114
336
573
248
896
924
67
668
286
338
106
308
852
227
989
986
357
510
895
553
286
260
635
557
215
156
284
255
610
813
920
926
684
474
58
114
493
254
341
868
951
314
668
163
194
571
856
856
417
110
338
726
208
250
835
813
447
662
491
844
358
53
544
530
722
551
160
166
94
418
24
571
50
986
483
151
766
634
334
662
577
28
764
219
404
356
224
206
562
960
862
15
585
333
931
715
255
688
56
356
642
626
209
575
528
13
637
495
961
619
173
59
661
231
977
230
372
456
755
481
68
992
789
673
575
882
138
50
724
109
406
934
43
14
344
678
450
108
73
389
162
335
907
911
243
67
923
251
925
545
411
404
256
433
825
656
9
18
664
700
836
410
509
632
773
492
974
230
200
614
493
163
992
50
855
921
607
11
163
616
944
36
569
199
742
520
77
915
585
88
296
260
608
96
850
213
724
389
614
672
726
9
467
70
450
760
583
689
29
916
630
671
686
753
432
789
689
696
691
48
925
745
157
323
625
891
247
499
988
18
781
730
572
560
756
496
875
236
156
700
335
422
108
509
294
497
681
633
778
766
70
187
331
319
883
126
796
74
696
49
885
318
33
535
46
673
642
176
57
382
207
5
673
411
90
890
682
684
369
80
583
143
892
463
825
831
448
916
246
385
24
42
60
852
911
380
936
880
570
243
415
691
847
459
401
904
750
186
772
757
275
24
254
61
615
206
658
851
132
113
933
888
549
569
975
100
334
300
197
614
296
432
11
58
990
48
759
942
555
122
162
291
299
336
637
139
910
173
592
203
335
796
201
378
735
304
719
109
780
529
432
702
265
984
809
657
910
570
383
675
653
929
954
330
561
888
299
471
520
340
637
70
439
644
70
870
782
387
676
471
209
136
956
933
953
90
346
739
493
834
109
586
671
50
235
770
375
814
709
453
21
747
194
201
182
329
207
433
92
557
257
289
844
432
594
97
270
543
821
701
377
328
875
883
357
9
403
746
57
357
839
555
873
3
946
100
905
924
364
891
312
217
746
970
337
96
431
569
143
168
486
434
263
71
669
370
129
254
682
375
714
676
304
242
856
978
962
92
43
380
510
594
777
162
219
927
474
248
648
866
30
447
881
912
488
725
816
106
941
353
350
224
352
139
27
774
298
799
944
439
557
349
729
953
660
663
607
91
636
604
402
998
29
837
516
913
956
377
458
933
353
166
684
623
108
901
865
712
791
601
726
242
655
289
73
797
231
143
643
83
899
448
260
194
787
583
260
78
181
364
500
318
153
37
997
586
453
463
151
221
685
58
466
977
67
43
257
603
692
749
297
51
384
977
31
975
316
618
132
26
389
290
325
198
771
668
464
879
410
781
575
828
594
205
883
881
323
907
822
595
950
213
213
193
262
910
702
442
812
56
758
193
130
783
836
563
266
612
961
134
694
514
318
858
659
168
428
359
199
761
380
527
308
316
595
906
122
873
8
77
880
680
516
274
344
379
937
916
738
218
367
536
983
370
583
308
665
822
680
938
728
227
773
491
158
433
421
921
49
952
543
216
806
324
101
246
321
982
265
269
490
187
618
35
71
442
444
200
825
188
573
612
441
554
993
303
616
302
984
661
299
884
304
336
257
727
618
636
678
431
16
438
781
425
745
43
697
242
229
72
534
561
354
979
537
676
448
299
899
756
884
277
417
216
200
233
183
254
755
449
273
228
22
897
650
204
768
585
931
652
596
311
539
351
91
387
922
792
307
889
24
488
924
817
530
385
915
712
716
978
70
824
80
80
657
617
526
636
236
918
403
47
183
981
605
701
675
529
300
98
868
994
201
34
380
865
450
452
175
466
914
89
548
218
447
173
174
648
652
885
612
146
879
779
617
35
357
145
171
610
872
44
790
577
760
45
899
482
218
354
737
365
955
404
835
529
414
282
268
708
515
53
630
764
729
199
758
912
878
342
956
38
35
652
833
252
440
908
77
370
749
527
418
768
946
628
334
977
962
73
382
438
717
910
175
643
965
501
184
37
645
5
786
939
551
725
139
428
614
746
858
27
115
655
729
31
660
565
690
679
382
766
428
200
508
589
486
758
630
625
118
568
503
298
431
885
176
232
809
440
980
946
522
486
337
965
835
241
708
714
113
357
421
414
612
865
229
966
847
311
653
937
810
403
394
322
323
487
736
239
548
808
20
295
49
12
759
232
15
582
323
207
210
877
34
342
173
844
761
667
176
434
302
824
307
273
507
724
255
283
269
962
492
309
184
383
905
233
745
185
853
810
971
135
621
227
54
448
439
235
318
749
635
393
435
332
851
52
758
976
845
998
144
730
877
578
450
843
318
877
242
899
38
809
948
984
982
684
748
177
28
528
326
595
225
828
507
457
450
231
848
609
199
24
686
780
858
186
330
736
656
648
618
259
79
470
869
879
2
183
259
586
681
608
97
232
861
480
348
285
138
907
167
984
160
455
158
288
117
349
789
132
674
360
369
66
448
405
543
668
855
955
611
711
403
528
468
162
531
984
723
210
614
632
293
49
534
704
701
357
601
868
784
1
701
21
647
199
618
314
758
469
933
693
313
488
457
606
547
980
991
168
708
905
915
954
606
473
380
597
172
958
973
668
249
918
756
791
763
306
520
272
855
186
343
117
304
406
298
240
850
989
970
312
620
243
444
305
626
606
24
551
349
31
82
833
70
996
892
319
120
221
116
314
643
772
321
350
753
472
605
442
92
548
737
251
216
916
814
814
359
46
246
832
491
840
941
555
335
53
673
63
36
517
509
149
399
431
140
667
26
221
683
764
195
739
592
356
116
327
929
293
831
359
150
721
286
432
356
376
591
735
560
680
998
104
844
860
193
771
540
785
629
796
320
846
145
82
262
911
112
333
947
668
615
119
20
521
224
270
298
351
309
307
128
502
5
597
482
78
260
59
439
879
814
138
717
966
658
67
317
482
51
762
490
892
603
306
111
976
401
44
403
311
477
578
899
323
456
453
48
983
55
234
20
319
871
617
293
818
830
623
739
912
47
746
57
211
447
292
521
380
576
349
56
380
441
413
161
41
646
913
332
935
74
740
602
91
440
642
807
692
582
723
564
124
835
945
120
805
487
904
223
35
575
419
907
802
365
196
889
991
534
710
432
733
569
528
405
801
754
661
993
920
781
527
534
180
395
68
867
272
433
229
63
911
66
865
845
149
635
173
590
34
678
960
296
194
560
340
156
11
73
470
945
524
814
372
961
392
308
42
65
700
448
458
332
737
558
559
545
100
647
147
647
917
831
163
790
426
288
235
384
614
668
130
743
832
986
249
151
58
222
631
445
908
541
115
622
347
694
53
226
88
108
40
427
798
583
256
506
376
151
623
99
721
445
100
605
481
339
833
262
261
554
708
484
903
739
367
720
266
526
529
344
219
646
204
237
173
787
650
423
451
655
39
315
145
767
229
665
265
410
331
271
827
109
475
267
510
66
442
19
91
563
833
559
393
879
68
592
769
43
882
788
835
338
438
374
284
787
18
990
417
723
525
137
235
441
576
237
81
890
504
182
317
203
29
313
300
486
242
775
482
415
384
93
952
847
939
530
370
633
856
180
50
157
867
595
909
442
485
777
308
347
806
178
86
134
172
193
47
804
860
421
628
130
24
638
277
942
412
373
76
891
441
671
783
659
361
815
501
930
743
561
12
511
721
625
756
691
413
310
579
702
367
857
953
453
555
504
7
0
124
880
821
11
451
104
690
694
771
643
448
864
838
983
760
174
3
803
533
241
449
675
267
192
861
230
936
111
239
995
89
490
307
470
266
417
315
85
618
502
25
824
104
236
997
224
451
979
1
443
812
906
651
653
90
687
588
477
382
142
549
511
631
707
517
534
14
9
236
397
835
38
707
416
971
743
955
223
562
649
499
204
47
100
739
119
584
457
30
30
852
168
338
169
969
883
475
280
817
341
131
328
726
720
874
706
798
923
931
51
31
974
85
459
1
10
3
319
133
48
349
136
155
629
129
721
641
158
850
419
542
880
944
845
439
539
787
892
627
921
968
240
701
856
878
417
56
218
161
541
415
971
362
89
843
588
966
214
545
317
246
53
503
176
959
190
836
435
851
755
986
457
20
273
701
915
464
994
615
68
12
535
292
31
216
309
535
546
163
472
968
398
209
80
173
401
745
660
713
863
753
619
643
907
284
968
78
14
152
497
976
890
384
279
205
630
172
17
67
493
423
837
26
2
909
883
908
278
269
84
707
583
522
279
897
568
80
380
986
823
262
195
131
163
678
420
219
880
946
371
344
589
656
632
529
841
891
314
274
896
75
780
486
150
881
211
402
241
60
424
314
808
324
207
549
170
912
33
626
159
27
110
754
613
17
922
141
277
861
239
100
375
755
675
393
655
578
448
295
881
565
71
224
952
330
359
222
628
798
225
62
661
72
411
742
589
182
431
380
133
76
44
637
685
357
851
197
179
834
735
720
649
89
821
619
786
207
652
19
960
897
957
108
860
144
919
432
402
111
617
219
235
857
420
113
208
628
509
903
47
783
186
120
723
813
842
257
183
330
836
887
907
472
121
631
575
510
30
322
340
415
299
186
303
721
815
620
48
142
794
351
31
384
914
156
844
751
654
862
809
478
195
531
456
686
271
387
966
208
729
215
456
985
432
667
682
242
516
259
459
57
350
824
326
102
305
594
966
244
480
921
855
468
865
992
666
476
794
240
373
491
275
239
557
4
1
936
365
157
923
362
974
662
737
203
188
46
994
478
168
296
167
335
50
739
721
783
40
208
464
993
106
513
13
964
982
22
819
355
323
175
289
109
161
991
917
220
440
449
213
381
86
748
676
437
935
764
559
186
768
950
34
560
695
365
20
814
857
947
462
74
155
625
896
545
351
615
773
317
747
106
785
575
787
51
131
779
692
73
421
698
418
398
211
20
801
818
728
251
532
893
501
116
602
361
341
861
713
51
512
753
519
907
874
90
962
902
885
909
699
473
170
129
628
930
947
785
10
192
305
183
547
82
312
435
611
590
393
669
779
253
818
453
461
867
115
672
78
138
591
280
152
591
250
250
480
234
309
508
633
632
671
391
659
409
171
619
232
307
820
756
346
932
367
479
343
517
165
6
781
516
696
774
43
262
245
852
201
117
413
15
530
947
630
26
271
112
173
38
622
110
665
641
312
420
127
25
276
34
219
346
12
948
500
760
953
584
553
865
815
72
788
554
374
595
501
154
757
975
886
624
794
306
526
225
135
517
720
746
566
996
813
247
329
320
305
324
350
397
980
138
442
756
339
832
132
245
351
314
535
909
660
675
242
939
206
409
167
885
667
317
698
665
413
325
16
821
734
460
878
884
328
389
803
377
961
286
87
39
92
893
11
668
926
387
91
51
918
818
397
394
672
787
463
714
748
196
732
398
246
838
514
657
786
823
459
74
338
608
37
764
6
264
170
753
866
16
833
823
895
658
953
603
551
916
318
171
294
981
329
52
867
419
528
861
568
565
29
783
370
52
245
339
918
780
492
893
513
202
504
149
979
583
129
881
934
15
153
34
857
366
552
162
726
68
657
106
492
143
780
1
751
736
999
557
607
296
304
47
828
258
780
850
984
332
832
923
819
802
234
76
459
23
122
456
445
328
237
576
647
500
182
241
299
309
431
833
792
829
53
797
957
912
592
869
259
576
102
13
241
104
248
379
342
319
763
339
461
178
553
337
893
982
321
169
479
365
102
679
548
599
778
611
739
407
71
333
76
670
402
211
753
481
147
734
327
649
596
403
432
718
760
608
779
387
169
206
243
297
669
67
902
122
244
195
473
520
727
938
588
820
549
878
41
601
922
66
514
759
568
234
795
56
258
151
992
810
78
368
572
704
294
559
798
347
794
79
60
355
395
603
148
155
32
453
687
401
126
529
54
9
241
126
8
942
394
102
538
882
921
581
701
771
215
822
601
219
278
571
883
394
704
928
629
730
986
148
216
100
875
666
119
758
787
119
328
310
965
839
190
117
874
94
83
388
963
613
980
507
192
933
746
808
844
139
444
606
128
383
406
172
418
192
423
374
226
541
640
566
118
529
199
354
530
878
504
426
628
57
345
62
163
155
244
211
585
258
612
245
217
762
870
660
410
297
816
841
370
64
339
76
950
686
558
268
344
86
197
474
555
826
254
34
62
774
400
813
313
893
519
268
48
154
455
84
845
394
937
724
267
932
617
808
473
880
80
752
434
839
16
435
901
42
178
190
66
751
255
448
459
304
621
890
649
235
208
269
878
414
778
727
812
367
584
86
943
529
468
734
496
501
950
409
284
516
55
237
847
243
697
933
684
240
627
284
834
622
880
450
128
828
58
448
428
148
446
954
517
874
800
79
432
335
149
57
21
617
53
848
494
355
497
352
149
329
979
144
492
305
905
57
915
188
460
846
150
904
615
21
870
649
946
739
190
625
243
385
163
452
351
208
50
783
672
153
605
498
658
145
707
792
131
782
232
337
13
233
724
419
950
483
19
139
33
204
872
934
302
142
40
382
41
326
482
21
113
772
198
113
774
622
29
683
752
190
456
541
298
17
738
598
808
210
973
287
671
960
417
462
418
395
255
498
563
872
552
605
280
149
46
341
164
639
890
961
755
278
533
634
103
326
827
110
251
70
341
132
970
493
236
190
67
606
326
334
880
743
228
682
78
286
444
986
151
664
209
857
83
13
539
906
847
451
584
976
827
600
452
559
568
99
290
903
674
441
340
128
61
161
670
976
778
669
127
429
443
153
443
720
156
254
860
258
307
675
987
658
821
349
673
736
931
550
700
36
998
529
785
336
152
376
956
94
296
702
731
549
232
166
360
413
961
191
917
708
149
288
761
122
191
572
589
522
738
85
322
597
270
218
101
119
11
520
874
348
592
624
251
676
165
446
87
109
511
549
162
170
563
571
686
500
533
625
374
930
104
657
293
187
685
922
660
450
31
717
38
950
576
921
882
44
42
105
982
453
319
708
927
34
397
57
152
933
807
530
618
520
946
47
778
0
637
856
138
576
42
984
978
610
53
551
245
350
299
792
290
492
767
448
496
243
839
933
837
966
272
467
424
895
302
562
680
710
521
520
31
790
732
288
98
302
877
66
278
674
221
720
783
284
350
307
883
462
268
344
507
306
242
236
95
632
748
894
810
65
688
203
937
783
266
41
403
64
973
392
688
708
64
437
317
312
826
329
353
70
536
439
705
772
840
313
161
407
864
26
467
686
293
704
337
19
793
515
492
354
492
754
813
579
363
670
289
189
578
933
847
107
115
85
271
886
262
831
370
376
797
575
960
948
110
347
950
823
583
204
655
180
160
324
330
943
167
719
991
172
913
671
220
423
819
545
518
650
823
504
120
84
675
820
562
268
373
620
935
610
320
121
363
191
428
238
418
10
815
831
547
277
150
669
37
140
605
759
369
721
660
482
767
58
210
275
875
971
232
123
379
408
645
782
271
463
333
104
269
16
431
690
243
652
305
125
879
942
117
87
499
120
382
915
215
126
141
217
92
510
996
550
211
20
269
489
984
558
150
568
248
467
189
576
637
985
229
576
430
743
988
474
544
446
688
371
735
563
655
250
588
452
115
152
551
899
758
188
782
107
381
346
245
940
832
791
105
69
632
498
121
996
685
692
797
208
251
443
138
647
601
941
168
518
484
513
669
55
359
66
63
503
365
686
381
395
764
747
851
367
524
440
247
652
722
723
935
884
123
918
651
710
614
840
258
719
310
835
162
266
848
520
638
117
777
23
867
97
807
980
532
491
321
863
772
707
106
308
816
807
837
650
471
966
617
791
585
451
947
814
108
484
701
121
692
404
484
409
2
469
182
307
302
725
3
40
971
415
65
58
795
487
449
9
259
191
870
958
649
801
835
60
651
132
27
453
104
270
979
782
35
227
402
849
449
433
432
865
975
996
837
420
659
724
388
476
551
715
276
402
241
110
261
747
68
643
168
248
450
204
399
43
608
556
498
101
866
846
81
333
67
850
66
98
145
118
612
202
103
291
287
335
859
258
469
640
266
115
237
554
435
397
917
804
173
199
289
536
200
300
287
472
387
730
486
3
9
563
4
354
349
772
527
325
96
702
776
119
576
15
113
663
880
513
478
296
134
245
400
371
396
737
437
561
142
47
870
125
141
123
838
224
491
516
134
710
646
70
253
879
367
913
676
55
972
871
843
803
367
616
208
243
374
989
875
544
508
21
319
278
625
709
664
209
74
388
114
652
153
972
235
239
381
688
641
685
530
482
240
596
143
771
440
457
960
37
55
372
62
633
827
121
577
589
876
198
171
430
865
201
694
30
446
34
170
398
199
161
636
204
515
312
41
596
861
722
74
335
192
172
339
27
906
867
567
93
716
530
475
590
40
147
69
239
972
972
991
830
65
363
412
378
400
985
141
360
79
815
883
384
460
420
383
929
517
586
292
186
556
786
916
37
927
541
885
355
210
273
510
181
881
617
262
605
219
696
566
43
185
853
658
67
235
368
919
60
181
235
664
874
79
810
54
394
421
683
142
108
169
478
535
542
880
24
299
210
169
343
696
72
290
490
999
508
605
331
44
952
46
387
793
33
64
131
934
169
143
94
574
32
361
720
804
366
869
146
201
814
31
613
82
55
966
747
258
548
778
607
207
101
437
887
768
359
120
185
238
734
140
812
439
14
577
267
875
832
242
680
436
70
777
72
758
152
76
38
8
802
2
254
935
231
402
119
320
907
459
999
842
500
557
859
153
747
722
998
362
450
539
597
845
95
658
776
220
419
466
419
771
313
588
668
594
253
804
757
159
89
461
654
364
805
407
24
323
458
750
625
293
201
965
690
521
304
910
369
261
545
229
155
582
771
526
312
464
656
42
206
99
41
252
840
551
577
761
879
932
645
891
763
74
803
970
404
594
933
926
704
382
536
148
742
532
703
239
801
360
721
635
800
201
29
116
291
776
650
566
542
934
466
791
265
278
329
52
719
321
505
949
250
35
546
903
891
576
838
308
351
205
267
595
365
305
668
470
313
295
32
408
978
743
947
995
145
118
85
113
577
706
829
82
486
465
421
556
168
941
405
305
103
19
941
514
588
612
229
321
603
284
831
97
270
147
275
388
282
221
692
815
975
642
804
591
665
60
946
607
966
290
678
542
733
515
303
334
61
67
899
590
708
456
354
883
189
454
847
221
532
198
140
138
898
771
845
361
988
455
374
961
9
831
628
890
547
670
303
110
820
885
738
593
391
795
628
780
649
198
111
941
429
993
370
35
956
569
918
827
256
801
135
398
629
849
610
993
462
737
422
584
579
452
570
743
650
643
135
399
433
673
32
321
179
367
740
263
733
600
891
213
71
222
227
753
33
282
50
896
738
48
568
36
267
422
300
184
956
703
113
300
742
460
1
825
567
634
660
389
420
146
434
624
385
182
764
85
826
801
292
342
327
707
523
869
716
684
188
296
44
416
145
352
631
810
407
850
62
910
186
446
123
778
622
330
591
36
97
59
872
40
838
543
773
631
531
328
75
111
233
705
477
791
70
624
979
336
636
850
525
263
983
190
441
527
25
288
898
116
465
857
215
650
780
222
193
117
995
404
223
115
351
136
842
404
781
226
653
404
356
191
760
332
174
330
659
928
63
645
59
219
441
672
613
379
613
238
975
619
194
345
485
7
503
8
516
5
161
14
178
381
244
541
378
730
933
779
495
499
480
586
994
365
738
28
711
554
816
374
150
140
199
819
622
727
651
550
91
809
104
11
102
138
887
295
835
312
528
124
783
164
74
939
398
456
418
892
510
356
751
615
708
126
751
871
890
328
250
592
420
367
522
88
488
862
707
462
833
767
167
653
285
74
911
264
602
696
579
994
559
15
388
692
220
896
366
948
793
776
371
991
172
782
154
312
998
882
251
623
656
397
319
813
44
904
801
517
760
943
775
520
722
261
249
385
955
74
804
965
429
155
276
206
577
769
22
629
299
217
790
317
884
480
110
81
654
268
996
187
367
646
561
504
950
827
151
154
384
206
323
113
599
446
252
787
73
183
642
366
10
603
519
858
219
899
440
337
888
368
118
651
543
528
255
250
83
487
68
894
390
41
534
700
461
30
425
862
344
150
468
152
939
145
328
657
917
937
211
582
76
330
537
265
61
457
257
498
580
331
146
215
403
482
901
248
652
515
368
786
634
888
399
221
102
152
682
366
367
234
506
88
653
57
658
758
171
395
261
760
594
327
283
222
769
10
113
807
748
82
708
664
740
722
224
834
784
957
570
506
657
978
183
382
636
649
154
853
312
96
260
40
10
988
848
835
599
94
612
416
65
42
360
851
891
74
766
389
466
355
126
363
291
719
284
465
912
504
974
412
287
219
992
654
315
917
883
357
510
13
208
420
180
607
139
161
980
893
863
376
566
199
672
345
839
609
211
207
930
837
212
156
476
913
103
789
192
758
945
473
698
212
121
974
197
720
969
274
896
682
601
788
153
519
187
184
614
22
627
75
10
184
458
84
501
932
543
285
854
64
449
855
389
434
230
107
843
284
334
330
107
519
283
50
750
131
74
844
707
95
565
215
575
714
638
987
333
178
990
623
247
57
25
315
215
754
825
654
957
495
149
634
980
393
627
66
544
104
659
940
154
589
315
598
428
845
269
93
623
617
203
235
677
827
363
440
421
561
797
925
620
304
918
923
491
110
78
611
901
388
18
132
83
59
443
151
649
409
817
455
97
440
25
499
965
649
402
603
820
467
963
303
283
80
191
700
762
821
568
495
227
924
316
983
176
447
536
31
362
447
607
934
742
220
49
764
769
446
924
183
702
166
625
867
312
377
125
97
216
410
778
390
85
645
293
745
546
164
684
114
790
162
204
751
490
15
993
468
606
740
207
192
888
203
368
180
31
646
850
261
657
218
275
555
617
123
23
406
605
78
123
695
80
922
304
336
6
455
38
38
971
484
579
459
515
553
566
562
144
740
682
345
606
168
359
651
876
601
658
108
362
746
156
622
711
620
50
488
243
635
858
9
141
724
487
204
626
876
179
509
103
993
243
130
100
576
291
353
267
79
565
159
824
517
45
816
510
853
246
887
519
332
292
276
65
549
216
733
310
203
516
804
745
673
805
379
134
625
27
608
531
904
60
851
586
406
270
509
748
307
800
77
625
407
465
469
344
