151
982
838
300
298
325
29
837
576
363
522
676
917
591
64
643
409
884
7
725
225
355
140
279
360
647
671
874
937
445
474
880
558
526
825
71
61
145
615
301
533
968
788
235
139
316
149
354
676
997
826
162
198
176
13
674
122
266
374
60
826
981
668
276
456
16
966
829
2
756
673
30
438
363
37
969
728
792
575
585
22
230
813
523
675
965
383
206
6
203
876
858
645
301
312
38
67
928
661
747
166
25
59
240
59
541
799
906
197
32
235
491
560
750
574
99
610
649
942
127
731
862
47
213
351
404
703
799
197
21
884
605
183
14
490
84
757
751
231
54
723
731
134
426
507
567
705
95
72
715
967
873
118
487
827
806
357
903
467
828
430
137
89
343
650
613
615
305
70
358
471
444
747
567
106
69
45
251
2
313
971
255
216
99
191
184
326
396
84
886
484
330
547
281
388
535
131
16
754
208
976
775
375
987
6
638
655
897
266
379
66
114
664
508
35
342
44
320
744
491
596
692
972
672
570
394
112
735
368
493
266
273
546
164
992
322
280
3
94
445
548
143
430
375
733
794
394
853
656
216
193
38
489
349
106
729
907
183
505
976
110
625
88
494
169
311
664
846
955
222
401
486
293
117
382
436
313
61
697
276
320
12
501
286
983
434
443
566
967
405
250
768
490
48
524
522
564
620
385
592
926
85
756
130
478
103
73
589
990
373
778
701
109
201
36
902
127
448
600
470
603
373
618
938
58
228
367
20
591
211
68
629
136
941
996
361
884
443
315
779
817
162
504
47
246
670
892
892
607
367
156
118
424
268
997
911
763
365
623
825
328
952
0
414
241
399
115
270
30
332
656
910
776
97
28
423
474
362
737
230
10
327
212
204
680
980
920
274
407
690
70
381
913
234
182
230
600
947
258
389
949
161
155
811
82
939
941
274
769
455
918
351
525
629
465
543
487
826
867
787
811
793
764
107
300
721
740
401
304
981
45
478
470
969
826
33
118
94
579
120
423
713
998
361
759
831
972
928
185
185
614
871
107
497
451
255
248
981
135
762
562
621
821
660
448
438
396
973
321
405
514
801
882
587
516
253
811
664
585
81
945
495
501
913
503
76
120
177
252
790
325
881
8
386
179
12
706
462
392
169
696
392
547
86
349
92
987
55
321
297
446
735
579
707
339
196
645
574
494
834
413
798
569
759
248
937
544
351
200
703
616
666
785
59
164
501
770
402
736
843
202
974
846
464
609
283
966
603
248
676
647
574
920
106
811
294
463
743
564
806
35
587
263
3
840
810
479
839
174
201
392
581
292
599
996
396
539
802
188
171
383
971
721
87
474
778
963
850
507
299
348
427
582
451
46
808
164
979
100
147
230
109
348
883
106
524
926
200
797
61
870
847
172
265
566
197
782
757
705
202
731
0
883
105
26
943
799
801
33
269
171
754
182
303
248
430
309
706
40
930
799
101
920
55
902
357
480
471
222
582
291
299
999
741
335
152
414
924
797
300
704
323
880
816
641
977
774
602
859
894
738
521
15
494
727
810
386
908
723
609
424
578
918
704
286
634
353
831
931
585
726
91
217
879
536
70
645
959
301
960
899
44
58
907
878
935
186
278
990
517
574
578
505
873
9
113
644
653
62
595
997
813
399
816
650
380
880
166
741
15
940
677
671
100
205
145
704
255
750
805
3
894
935
313
980
188
439
749
572
595
934
263
93
366
92
856
256
749
541
479
41
152
103
510
993
925
841
856
973
902
7
194
221
115
684
597
56
451
973
888
780
37
988
49
356
91
527
941
882
118
980
247
404
942
927
268
965
338
505
793
359
614
600
395
998
436
427
616
738
490
110
721
402
662
587
134
848
751
115
206
482
769
261
853
429
631
86
922
39
177
328
227
575
324
503
800
806
752
394
302
309
82
538
281
722
773
105
152
491
587
873
557
540
544
928
170
151
105
975
337
465
430
122
400
204
719
933
183
320
885
185
315
455
884
816
85
543
272
315
587
266
841
864
40
759
760
65
192
436
843
914
816
69
954
18
683
515
607
435
757
721
546
330
517
154
947
747
257
147
905
711
869
726
500
796
399
325
544
32
990
281
115
108
602
598
994
781
77
278
660
755
859
658
495
915
63
886
688
66
890
709
804
933
910
792
27
980
391
422
405
532
808
887
282
838
674
937
830
502
583
226
532
433
123
991
850
648
466
339
432
285
484
4
802
823
390
629
708
701
437
827
757
935
477
802
241
899
501
40
833
436
814
308
668
204
277
443
691
408
403
366
896
421
789
578
395
678
499
696
455
449
131
987
313
595
177
174
74
969
37
817
19
492
311
486
38
721
650
52
273
737
68
308
511
66
823
4
826
186
349
122
195
178
778
67
265
343
743
482
412
541
641
734
315
239
464
904
420
224
97
83
726
663
58
322
187
955
657
264
479
47
859
91
977
30
541
758
415
974
669
846
423
593
298
156
698
155
453
894
548
877
214
274
437
632
53
762
366
505
257
902
470
651
28
395
427
893
866
322
166
364
720
860
383
367
82
23
795
804
970
276
216
269
496
683
228
275
899
256
334
607
889
403
395
580
465
85
204
561
91
985
74
588
468
852
107
740
85
966
408
904
314
986
297
778
920
469
522
163
14
519
818
874
640
632
452
188
383
384
867
739
79
645
935
300
921
483
972
988
923
642
385
793
515
548
11
275
88
458
342
669
884
473
162
692
761
131
854
890
711
986
802
41
898
954
39
867
497
671
579
735
212
984
204
201
844
402
576
830
339
190
779
863
704
435
106
891
636
59
37
349
172
859
403
12
542
308
456
579
528
511
919
749
638
890
834
832
296
587
18
887
594
942
932
918
860
151
592
60
920
848
520
71
44
789
304
470
317
428
421
691
58
90
714
445
206
905
858
981
262
571
259
747
455
78
403
809
487
73
532
673
373
94
342
300
434
0
433
520
488
152
255
822
732
311
363
577
858
773
240
447
631
431
366
262
776
180
418
1
517
722
133
203
758
245
716
742
337
769
385
662
503
896
749
547
805
935
189
666
43
85
71
374
21
202
407
770
560
490
108
469
162
418
249
166
869
147
360
462
5
539
750
784
737
896
977
193
800
317
932
233
583
625
695
103
158
518
479
339
398
352
369
319
9
63
90
369
940
242
64
396
378
987
364
919
245
704
666
599
751
554
912
125
534
615
962
674
527
919
683
592
464
397
908
210
4
468
694
958
283
576
307
91
355
940
399
401
705
531
772
98
932
690
669
18
677
56
337
725
207
71
323
273
622
378
196
90
344
938
489
601
974
279
761
879
533
416
251
308
89
731
793
561
188
561
208
257
914
895
821
772
20
113
670
606
114
402
555
78
885
141
650
828
882
338
555
843
245
344
886
741
851
82
999
656
329
324
779
134
673
681
729
674
893
559
34
442
498
807
517
253
754
875
900
879
618
128
743
964
568
436
156
576
751
622
134
199
862
172
123
988
390
322
838
321
344
398
340
943
932
742
307
268
467
588
531
377
671
75
987
661
739
592
178
779
927
395
433
144
620
748
328
403
815
207
358
356
599
501
52
597
839
858
914
250
276
778
498
817
27
120
859
47
83
356
518
354
425
278
769
709
403
338
56
929
529
561
938
120
477
828
176
448
192
951
202
233
918
206
540
61
462
440
678
101
998
947
355
308
63
716
751
479
400
329
136
296
425
649
294
565
776
609
936
683
709
362
330
902
804
131
219
841
503
974
357
471
659
688
473
850
695
656
813
714
121
140
851
332
894
451
807
923
680
429
52
611
939
634
142
542
347
691
443
496
756
509
809
324
44
875
532
744
850
518
326
634
836
215
77
826
149
28
547
374
495
279
316
515
234
276
951
573
906
877
911
52
180
857
92
153
235
667
269
737
530
391
694
267
439
261
944
439
859
199
629
941
279
535
4
805
352
863
727
169
323
214
315
531
942
186
124
366
146
181
583
73
14
293
729
29
601
647
72
482
415
602
47
463
712
656
82
318
316
668
847
165
443
680
392
879
143
50
670
186
878
434
22
39
413
699
873
980
954
928
64
477
430
487
106
92
55
311
34
321
868
655
153
587
798
550
816
924
520
607
954
854
511
34
801
822
380
1
309
386
587
702
739
597
715
46
89
837
632
115
585
456
251
685
947
615
866
852
987
809
637
620
468
817
781
927
699
536
430
277
334
338
616
710
983
358
142
505
756
300
55
738
464
934
57
425
489
240
156
210
675
466
972
407
700
432
545
209
235
593
654
180
242
695
378
634
837
287
533
503
564
424
695
672
424
586
632
183
144
222
887
787
256
8
751
291
910
518
709
344
546
763
469
905
745
98
483
773
61
254
666
40
111
797
744
115
71
162
242
178
626
178
478
223
592
955
848
331
721
617
476
807
819
975
412
584
26
538
652
484
567
533
444
514
390
922
817
165
681
446
629
949
384
935
904
397
395
739
329
561
591
453
761
121
721
322
241
561
129
997
926
659
652
399
800
576
663
935
992
43
637
504
193
88
111
993
900
105
5
221
901
919
397
930
512
515
747
729
947
869
770
460
303
765
591
404
466
276
627
657
411
366
828
641
961
192
687
129
190
614
180
969
314
992
567
608
14
871
968
881
622
335
627
251
665
462
449
675
348
677
123
412
633
310
193
341
101
292
763
846
233
568
183
278
598
236
628
143
617
73
521
416
67
557
597
25
568
309
116
286
596
525
399
464
854
651
330
80
473
765
506
530
302
911
552
475
779
186
469
323
658
758
740
789
557
630
476
388
378
866
77
810
710
693
383
817
170
888
716
428
35
43
259
804
379
559
827
249
172
326
18
129
199
689
239
197
200
895
107
798
306
289
916
29
175
214
127
425
210
199
86
784
70
366
841
653
619
455
196
738
864
62
995
402
313
845
754
93
398
254
810
717
670
874
342
169
329
650
354
675
382
959
827
575
268
6
382
753
726
748
54
96
239
360
105
667
498
956
954
614
837
275
230
939
475
150
913
791
874
82
824
153
34
543
621
895
533
224
635
191
969
329
956
274
129
380
383
242
663
279
395
552
711
159
870
800
396
914
885
637
247
271
679
165
452
127
19
564
850
341
762
556
89
894
716
372
245
16
558
591
955
378
122
211
151
309
189
321
603
396
291
188
627
996
813
663
433
871
242
354
749
252
265
832
616
817
426
917
157
217
749
600
845
518
893
354
456
223
290
348
453
444
279
234
20
368
776
473
527
350
608
125
835
473
466
765
567
247
538
893
440
894
79
512
915
660
406
366
547
68
831
572
995
541
203
880
422
27
533
832
635
269
463
441
605
989
190
205
225
832
47
549
177
392
677
371
173
702
128
890
241
482
270
474
346
928
856
343
559
231
236
777
163
994
293
89
996
776
282
432
716
576
254
909
602
613
374
482
183
64
373
195
17
903
204
133
225
85
23
60
657
837
910
457
409
132
625
314
99
770
405
285
278
490
412
70
42
120
865
724
847
127
897
105
476
776
478
288
810
758
932
579
178
733
701
787
330
336
804
250
449
166
559
21
998
57
132
695
989
919
990
884
207
585
152
179
146
237
375
205
294
307
939
691
330
567
689
971
731
5
205
75
764
276
550
47
342
459
655
384
303
861
390
22
726
141
219
579
595
685
231
202
47
648
18
856
319
732
203
560
984
392
373
388
374
177
409
541
432
420
382
613
559
903
836
847
327
164
690
381
260
523
870
254
397
134
227
961
580
476
699
992
931
862
49
305
596
571
192
5
599
557
697
514
356
652
746
214
929
930
828
529
476
923
411
567
537
320
423
982
607
217
337
365
377
491
564
918
762
764
264
378
405
213
485
330
870
352
887
148
579
261
722
676
242
477
718
19
278
213
272
978
716
208
713
37
149
703
928
510
746
247
449
66
231
551
851
911
75
598
262
538
348
973
112
488
461
444
783
14
890
664
244
524
56
333
751
544
857
154
147
684
556
898
501
864
286
279
93
377
191
94
127
384
449
856
410
289
252
506
857
995
558
472
327
109
159
907
888
250
341
676
191
147
797
542
944
383
676
413
692
882
265
93
335
224
557
980
218
260
122
398
187
310
404
162
633
647
332
202
474
517
424
160
185
741
982
377
915
410
525
992
829
997
243
215
59
565
968
126
707
130
81
882
868
199
800
374
499
543
337
968
254
774
390
542
980
630
299
944
124
135
81
120
857
532
579
410
322
739
136
331
239
351
345
837
568
943
987
0
154
986
101
324
95
185
389
900
60
72
870
966
776
308
162
729
162
458
399
200
466
36
932
684
878
775
466
133
744
848
395
257
295
943
218
474
714
824
563
930
960
785
704
519
766
220
637
895
260
569
449
875
729
789
850
434
508
136
781
79
739
54
8
401
594
214
819
516
552
634
970
903
206
295
972
432
507
312
329
58
763
772
554
44
117
750
854
394
386
256
536
273
212
75
922
173
297
0
524
500
189
517
805
133
73
533
577
118
194
433
986
129
330
486
838
650
26
136
603
961
191
327
392
970
504
136
40
237
822
917
892
293
625
189
18
874
82
677
675
396
51
162
186
370
149
400
259
227
162
451
240
348
952
238
630
930
514
309
62
289
237
92
948
783
796
998
514
751
592
636
594
681
403
53
148
807
117
624
342
2
545
259
68
839
299
80
522
205
427
87
458
906
666
846
979
346
746
605
654
715
294
29
721
684
575
676
993
274
192
107
996
495
100
430
259
828
118
149
149
157
596
579
923
497
960
453
363
211
474
172
67
152
468
723
225
33
674
628
523
58
825
106
495
567
539
246
392
918
981
586
509
855
135
122
487
352
144
881
25
941
269
393
508
731
939
570
307
38
741
183
403
968
937
674
72
493
53
446
707
947
442
197
482
472
120
477
355
280
164
633
649
87
148
927
336
998
510
227
61
59
25
617
731
719
794
613
228
383
731
45
948
870
107
123
219
258
389
926
574
743
664
42
369
301
810
535
250
770
726
128
698
713
599
945
586
238
767
209
594
429
562
604
133
481
253
108
12
124
110
539
215
875
255
65
356
914
675
602
852
675
404
636
171
486
775
230
800
572
932
908
522
781
559
468
424
335
940
238
324
395
687
729
864
853
673
988
465
885
544
224
271
313
814
469
991
175
480
133
198
567
447
899
530
474
718
117
647
297
634
546
103
861
60
489
728
724
592
105
236
625
927
524
878
372
650
966
819
617
541
355
799
693
329
970
926
938
650
173
254
669
532
945
36
971
341
655
712
231
238
323
438
692
75
37
45
252
876
644
651
26
465
761
872
608
516
491
262
156
980
922
260
206
305
300
507
246
959
378
638
269
439
136
971
409
867
113
508
848
201
915
181
961
659
11
524
514
521
985
280
617
681
419
453
897
541
593
266
217
65
779
429
964
418
560
721
741
659
466
383
959
307
869
217
621
278
463
130
687
44
272
264
39
548
41
609
765
848
425
518
692
972
687
48
462
989
535
479
88
191
320
288
424
188
701
436
191
185
713
591
732
357
856
79
408
673
15
935
28
685
779
935
553
249
873
786
39
79
403
368
296
920
102
148
753
793
635
81
279
243
110
735
24
510
983
182
472
580
2
211
627
125
504
105
129
271
966
515
814
267
747
537
546
221
736
337
942
380
319
648
203
104
420
305
528
833
107
62
709
213
285
210
787
305
230
622
970
226
508
656
736
46
213
426
829
588
130
686
910
456
93
405
781
984
61
114
669
341
692
704
340
199
824
771
714
954
814
893
142
803
442
799
128
212
205
105
346
368
57
145
11
161
259
841
616
57
759
831
514
867
207
481
336
588
419
479
830
545
654
382
343
162
849
803
21
265
9
358
438
598
449
895
707
837
943
335
707
730
107
669
384
790
949
660
433
943
963
533
92
130
856
501
653
903
895
615
684
287
590
703
996
870
905
817
5
353
219
225
182
681
120
214
880
53
165
276
924
202
838
4
311
322
983
779
851
163
734
870
84
109
312
274
734
471
334
88
196
210
520
206
57
828
334
651
314
298
113
289
281
169
758
909
77
154
528
307
105
220
247
168
206
988
488
931
661
47
484
472
743
838
677
664
974
231
362
876
932
58
898
456
377
887
996
515
457
289
339
6
266
220
486
919
64
657
749
5
492
333
752
287
18
397
535
41
654
557
798
949
375
405
872
177
957
994
520
313
804
884
459
895
720
173
632
932
233
687
206
7
546
222
144
485
520
507
160
731
575
803
461
293
896
225
840
123
81
907
290
532
31
758
455
147
611
897
255
626
183
288
1
612
86
492
69
772
310
541
167
574
205
59
116
888
792
803
744
804
98
190
30
442
975
300
341
507
178
573
997
608
481
969
521
503
904
450
962
82
189
909
424
829
597
453
85
107
814
218
520
10
721
532
252
294
696
594
872
775
687
286
884
215
651
87
417
744
536
307
813
941
544
600
413
987
3
226
574
573
764
191
262
238
679
381
554
743
639
935
375
874
215
189
274
845
955
929
868
999
810
441
772
468
834
223
208
564
878
243
890
822
466
787
659
203
482
939
999
463
77
940
862
112
315
182
983
966
184
179
268
593
526
453
225
288
898
926
204
630
661
301
639
538
788
678
110
617
349
251
552
476
562
331
51
278
156
829
266
367
335
256
361
852
152
783
55
334
762
858
508
192
841
134
57
429
283
85
233
803
108
428
545
306
86
851
890
350
467
328
462
657
591
669
196
211
905
250
323
993
765
736
648
946
175
854
16
588
593
386
806
129
921
799
819
964
278
95
910
636
277
694
336
842
232
446
535
663
811
523
295
786
38
941
989
514
9
501
126
868
264
813
724
550
165
774
381
495
501
513
873
41
322
822
417
998
841
953
907
877
505
566
296
189
48
442
986
679
701
257
296
329
373
694
155
245
574
584
2
154
527
75
256
438
866
205
773
37
944
371
803
936
643
448
766
737
295
826
778
100
852
751
396
698
136
740
175
245
326
336
697
250
900
702
568
641
974
363
895
19
846
859
811
5
531
13
265
381
918
138
122
678
401
99
606
353
175
442
532
331
821
84
826
913
886
849
924
356
703
915
230
967
133
234
832
505
26
997
985
63
86
106
671
27
855
890
969
439
959
260
520
817
261
887
633
452
908
113
351
56
839
709
856
492
356
492
540
989
113
172
639
672
483
148
810
6
848
496
691
211
309
912
845
830
626
536
10
578
37
407
427
16
418
677
757
112
438
968
612
664
23
902
184
746
707
296
53
286
709
637
523
86
316
462
896
696
480
350
701
3
265
290
412
281
965
381
825
249
733
333
452
18
134
156
526
39
106
736
487
853
72
429
894
898
811
323
715
655
775
619
429
608
374
713
486
854
915
363
419
929
40
269
671
241
435
300
147
858
825
305
371
910
504
211
688
451
451
738
755
881
778
66
340
762
161
535
31
820
433
805
387
166
256
282
566
674
757
137
619
787
979
417
422
601
425
748
672
84
357
251
950
656
242
862
536
683
618
164
618
45
869
273
44
580
731
592
321
856
200
111
742
664
535
11
215
884
653
880
461
82
603
686
601
174
596
347
237
314
896
483
36
71
651
662
632
859
126
117
597
262
229
23
790
354
597
522
158
104
385
449
447
230
46
760
490
204
333
720
65
864
652
172
846
995
595
391
550
347
203
869
487
150
293
253
458
28
686
963
475
462
283
936
198
358
879
165
770
131
417
510
99
987
622
298
764
440
518
392
111
944
386
180
483
159
531
724
873
595
251
391
732
897
444
544
196
675
732
903
358
631
346
837
458
609
777
567
970
864
816
551
963
3
60
590
992
648
560
638
776
73
177
560
244
153
243
659
942
656
96
262
630
695
981
13
298
109
336
564
509
844
266
904
124
595
170
283
825
218
700
264
912
118
484
918
502
482
634
609
977
876
874
297
757
770
393
657
84
370
161
395
558
953
377
427
661
456
401
956
81
524
121
756
359
568
176
410
746
233
872
867
861
19
960
334
993
583
651
967
79
695
376
920
568
621
858
379
588
940
288
938
703
540
288
855
553
234
14
493
637
496
225
850
360
203
30
966
114
98
243
203
641
494
232
865
898
401
547
168
158
120
676
954
909
660
172
175
466
961
780
410
427
514
727
138
615
532
306
481
773
387
554
912
476
897
530
85
588
181
366
904
322
700
660
898
382
266
190
105
987
309
158
815
700
711
359
288
852
521
611
866
472
225
354
701
784
326
672
536
289
847
486
997
116
882
342
352
633
433
398
538
838
423
55
845
454
556
525
880
437
84
945
52
484
848
301
999
928
980
639
226
975
702
174
564
978
709
967
415
633
525
618
429
610
588
936
183
207
713
283
134
394
731
502
991
257
754
772
338
880
257
400
489
182
782
445
179
97
364
135
913
581
847
170
759
827
721
725
668
354
413
879
737
234
917
7
845
286
820
541
828
282
850
170
272
348
902
525
313
252
699
451
92
890
212
666
925
286
715
517
507
303
72
118
469
668
841
938
605
549
299
336
54
51
639
998
323
90
996
204
909
478
115
479
993
853
942
444
522
496
961
946
716
610
956
856
557
508
537
652
184
529
230
854
608
52
844
308
667
820
65
830
467
502
590
140
462
49
126
474
278
676
299
381
478
64
98
563
562
102
517
417
162
667
581
689
634
477
804
508
484
18
301
867
831
333
460
822
411
891
321
885
662
917
718
165
284
255
932
105
134
914
793
201
469
842
904
270
523
164
841
753
804
140
978
104
119
2
543
732
67
776
816
967
648
609
106
549
368
18
414
163
176
323
229
561
226
165
945
135
973
821
533
568
391
445
662
412
460
108
70
332
707
71
765
163
817
637
508
346
210
375
29
718
842
624
321
565
581
307
688
553
29
101
704
886
307
927
753
779
902
18
639
149
189
42
294
139
148
611
956
24
556
156
147
586
881
680
671
816
826
181
742
858
931
4
352
91
965
569
495
812
841
251
101
435
366
382
707
501
596
870
809
505
884
678
87
693
608
775
701
987
754
899
46
311
389
285
877
481
271
476
598
613
310
53
665
127
894
298
900
573
997
337
571
137
276
32
59
200
803
886
200
705
143
819
271
586
102
606
434
956
526
646
620
52
225
43
397
130
618
80
85
67
857
287
161
881
210
112
602
432
348
234
612
629
211
180
255
11
230
575
36
295
390
163
239
935
811
984
427
621
109
840
425
221
843
754
726
41
728
898
978
905
944
578
346
361
118
9
446
747
855
245
959
779
917
808
179
907
878
192
854
448
784
623
534
630
877
43
560
39
872
583
241
690
898
914
64
583
887
260
564
671
256
667
234
685
657
195
14
748
145
410
294
905
909
986
519
372
431
499
708
364
404
972
188
687
251
59
284
694
930
568
473
781
795
868
625
832
189
584
300
711
838
56
766
213
178
150
913
795
753
207
309
354
805
687
80
269
960
759
544
734
393
572
637
666
860
111
385
709
110
665
253
313
67
127
918
323
135
878
303
6
724
717
181
765
311
93
967
359
106
892
459
530
396
901
813
42
515
319
509
359
904
746
119
128
152
393
757
685
731
493
440
872
201
750
861
999
329
432
492
313
281
834
824
903
104
820
817
791
575
657
934
818
880
837
656
674
702
237
199
685
435
639
562
740
85
142
908
316
70
558
278
414
755
851
834
790
293
158
228
930
676
76
226
621
424
994
125
667
880
752
268
673
236
926
857
689
0
218
163
307
8
919
375
342
130
341
41
706
439
502
726
64
719
782
317
728
174
940
805
287
510
121
983
59
691
728
252
143
974
62
953
940
164
986
290
897
938
682
12
931
746
674
158
469
592
86
319
99
241
226
393
585
483
412
956
954
125
653
428
995
563
385
954
63
754
566
556
544
713
858
553
468
759
123
441
809
826
846
131
466
254
515
359
903
242
254
89
629
198
999
824
499
923
477
888
879
10
0
582
681
867
841
644
570
689
253
690
436
805
480
380
76
300
206
788
57
917
742
925
632
408
690
84
322
234
329
419
131
340
192
794
358
470
152
546
212
361
163
451
841
850
766
654
518
565
524
267
495
554
462
127
720
78
995
813
352
646
307
671
870
181
681
128
491
566
156
521
967
964
6
183
866
933
771
952
363
475
475
397
671
188
342
237
948
652
583
76
970
530
172
175
192
47
898
639
86
281
108
733
223
675
330
167
801
496
295
460
140
172
402
364
557
335
811
942
832
338
85
440
997
339
783
273
238
570
481
740
678
231
207
784
618
108
536
336
599
186
625
392
420
503
896
357
136
273
498
236
999
486
958
413
275
862
642
347
69
427
631
389
720
436
535
361
473
565
93
20
520
362
370
683
810
926
156
780
36
784
568
107
539
91
431
610
257
947
0
686
438
701
251
380
220
1
574
334
611
70
112
216
906
586
782
477
611
284
539
285
175
904
352
360
76
749
875
878
232
774
773
194
672
353
661
69
178
870
321
55
393
156
203
525
134
509
205
570
466
50
434
377
777
824
889
312
5
233
873
765
492
115
49
390
14
947
510
321
650
952
151
654
403
2
603
764
210
504
343
74
512
669
360
175
6
823
343
492
65
569
348
281
378
487
194
942
78
155
93
581
550
361
342
686
889
947
367
498
50
142
148
476
612
454
929
756
875
543
825
688
897
704
140
780
1
369
345
577
205
928
45
384
366
200
379
325
55
16
28
385
965
205
989
317
716
751
649
413
747
600
972
811
530
976
852
348
843
87
749
81
73
83
213
121
354
550
701
564
717
605
834
171
451
524
484
797
11
40
602
736
586
696
933
477
121
73
31
572
591
261
741
459
438
925
277
612
614
126
561
694
497
131
489
934
475
471
738
341
202
490
470
553
536
993
900
724
336
337
111
299
950
671
613
498
805
473
532
506
86
873
112
644
587
33
528
336
181
824
963
232
479
455
658
965
39
124
313
78
940
675
687
738
572
597
892
64
274
869
545
82
754
225
655
632
306
76
596
811
610
539
801
693
168
513
933
913
331
527
678
17
224
866
461
983
172
233
247
862
642
786
174
922
155
436
86
65
86
262
893
404
913
603
939
96
947
736
991
782
276
955
176
573
679
954
857
196
39
156
307
576
603
122
352
367
971
509
501
345
549
360
604
852
281
407
941
742
642
173
522
928
848
101
154
363
643
726
164
796
864
260
961
673
909
695
255
496
460
378
51
265
784
161
734
508
702
75
242
799
449
613
28
497
440
866
683
731
910
520
828
184
507
157
654
172
640
732
890
512
956
905
562
995
689
360
19
974
749
682
644
968
380
288
668
266
869
336
472
460
714
183
971
391
33
414
6
844
199
297
581
984
786
471
972
940
713
840
267
830
530
373
802
794
618
732
236
220
338
24
725
374
163
243
615
697
118
387
627
836
999
124
268
904
191
149
307
802
963
565
106
666
955
12
621
211
477
881
910
112
39
394
514
556
556
111
348
457
461
715
91
638
626
375
623
450
281
117
611
786
746
90
137
707
914
772
768
240
602
622
294
705
755
484
714
997
499
84
686
7
470
99
238
709
958
945
221
680
605
166
257
503
647
489
139
410
579
212
791
651
283
710
35
138
202
686
157
571
898
637
40
212
872
175
890
206
732
717
835
357
708
217
435
145
746
240
653
38
939
456
915
889
738
17
179
847
877
681
110
642
544
240
285
422
137
928
937
711
302
16
813
118
953
926
563
730
758
74
646
828
402
572
255
674
56
316
310
45
270
657
132
617
504
51
213
564
667
95
834
724
516
2
30
559
702
144
864
454
556
93
378
597
288
940
468
844
376
490
383
339
262
466
185
5
136
259
666
801
285
709
655
389
460
346
491
243
77
504
102
669
745
83
475
530
461
388
249
524
572
845
46
325
24
330
819
933
763
387
256
327
166
484
467
960
469
568
846
876
70
897
518
614
264
881
183
979
641
934
812
401
664
587
976
678
104
29
72
2
743
103
380
671
805
860
512
585
812
337
40
958
665
502
761
402
511
644
918
518
797
100
846
593
122
575
452
35
412
379
438
196
111
981
125
406
92
211
333
401
692
627
847
4
82
167
364
549
544
621
355
128
106
64
633
415
499
608
916
170
290
816
699
260
209
499
791
677
84
608
783
25
249
59
831
507
167
12
227
638
470
693
861
277
48
596
500
525
821
536
628
336
133
668
510
762
958
232
885
213
627
806
899
353
1
788
715
62
535
740
64
826
638
41
728
303
930
260
233
341
193
566
243
165
503
545
923
598
229
448
123
173
296
84
535
738
425
390
197
232
739
174
476
937
652
182
306
680
865
55
415
896
412
883
203
436
145
40
265
414
140
604
503
483
310
19
731
479
978
691
561
861
452
563
739
937
547
521
987
846
892
879
179
242
762
244
450
560
81
22
501
487
907
605
86
160
47
922
719
584
217
765
64
419
706
681
733
933
635
415
920
499
879
767
248
556
353
789
934
978
705
837
327
81
149
733
908
194
479
766
514
371
55
634
719
682
991
141
103
608
761
833
573
47
874
546
125
49
85
288
20
678
471
757
159
154
295
359
974
773
839
513
996
185
433
30
543
703
828
495
913
916
350
415
276
499
496
950
688
306
44
624
942
59
289
877
844
36
446
62
236
861
767
317
872
583
647
117
110
417
992
88
483
773
605
53
407
171
827
553
571
155
237
159
960
650
822
441
236
706
336
623
291
467
601
417
522
627
485
334
229
320
769
769
949
460
147
111
293
958
141
717
690
335
786
371
150
22
784
832
796
405
330
426
741
16
616
160
516
566
890
647
473
176
744
295
52
818
528
884
567
86
39
790
598
575
905
921
936
556
623
293
283
477
259
368
961
971
635
92
189
627
134
80
142
411
195
243
887
850
94
530
574
837
616
994
338
972
86
103
403
623
223
759
58
66
690
260
870
303
858
876
155
741
911
776
158
952
383
68
763
527
126
108
230
397
874
922
809
368
978
155
370
679
966
975
791
987
38
70
958
414
131
482
721
717
627
896
374
509
812
634
518
4
505
449
0
647
678
292
432
774
44
737
781
465
494
622
358
335
372
544
33
889
190
970
190
827
936
686
611
20
867
926
568
529
520
453
393
933
345
387
797
287
283
339
855
266
437
327
988
381
432
737
458
46
321
420
414
510
79
450
520
988
922
121
154
516
913
919
951
5
588
656
118
609
908
860
206
294
769
605
706
522
739
385
929
328
60
870
205
743
908
607
15
592
727
639
422
405
992
551
792
654
945
902
762
466
225
271
442
191
260
319
377
120
619
313
813
0
486
636
616
129
439
416
213
709
748
400
780
156
866
751
588
20
726
269
192
775
308
469
211
958
497
476
454
268
424
113
153
256
321
230
174
993
996
514
155
619
287
283
545
78
603
250
745
214
337
105
293
823
490
942
943
544
454
570
606
835
732
138
913
489
544
870
752
105
389
974
720
144
258
839
615
133
171
622
199
796
931
38
149
478
188
832
192
298
547
56
501
667
637
420
176
947
811
58
936
522
604
489
467
557
593
165
758
13
269
693
138
941
993
795
327
346
552
123
925
132
921
30
617
960
869
298
346
317
810
642
14
412
733
519
619
644
244
433
610
670
917
172
969
773
94
279
371
326
788
890
923
173
528
621
985
155
248
648
112
809
301
310
151
520
793
745
566
791
429
917
849
451
860
729
103
211
640
677
177
629
312
981
396
886
22
518
158
165
998
112
961
540
132
45
819
121
534
178
494
36
408
714
120
16
902
117
652
521
348
838
716
415
17
425
484
814
281
716
868
294
668
375
475
936
570
690
558
107
587
911
908
617
682
96
890
858
628
808
478
147
478
414
305
765
933
405
459
759
379
914
109
541
469
742
271
361
676
638
730
271
622
223
973
217
520
918
540
431
479
74
770
166
17
465
167
467
296
159
48
154
324
346
893
863
280
267
767
951
768
608
3
218
156
814
690
976
907
135
599
490
924
869
638
86
152
518
602
719
65
66
249
302
125
27
434
223
890
832
864
691
972
210
819
589
856
811
259
87
838
308
356
106
766
18
430
391
607
846
6
767
422
604
184
270
613
368
293
214
982
951
937
61
234
264
491
571
428
409
472
906
446
614
542
985
82
260
605
412
742
354
540
995
668
205
107
690
881
272
196
590
655
524
763
785
178
758
949
619
608
467
620
582
193
979
398
237
302
80
416
675
918
690
513
166
916
90
536
582
443
902
961
220
579
493
590
823
19
209
617
807
101
182
130
815
906
996
146
574
340
814
467
849
173
774
725
167
509
410
35
510
202
658
748
616
768
987
467
558
210
469
429
245
327
828
824
34
17
716
594
136
289
705
504
598
898
782
963
461
346
313
128
140
231
263
736
747
265
623
429
210
729
295
516
93
304
844
749
230
57
289
679
773
822
947
174
920
241
798
360
799
30
666
433
104
85
758
537
876
946
61
552
108
661
528
736
110
154
69
621
255
793
654
215
468
937
121
375
907
713
155
364
182
65
278
747
786
402
819
346
76
612
503
425
415
860
464
523
548
496
774
943
175
648
736
60
873
765
486
427
571
762
586
674
725
621
522
80
399
176
239
104
725
77
672
57
883
83
125
797
807
22
829
343
531
456
873
4
82
168
153
407
206
307
993
437
187
305
614
34
515
967
546
665
439
175
778
612
766
420
533
150
315
118
677
880
389
828
848
657
952
676
141
978
810
900
666
937
915
552
117
979
362
339
423
372
908
356
606
862
189
12
183
667
760
672
435
128
492
941
132
463
216
320
433
691
169
222
834
640
881
382
969
700
58
149
440
783
683
547
725
557
586
596
473
847
522
252
236
221
525
987
482
126
523
900
866
986
421
460
318
784
265
436
883
357
449
224
448
698
772
518
491
738
705
212
135
287
596
6
382
116
138
712
882
193
386
843
358
821
922
335
827
532
93
938
75
581
129
390
122
618
857
807
547
841
704
536
637
431
803
424
189
710
726
231
362
52
937
89
467
248
979
845
346
928
88
831
28
189
998
330
422
970
810
276
314
240
678
544
932
152
919
808
217
210
744
513
348
74
126
957
851
865
385
533
868
249
649
945
469
206
159
274
325
615
123
952
772
62
193
342
419
653
981
113
464
786
720
9
542
539
57
347
826
443
440
657
907
459
96
532
32
836
650
585
119
890
845
817
20
476
484
994
598
465
232
884
487
76
727
924
342
573
64
598
204
625
547
793
391
967
688
142
513
116
836
101
575
873
386
347
891
524
254
323
682
907
940
856
907
325
177
867
765
193
698
721
899
918
168
280
124
874
76
613
910
871
449
285
48
170
982
517
890
470
618
62
137
595
300
425
770
458
458
569
850
814
38
280
154
934
33
602
622
744
68
76
570
324
942
836
999
27
350
420
472
447
466
125
301
417
349
610
205
183
898
120
958
5
344
470
39
362
774
858
771
7
995
755
766
334
866
136
511
559
922
212
6
240
299
270
671
8
193
70
290
736
32
326
428
807
92
22
56
359
544
263
8
113
306
49
939
305
40
69
582
923
538
758
288
523
739
275
492
361
823
837
287
187
624
81
31
719
809
677
872
383
107
477
292
480
854
992
572
167
408
781
366
846
377
388
46
421
176
481
492
969
196
650
540
815
984
167
258
224
586
29
152
238
944
382
86
721
116
471
31
705
420
412
844
45
555
186
920
447
471
227
54
127
172
497
952
304
815
111
435
952
602
490
188
680
311
203
503
375
596
251
551
941
195
402
54
137
987
429
180
48
247
230
975
789
350
835
331
795
419
745
21
775
375
374
885
977
918
485
731
243
553
615
529
265
705
321
82
367
897
393
697
32
622
607
827
599
349
916
489
854
67
36
228
544
586
303
558
755
2
614
631
438
816
540
500
401
339
253
545
410
860
415
18
761
499
814
358
874
84
335
43
914
857
31
933
280
365
569
500
510
564
761
3
955
569
273
626
233
372
379
851
529
49
914
870
751
856
500
575
780
943
720
219
492
437
464
676
592
155
598
930
492
893
179
398
988
402
967
417
219
698
622
387
780
923
411
932
907
951
309
648
566
595
752
271
261
721
974
940
368
844
624
975
645
349
587
116
655
570
542
46
573
797
524
657
733
715
735
431
949
142
182
969
30
370
369
949
402
941
934
233
533
134
675
466
614
96
699
349
286
570
294
604
405
314
236
964
571
485
963
648
540
582
145
86
610
366
915
192
890
390
835
444
514
399
271
317
528
689
869
28
70
278
24
197
204
356
262
424
938
430
415
714
109
341
935
269
841
153
178
102
792
840
905
114
497
180
865
147
932
672
259
310
41
219
579
801
397
646
290
288
956
607
794
195
67
727
177
764
531
459
415
191
554
345
814
976
561
347
389
722
682
260
129
671
360
719
47
341
936
701
658
63
49
410
486
217
964
770
756
515
721
957
429
211
181
451
714
675
848
807
806
263
984
610
991
238
258
465
907
87
284
740
626
227
971
206
55
867
48
849
557
779
581
180
833
68
355
135
936
670
496
87
328
375
429
16
377
417
53
787
676
59
409
377
311
985
941
86
623
674
244
654
128
709
977
777
588
36
166
504
544
219
419
701
488
211
130
606
31
279
836
591
81
477
169
422
659
436
591
731
917
367
380
398
627
95
11
323
352
859
29
235
884
438
315
365
418
972
772
685
570
103
586
351
970
341
543
344
177
49
775
550
792
976
665
251
423
322
382
537
542
145
265
973
72
967
412
797
986
520
59
44
521
162
713
711
673
663
72
438
211
401
740
135
603
132
348
156
804
148
770
120
691
626
151
625
734
160
348
66
410
687
295
746
73
563
838
892
983
677
29
743
72
797
452
340
150
542
640
232
584
802
652
949
944
364
757
800
787
944
32
947
232
177
229
708
311
871
508
41
149
955
222
445
372
870
694
198
130
898
617
924
120
391
992
595
952
679
675
486
777
731
61
62
139
576
330
161
165
115
172
49
705
273
487
929
217
156
570
742
700
277
581
423
963
471
280
615
648
272
406
765
136
759
558
392
893
498
550
993
609
405
958
46
672
410
359
828
153
789
91
31
904
343
840
627
564
646
732
230
268
704
527
13
935
335
674
147
89
79
977
557
791
781
413
201
366
602
649
699
394
76
431
12
529
975
932
963
734
607
377
384
75
618
228
70
641
796
47
739
817
122
232
311
466
88
113
123
233
233
522
206
983
399
952
130
588
191
308
809
85
644
949
964
384
160
650
129
251
531
12
77
913
802
705
144
511
435
691
75
412
832
244
6
635
996
199
420
455
475
825
204
425
865
728
621
636
767
736
130
108
183
310
381
723
432
515
565
97
514
721
371
935
516
444
996
174
30
145
904
500
565
512
771
743
368
24
903
83
536
160
397
766
62
575
682
434
476
754
847
314
473
55
336
603
496
101
665
604
561
735
25
643
131
161
663
112
699
544
177
886
213
449
773
793
858
180
423
152
825
800
922
256
541
459
65
469
64
799
414
793
62
712
173
972
679
246
39
70
656
154
504
811
11
718
5
335
587
679
236
309
101
477
602
422
725
422
679
724
833
210
680
440
415
212
398
492
764
237
888
298
99
872
953
861
636
881
207
561
612
722
746
60
178
85
415
202
55
261
809
689
23
759
290
643
964
725
691
593
559
507
739
283
441
428
436
843
902
222
17
829
794
911
524
622
570
110
359
482
469
2
424
795
565
704
17
82
252
58
722
39
471
92
480
430
489
727
238
166
168
738
342
282
99
900
71
514
673
365
364
146
822
947
70
580
261
46
611
676
411
854
816
115
269
784
684
694
63
929
371
146
874
486
428
275
763
923
176
308
952
410
130
903
451
40
490
903
967
163
81
672
362
57
794
245
915
354
936
323
725
764
748
540
731
204
450
743
414
175
412
3
863
654
958
991
153
741
916
686
174
254
556
252
493
321
190
625
789
763
126
395
781
746
522
331
589
928
9
772
221
509
576
969
389
243
540
197
22
102
13
491
78
172
336
524
451
862
542
948
481
674
183
711
649
785
807
334
594
209
371
292
713
49
540
484
969
807
712
655
583
71
908
226
587
102
259
723
457
464
770
224
507
857
507
702
125
371
82
725
30
118
556
573
494
577
558
504
565
262
501
51
694
772
770
148
774
862
40
304
711
12
253
792
673
104
375
710
519
714
849
841
256
144
876
852
177
623
736
824
963
471
163
703
993
684
497
306
258
309
277
789
719
38
327
754
631
741
555
253
909
550
220
185
36
178
187
340
348
873
678
957
624
788
165
546
222
898
807
820
430
631
307
551
280
188
72
150
698
606
805
986
442
369
785
246
189
348
678
948
179
344
869
721
868
7
8
218
709
22
255
457
718
450
12
350
463
382
866
934
725
448
454
949
609
875
51
359
982
136
175
558
681
63
782
404
420
10
963
686
749
804
154
415
133
886
819
638
691
327
545
351
108
215
88
984
102
288
698
555
801
330
919
250
448
164
612
995
360
490
475
114
977
591
1
947
594
606
817
738
406
559
513
588
976
182
78
103
804
518
737
415
656
384
726
613
368
63
186
569
612
323
16
11
341
396
695
40
858
205
488
768
16
43
815
849
97
143
278
820
289
497
403
414
690
571
260
328
270
165
807
98
371
595
60
994
847
716
813
19
164
195
831
938
919
777
109
138
135
909
744
660
167
709
694
134
680
544
12
973
313
584
621
164
912
650
815
387
523
750
130
813
556
451
329
168
953
354
551
499
184
841
497
36
381
820
575
127
208
777
905
47
543
409
798
49
388
521
827
527
439
812
722
312
638
38
463
959
262
768
748
432
56
313
728
483
370
708
940
706
388
745
373
199
25
925
501
492
583
956
479
243
504
787
183
786
828
345
594
149
170
726
32
17
710
315
667
942
253
571
364
184
156
741
544
186
735
562
77
404
924
636
941
188
928
794
877
870
410
408
466
885
902
17
929
773
982
3
310
906
335
398
217
778
518
886
318
818
56
372
32
143
641
874
852
563
211
327
520
366
113
963
723
641
572
678
389
589
90
603
50
388
854
456
594
54
479
590
822
860
984
370
171
253
330
819
329
559
307
246
734
522
709
619
671
885
82
429
850
876
874
561
471
329
730
668
241
99
547
241
534
604
879
371
480
404
192
604
200
127
988
199
119
570
868
785
866
528
110
399
120
934
659
704
499
110
730
677
279
259
394
992
809
791
191
57
284
507
855
867
991
877
174
119
672
984
818
127
205
406
452
771
885
141
628
313
243
398
167
443
652
885
861
229
922
767
33
273
321
158
373
159
259
550
300
145
106
219
856
97
935
785
72
369
873
361
584
287
483
221
197
626
625
219
444
165
215
5
697
474
666
631
761
879
195
573
880
796
483
615
628
326
983
999
794
144
171
961
854
208
202
224
355
359
82
716
138
912
827
83
40
949
997
983
388
597
211
525
830
76
175
563
169
813
154
583
306
494
159
982
933
354
136
135
673
975
777
114
511
111
307
232
204
457
428
824
122
137
106
834
493
625
93
481
921
461
200
76
265
354
447
812
730
973
99
220
156
262
754
866
607
557
264
416
815
975
659
755
292
560
735
371
675
504
427
560
326
862
39
782
895
692
662
22
508
119
209
546
673
839
612
969
249
946
921
303
302
653
546
539
836
342
30
236
823
296
506
543
845
357
239
450
342
874
52
110
211
575
739
363
389
397
627
783
212
854
63
992
678
685
836
465
941
116
99
755
397
986
589
469
232
267
894
866
962
346
368
4
711
261
205
992
824
102
197
222
244
588
784
167
701
120
973
568
586
602
184
269
296
920
984
138
594
713
944
903
702
795
285
981
672
435
978
260
772
163
153
586
239
370
105
134
484
228
790
756
930
970
851
562
39
351
268
951
318
905
411
972
583
820
36
301
424
394
465
354
90
82
144
555
378
350
309
257
29
951
452
642
398
526
665
326
237
565
514
79
208
257
619
836
75
471
403
917
400
960
907
450
954
887
673
446
47
306
138
685
303
603
31
189
201
435
504
18
972
925
819
819
792
337
824
267
599
820
637
349
535
418
323
932
290
10
568
657
994
209
931
765
920
812
255
404
523
499
823
627
863
262
607
556
461
506
43
279
301
738
459
32
517
162
468
62
30
769
927
763
14
166
564
197
362
744
479
293
137
986
981
959
267
755
226
694
625
870
802
194
337
7
359
919
468
387
23
520
465
283
570
243
680
690
975
160
57
996
514
875
415
846
652
990
563
631
332
262
64
338
232
223
26
102
184
517
791
153
853
284
367
702
77
490
907
550
575
385
228
936
196
782
419
832
107
293
293
987
217
501
262
774
634
660
982
32
86
299
373
619
860
681
639
666
599
808
454
369
240
94
516
244
572
384
884
322
34
999
821
418
33
806
251
640
864
273
973
683
610
66
530
651
576
390
929
522
373
441
296
643
192
541
422
427
203
842
403
32
348
770
862
565
941
160
785
755
721
172
624
986
954
199
175
331
414
497
999
188
770
606
888
560
793
923
521
845
444
434
18
241
468
760
223
956
322
397
324
528
263
277
204
427
526
979
596
819
12
205
602
244
917
699
428
331
550
356
279
92
644
989
597
854
165
200
993
814
378
155
845
540
969
918
983
702
34
9
726
533
386
166
563
616
570
440
580
370
299
658
424
509
487
673
133
555
66
953
686
240
756
306
675
450
210
318
714
316
885
254
131
885
285
407
833
298
977
110
920
29
436
718
43
331
186
543
472
464
63
622
740
683
118
457
228
938
533
551
981
225
785
22
139
835
621
733
993
704
508
676
864
32
829
984
803
353
374
599
786
403
966
654
856
589
388
700
731
830
132
79
318
693
876
860
434
621
287
998
387
360
654
696
230
754
939
988
116
963
174
550
437
29
253
787
323
732
108
990
172
633
204
794
10
756
499
447
721
963
710
423
759
670
302
722
821
208
212
422
523
741
418
515
35
821
586
30
691
518
64
546
215
331
658
56
832
19
251
196
667
179
477
36
264
40
848
405
544
456
164
941
61
925
339
41
999
860
571
221
941
776
729
107
854
30
354
554
385
126
645
942
407
157
600
957
560
66
677
654
365
706
185
853
334
781
724
804
864
561
664
329
242
504
254
602
439
268
350
968
43
70
957
242
923
579
706
161
776
793
625
656
367
394
458
215
877
257
17
954
670
974
92
758
430
218
840
10
493
257
743
680
658
75
634
173
390
306
643
204
767
784
245
108
1
876
674
132
961
456
127
60
35
476
337
423
892
657
317
94
472
921
961
463
973
888
739
591
556
763
145
706
980
685
36
406
288
197
0
425
222
725
213
124
719
144
848
810
986
74
707
256
367
807
904
158
912
936
732
870
946
680
239
207
444
888
336
861
574
744
424
301
17
104
610
171
28
338
722
180
217
29
487
881
557
646
652
363
536
715
830
538
899
752
499
250
424
266
686
282
392
864
443
54
793
160
461
236
343
216
373
864
260
474
869
307
894
532
957
677
722
862
160
4
22
832
808
232
772
823
395
367
657
399
309
605
987
243
10
599
858
144
148
874
946
723
280
224
340
143
340
959
488
349
371
64
901
357
513
46
523
6
690
624
36
395
852
759
634
122
695
387
65
281
145
100
962
817
164
383
541
993
434
281
456
59
831
588
217
345
430
826
159
372
948
155
432
318
242
702
954
166
684
768
432
722
874
927
592
79
95
922
938
102
453
409
718
652
40
579
694
802
149
519
484
962
622
900
63
305
471
345
93
283
832
435
133
708
807
562
488
184
122
692
757
44
982
646
384
574
764
711
648
606
429
874
868
69
91
815
324
425
573
784
651
977
937
186
396
612
567
917
752
383
135
614
141
272
244
534
440
615
987
529
197
757
576
69
348
359
147
650
29
779
511
347
660
912
799
603
221
990
757
956
671
682
120
179
4
48
746
795
956
744
459
704
423
689
274
622
725
394
178
433
856
426
996
39
89
627
971
416
388
565
826
207
519
740
471
589
497
764
441
213
5
652
961
784
473
256
854
585
834
206
959
544
633
418
668
419
905
332
695
186
540
945
505
150
226
260
849
510
322
73
287
106
303
19
609
758
291
892
612
395
268
519
437
985
887
280
118
160
624
233
495
857
167
533
103
600
920
263
971
260
804
216
86
891
835
951
480
550
40
324
560
12
396
329
746
228
500
452
583
911
505
792
375
74
971
686
43
504
238
690
250
604
470
741
437
86
66
346
631
865
856
653
275
947
663
668
6
635
665
812
862
976
812
320
643
130
422
940
986
668
14
32
722
777
658
90
82
192
719
14
317
994
709
982
292
295
256
733
150
680
722
955
822
806
785
999
877
768
604
234
108
90
732
568
312
292
304
61
137
908
957
927
228
546
398
632
575
309
158
639
294
484
866
45
520
714
935
242
764
170
447
281
167
363
703
329
23
29
358
800
927
246
125
13
430
506
875
249
576
460
752
219
170
660
636
319
780
937
211
27
241
891
331
149
86
133
169
345
236
36
832
12
334
944
876
560
528
11
359
823
917
185
300
266
820
282
938
221
12
195
358
758
425
685
270
267
834
844
952
350
363
66
74
6
701
534
355
149
425
118
559
141
207
686
58
437
939
320
336
703
457
214
448
885
328
665
265
644
285
111
638
585
499
639
273
906
394
564
961
564
260
603
883
486
98
407
60
921
591
664
863
485
338
793
128
690
2
395
532
221
786
708
174
335
271
596
699
411
753
845
34
494
350
454
554
196
747
648
488
927
187
791
508
474
981
520
681
163
217
698
635
424
538
428
62
392
85
330
546
420
664
913
255
545
475
548
533
934
499
807
261
623
61
742
419
985
702
320
763
478
427
152
269
936
887
943
980
305
892
986
972
554
246
414
716
536
525
98
172
539
263
886
608
343
623
515
46
252
721
664
612
603
113
108
980
850
377
286
354
536
718
811
403
113
824
878
753
547
986
714
737
523
568
220
825
493
211
601
548
311
380
991
71
754
51
131
798
962
144
559
921
590
586
799
219
574
645
579
45
224
506
360
760
554
960
876
16
379
949
453
443
158
871
651
657
571
135
621
454
231
981
381
410
950
5
757
322
93
629
881
633
797
633
44
293
242
228
959
274
789
569
960
962
803
55
749
274
924
451
172
303
752
954
683
564
372
741
477
356
491
206
994
830
683
41
13
593
449
264
140
545
878
728
984
45
339
519
946
618
162
323
529
554
472
262
312
399
331
100
688
259
837
463
697
422
378
478
26
884
170
682
47
255
337
340
419
995
169
348
715
445
886
379
18
289
345
254
409
945
161
241
318
71
889
345
196
0
83
38
552
36
611
754
56
157
441
907
961
325
149
278
45
606
980
538
971
318
30
72
331
992
883
815
677
632
260
909
537
630
887
781
483
71
396
337
200
218
908
146
165
440
438
319
933
9
135
580
635
85
91
720
330
177
801
21
459
388
394
74
920
798
926
951
359
217
546
973
757
913
119
273
317
717
10
791
329
606
223
739
635
814
210
223
760
113
563
702
51
378
866
234
512
181
935
197
689
749
394
391
583
349
925
132
709
163
265
93
981
544
949
473
83
724
241
963
177
240
341
652
40
694
489
346
134
331
133
260
185
463
344
867
793
897
734
37
766
664
289
407
691
893
442
850
470
746
603
812
866
585
335
601
706
565
407
364
378
726
698
831
346
269
464
470
64
700
669
102
115
103
744
767
24
615
440
301
385
287
836
159
7
805
118
203
58
402
563
621
482
510
229
11
839
446
433
919
798
122
167
998
703
446
79
892
25
43
915
381
842
750
628
384
734
484
817
999
832
269
717
113
840
660
552
114
411
975
236
907
590
880
525
273
143
791
420
368
119
384
2
619
993
374
209
306
582
80
150
479
868
518
616
484
729
676
137
869
920
552
363
389
278
218
785
232
383
287
596
389
395
35
232
682
838
272
209
619
578
14
279
805
509
380
6
588
543
643
421
634
169
165
644
884
634
946
11
432
942
869
664
588
874
305
281
677
946
777
692
649
567
309
459
755
189
140
144
286
435
67
77
446
175
37
374
887
572
709
507
165
822
330
980
448
725
813
195
210
441
782
780
250
657
805
784
289
116
216
485
669
725
980
535
232
793
571
15
586
873
803
870
828
83
169
382
541
500
338
267
197
372
287
323
96
337
653
346
826
651
409
99
775
641
743
761
122
758
12
787
319
654
930
73
485
111
216
500
113
683
542
997
452
778
206
792
359
301
433
166
910
396
741
306
794
691
967
529
177
979
323
597
927
426
360
839
475
974
170
896
516
99
670
845
540
462
237
804
95
726
340
998
400
588
117
539
829
716
801
206
341
345
818
555
663
953
745
203
936
686
863
332
575
155
882
260
576
855
621
541
895
153
217
570
865
523
586
327
503
468
202
668
843
270
500
204
546
912
155
317
711
84
510
238
0
598
933
149
708
106
851
279
753
52
623
426
903
983
975
835
322
560
189
872
812
816
306
71
862
443
881
611
857
831
575
683
749
454
983
416
710
281
721
541
550
733
438
6
197
23
438
819
502
408
146
204
11
505
65
956
310
142
98
917
667
979
890
858
731
922
447
468
905
186
635
143
2
843
899
650
677
700
40
433
540
645
145
506
437
230
133
657
551
624
18
51
578
743
576
649
896
831
940
841
160
732
579
956
843
550
674
372
988
833
161
64
394
205
498
4
795
659
303
701
153
194
748
632
313
783
809
311
176
816
37
304
590
123
856
924
89
408
373
964
964
168
951
366
145
685
264
112
692
342
425
0
9
113
556
981
505
313
99
910
258
715
433
409
178
556
995
644
807
5
556
344
259
160
424
583
198
310
621
736
929
623
29
746
918
148
813
509
637
990
803
388
234
695
913
51
110
674
702
128
635
498
556
112
128
506
633
496
83
608
412
964
948
246
999
526
124
158
259
467
844
880
619
447
725
257
238
688
767
231
362
416
90
994
830
17
965
812
923
496
225
402
511
538
365
892
68
772
283
705
138
659
648
293
443
690
56
228
479
635
40
416
363
85
539
321
114
235
129
462
652
340
242
753
850
247
261
914
292
123
971
67
51
360
630
87
830
76
81
47
342
597
893
170
370
203
5
949
810
350
661
944
979
290
5
703
37
127
283
694
450
518
257
644
595
234
810
745
835
538
363
167
54
737
615
262
763
944
428
361
399
374
547
557
713
200
286
77
800
125
212
445
530
863
898
863
47
364
737
105
833
449
270
560
609
590
991
594
668
581
950
315
815
778
157
396
556
293
670
582
297
495
847
145
564
93
396
178
941
201
435
861
68
161
169
987
897
890
221
583
677
986
621
515
757
776
942
332
85
603
374
578
296
445
476
659
41
326
458
277
257
195
961
485
467
657
444
793
621
8
59
916
61
657
308
754
214
712
837
174
190
220
175
28
21
358
414
223
238
174
220
154
473
349
398
185
461
597
605
166
706
226
178
730
24
672
445
495
618
487
237
307
596
862
570
873
199
297
352
799
895
898
857
999
349
103
465
752
52
148
52
766
229
936
23
110
728
719
670
780
256
596
103
732
29
414
256
647
22
148
210
806
653
57
459
152
464
229
676
880
455
93
653
114
225
973
399
505
747
814
709
25
782
411
165
464
670
737
875
648
851
530
593
412
228
282
918
847
162
940
749
431
268
286
900
307
374
455
297
856
116
81
171
98
171
286
417
455
675
614
478
982
56
310
291
640
703
368
861
872
114
982
244
205
563
539
455
350
270
907
998
522
237
168
967
893
36
984
508
798
224
927
974
647
568
227
337
659
736
516
86
857
358
770
407
573
487
83
305
335
783
32
428
393
913
918
940
199
555
916
735
803
305
434
912
952
898
379
49
680
126
614
312
726
392
272
895
637
766
838
415
768
749
173
568
81
407
986
185
599
441
690
275
658
929
90
444
277
606
147
271
543
116
725
288
512
730
865
192
95
555
420
312
112
775
463
334
75
685
68
852
858
985
418
462
881
620
70
137
220
473
951
439
839
56
843
321
105
286
13
521
408
45
440
861
484
628
226
202
528
330
154
939
231
716
748
227
994
542
848
160
632
32
782
704
306
72
69
929
280
382
673
248
146
650
690
812
282
979
438
718
957
307
630
360
294
924
198
186
188
524
603
89
543
769
628
640
551
303
644
344
749
450
941
266
807
474
707
511
914
472
558
858
123
28
56
556
432
375
835
578
769
599
257
825
265
349
552
884
540
336
809
466
992
599
819
533
880
905
363
123
657
502
966
45
898
716
562
688
371
585
506
374
171
406
522
8
632
79
978
688
729
942
282
736
788
874
261
379
769
139
682
640
173
330
762
502
167
703
408
908
932
204
126
248
696
154
724
810
365
495
431
33
315
48
38
125
94
87
713
654
284
827
719
56
562
329
38
95
150
395
670
454
940
313
248
172
682
870
868
465
619
797
785
257
605
543
829
571
925
286
509
559
937
136
813
686
593
888
271
897
308
635
240
194
241
333
942
469
929
125
552
902
80
62
63
567
473
424
228
273
190
553
931
39
768
695
124
862
24
167
556
342
162
545
793
23
210
301
200
862
541
562
583
712
554
96
391
702
710
371
261
720
363
934
349
167
94
712
169
232
139
524
224
204
988
181
717
151
965
796
235
109
334
787
249
682
990
135
542
7
808
899
534
809
201
244
13
592
576
610
883
703
36
662
212
820
284
834
963
710
393
319
444
285
444
451
913
256
311
956
317
24
959
121
83
927
45
8
504
102
316
991
194
339
677
147
724
657
57
706
326
438
332
326
404
381
476
578
83
771
218
151
746
754
404
749
232
831
930
862
494
174
937
498
836
799
988
971
284
335
765
677
464
48
68
334
894
666
147
603
283
899
841
288
499
859
95
776
186
157
696
876
938
649
286
904
257
416
433
404
791
92
0
696
806
103
202
996
445
585
662
481
356
880
680
228
272
239
162
482
826
635
570
436
262
973
254
214
648
698
819
624
405
432
576
901
148
430
678
671
901
577
698
849
883
868
852
808
45
231
127
273
718
102
109
30
77
185
153
256
545
864
228
926
686
994
174
628
786
871
594
242
361
458
462
123
57
7
495
781
304
693
930
997
466
268
562
91
470
606
413
871
246
178
352
677
790
531
852
451
999
399
555
261
298
364
297
719
159
412
611
222
680
620
741
990
588
421
986
606
605
669
991
333
105
852
888
976
268
513
454
380
693
219
390
996
210
20
373
740
501
388
797
969
201
458
252
250
800
7
275
286
378
955
600
66
520
497
8
57
573
205
413
324
706
624
755
993
925
790
190
519
101
395
866
327
192
278
743
9
294
631
496
304
466
421
680
869
943
699
956
734
754
147
92
398
851
412
82
651
725
612
22
747
188
878
649
696
104
703
386
38
750
997
66
270
270
133
460
997
882
626
191
538
12
596
148
214
408
43
425
323
762
839
606
389
736
386
417
691
289
644
268
624
74
144
503
354
327
758
363
700
435
651
481
834
246
629
4
622
297
715
942
178
189
615
463
119
475
467
349
66
610
509
212
209
378
409
751
174
747
773
583
99
252
678
328
437
799
852
298
509
966
441
698
295
244
495
239
929
870
929
427
404
874
926
328
677
283
979
700
356
735
423
521
865
362
324
829
994
537
717
379
240
248
133
834
897
652
654
88
702
9
896
229
55
88
465
768
737
276
947
483
551
85
526
379
427
217
473
529
285
718
549
32
255
485
970
47
589
419
106
269
117
776
386
235
115
78
414
857
376
828
474
54
889
930
733
164
332
192
603
268
342
968
511
33
427
195
903
945
523
658
611
834
890
434
875
961
146
69
462
25
622
51
177
135
658
989
177
496
482
306
744
846
414
24
419
108
0
14
388
873
639
525
417
304
648
367
561
610
181
295
983
836
159
166
435
6
569
190
177
596
508
397
361
824
245
973
76
541
819
689
95
34
107
217
709
501
356
772
728
969
531
837
345
928
877
762
250
577
672
244
816
578
398
56
239
653
493
512
794
173
450
549
162
912
360
541
503
385
424
957
805
61
850
135
492
714
109
629
217
725
803
549
986
161
116
929
585
804
104
677
763
657
391
361
87
227
161
623
70
78
40
975
573
119
81
968
900
218
494
577
139
820
245
709
411
753
108
717
76
633
435
736
753
155
300
369
141
593
176
373
524
150
359
680
18
227
129
521
104
504
230
679
939
972
275
825
459
694
125
694
299
220
905
19
844
261
826
552
390
445
518
528
689
847
23
472
193
404
489
412
607
198
629
535
480
367
844
358
417
475
775
630
755
453
776
994
606
279
859
622
197
206
303
823
103
384
888
355
377
850
897
30
492
220
846
110
754
130
929
813
883
351
391
861
414
820
344
562
321
705
230
202
268
721
585
594
304
46
472
540
397
889
147
653
402
41
948
363
271
725
8
958
871
200
628
675
4
390
31
413
266
247
572
385
584
905
17
478
746
298
267
9
882
737
264
665
710
702
443
71
994
861
585
364
884
315
450
5
491
10
769
600
445
389
53
616
902
64
756
313
50
775
741
704
659
451
470
607
859
978
191
741
758
406
949
654
8
435
449
959
95
902
157
484
563
645
468
475
997
639
991
318
817
79
340
497
945
555
941
286
66
41
215
742
56
929
913
515
56
785
112
262
241
258
143
231
205
342
941
531
569
381
237
850
726
973
379
127
498
122
430
962
378
117
634
999
879
427
208
556
575
655
605
219
150
142
589
340
227
680
448
738
913
939
249
412
599
437
838
387
71
233
761
346
156
255
490
444
231
521
177
230
281
191
299
927
307
830
466
572
594
175
457
556
545
357
571
829
859
640
570
455
101
203
450
42
656
766
323
956
274
556
15
96
277
164
482
71
750
914
471
262
854
27
117
672
2
222
358
492
274
538
459
627
846
945
752
706
938
372
950
514
80
994
372
641
399
783
327
470
810
171
445
819
58
685
337
407
391
259
935
609
512
170
681
570
685
884
233
462
853
117
890
423
291
733
974
620
262
997
233
469
425
813
820
743
932
42
4
865
159
429
513
262
559
137
722
556
499
950
87
926
152
15
147
32
411
826
960
339
351
296
301
922
636
265
906
57
677
124
472
195
962
753
522
654
118
383
594
761
175
4
690
640
269
428
690
984
129
603
764
890
909
119
798
806
506
675
701
459
96
711
163
234
917
469
229
683
666
328
783
559
141
362
641
48
538
994
927
118
384
764
160
51
80
725
143
387
211
742
397
6
687
986
418
245
212
264
607
339
450
20
269
654
832
571
93
879
321
369
667
238
311
690
185
936
449
555
636
287
494
404
235
711
630
993
985
501
895
711
18
435
481
447
448
106
415
480
648
596
840
402
777
382
938
775
586
65
395
690
287
959
146
314
316
369
619
850
253
521
353
112
92
655
287
123
96
981
293
960
686
768
423
988
249
632
952
604
222
212
480
620
775
131
554
986
197
769
448
326
894
561
626
744
450
821
673
900
859
466
90
712
215
956
848
987
265
372
593
252
430
662
288
651
403
157
849
100
187
694
106
529
215
729
696
114
789
831
972
978
616
290
453
472
601
751
179
665
35
997
795
227
885
145
550
573
779
762
378
555
530
242
163
704
821
111
754
393
712
25
328
86
275
284
330
548
843
122
600
374
310
898
24
645
791
968
922
689
646
431
694
304
691
337
436
429
873
587
211
762
623
962
737
335
572
187
558
73
51
202
384
768
980
960
77
650
72
670
384
688
693
786
375
429
914
864
824
759
626
830
866
115
803
932
95
652
119
352
204
863
747
871
564
848
7
392
181
532
979
957
634
425
984
42
777
276
6
34
941
191
463
772
139
58
515
850
46
847
918
391
74
214
171
109
69
503
476
505
198
86
266
713
945
673
610
827
899
617
696
276
530
862
20
941
369
209
993
987
862
877
795
983
719
249
868
482
652
43
267
916
977
3
794
164
335
292
875
846
965
930
380
696
278
348
45
871
274
908
740
166
658
953
664
339
834
43
355
549
152
365
377
362
260
717
635
874
990
997
438
371
517
729
556
917
210
679
770
340
822
472
738
77
534
459
888
928
543
430
887
341
320
959
110
522
464
677
790
378
184
278
940
70
729
548
611
679
101
37
658
747
776
581
298
414
35
907
76
142
29
143
722
932
364
52
663
807
479
836
956
300
498
721
220
996
737
590
798
293
695
363
824
744
468
648
230
438
139
229
90
150
629
542
467
331
660
882
280
920
413
234
872
398
906
343
197
649
292
915
830
505
524
217
720
64
554
59
156
11
387
595
458
204
653
863
671
856
211
376
65
483
470
763
639
139
792
690
143
93
959
376
363
660
772
212
64
899
482
181
192
183
888
157
978
795
526
737
153
274
16
719
539
399
367
388
998
24
424
60
185
849
851
613
769
312
563
127
373
51
102
462
699
573
395
877
518
590
362
255
633
407
510
782
856
907
734
655
541
65
675
814
988
505
648
743
318
901
16
527
321
451
299
885
768
455
191
968
155
783
561
203
673
121
390
742
229
617
16
237
344
253
786
37
539
419
598
125
0
278
941
199
47
956
501
910
519
798
397
268
809
442
45
177
688
294
104
656
783
245
418
736
386
380
675
594
184
525
319
860
510
365
563
239
716
138
100
701
703
972
750
61
973
355
590
985
11
746
4
191
638
655
750
375
761
505
269
300
696
244
938
993
738
992
789
782
93
962
769
651
863
507
575
170
426
475
840
182
899
306
270
913
251
961
706
522
944
7
413
286
838
437
998
32
217
293
171
109
344
137
886
436
876
637
703
843
287
949
974
771
184
347
257
668
83
698
668
784
191
352
504
650
790
602
328
937
645
911
975
961
526
657
639
29
65
541
545
487
135
934
757
642
959
320
246
835
337
373
619
444
375
475
389
171
686
546
14
924
609
823
754
573
795
13
120
796
615
550
357
722
983
519
119
246
204
654
644
205
471
807
192
51
464
459
920
114
26
102
445
572
592
911
381
261
19
583
631
781
890
365
127
987
735
118
372
609
24
577
441
708
280
636
583
630
705
562
926
956
583
680
18
444
370
205
766
515
227
735
167
339
754
137
597
560
267
439
29
826
289
583
611
229
790
241
922
471
637
696
865
894
673
257
611
628
692
690
698
326
379
19
431
812
881
194
482
265
602
614
831
678
114
12
944
916
140
626
500
583
364
502
255
110
598
931
243
472
136
342
116
622
736
47
560
762
258
539
147
5
893
703
292
994
305
168
134
755
734
196
988
712
694
939
932
440
226
617
977
221
464
85
413
120
675
255
460
467
931
345
860
174
791
303
426
115
425
806
110
687
246
638
248
582
74
255
289
250
513
145
913
88
779
205
320
603
267
356
93
531
927
810
920
683
874
95
120
945
101
439
970
658
29
572
960
329
573
779
951
728
72
609
847
150
359
640
221
312
126
862
381
990
900
17
31
843
440
172
871
907
336
468
298
661
554
395
324
244
412
91
2
3
857
793
566
598
190
871
706
381
51
972
308
292
243
375
485
933
99
619
233
188
51
743
577
308
68
7
314
941
739
544
898
444
297
865
222
674
53
567
115
357
811
15
913
340
825
248
831
418
91
597
270
631
352
439
571
145
738
103
426
882
489
461
938
424
555
925
141
640
449
906
999
841
907
6
800
889
547
930
959
656
723
471
627
730
327
113
628
543
343
399
859
7
634
255
905
355
358
28
974
928
298
370
576
924
79
685
942
30
851
991
305
405
381
254
14
796
656
144
60
551
609
606
487
594
509
694
825
74
194
439
314
45
368
959
572
227
635
410
693
71
763
734
678
154
789
283
100
278
272
922
272
358
338
573
765
656
625
117
912
314
110
254
415
680
380
25
777
703
197
299
396
918
228
798
692
563
772
409
948
485
72
878
240
861
853
341
988
62
569
93
148
819
382
883
343
524
720
511
553
883
170
124
76
97
727
974
256
841
163
220
465
448
558
358
392
379
829
87
59
975
208
954
59
86
571
210
269
991
570
62
956
941
849
272
795
99
203
433
633
197
325
884
244
224
505
40
100
711
898
933
75
285
699
388
490
641
704
492
518
904
324
480
732
618
263
148
69
336
964
601
355
536
283
683
19
612
13
215
449
185
136
313
735
321
293
655
232
556
958
319
377
167
715
243
216
262
7
117
86
989
368
134
840
381
126
43
821
152
225
787
953
103
60
214
541
587
131
76
169
898
604
757
553
80
655
689
654
263
912
177
389
907
797
237
155
818
561
720
750
578
391
942
258
426
297
512
115
507
379
67
865
772
780
963
467
791
862
206
293
829
3
301
638
224
375
606
450
176
674
342
162
999
687
664
405
199
188
984
181
408
701
856
514
708
735
928
850
968
203
624
39
837
209
191
507
364
609
33
543
310
72
222
22
222
182
100
139
208
377
233
121
450
285
103
267
933
67
298
562
721
10
188
755
261
107
955
977
97
419
731
43
874
879
405
950
930
69
832
560
169
187
540
736
269
911
429
548
219
820
602
72
875
916
607
347
539
766
308
698
248
415
149
901
911
461
959
206
148
490
174
472
493
716
506
399
195
520
967
876
419
763
508
772
427
421
447
28
228
253
782
552
153
996
19
144
530
357
789
148
724
909
557
350
30
588
149
71
872
8
182
265
477
985
963
597
547
835
88
868
269
1
193
517
550
734
107
783
746
271
502
935
86
942
126
216
355
845
896
496
845
270
463
394
720
65
711
90
40
973
418
676
275
245
376
597
852
240
979
145
193
938
849
618
222
854
202
681
958
415
737
650
332
427
977
483
210
697
89
50
905
343
711
456
665
942
454
510
865
785
518
510
146
657
206
363
275
693
502
862
35
815
685
281
777
606
375
33
202
787
272
627
83
630
406
913
986
424
369
671
199
169
73
300
466
91
34
284
228
31
685
687
447
606
154
494
325
26
208
196
198
465
877
225
793
316
314
453
728
42
300
101
317
140
48
629
215
58
303
207
341
942
461
334
729
440
931
624
616
22
542
287
864
948
971
554
320
251
952
390
431
905
501
342
476
724
21
22
942
492
53
841
919
479
925
393
653
229
23
710
343
282
743
287
460
597
779
599
311
499
997
563
591
922
479
448
87
968
206
145
745
258
288
498
156
582
644
226
764
915
632
22
902
979
165
115
683
350
745
33
445
223
777
782
941
36
965
441
147
903
39
476
988
698
606
196
363
823
516
712
949
315
597
486
655
700
811
114
114
892
550
508
547
748
287
829
542
794
131
120
71
486
170
275
748
553
291
334
888
56
693
124
411
31
39
850
476
682
521
770
535
950
54
105
789
103
938
147
747
251
368
877
373
308
920
978
930
577
120
556
685
767
955
173
785
108
885
246
199
217
80
451
583
738
366
820
471
385
702
28
208
801
163
213
536
87
614
252
255
474
97
758
157
970
718
197
250
311
404
650
362
392
135
849
428
711
917
834
716
17
771
353
831
421
415
882
561
308
438
551
211
364
87
451
553
339
841
99
594
348
232
890
966
228
433
651
838
105
256
170
419
600
969
818
840
968
733
934
720
530
621
34
548
13
127
767
450
395
421
980
307
371
531
998
978
528
966
819
62
103
929
647
163
136
829
165
49
209
500
771
599
337
498
966
954
343
947
161
468
670
821
152
505
246
337
147
808
205
617
598
700
857
957
312
350
172
765
620
228
185
778
455
37
666
122
299
693
885
650
991
710
9
524
55
388
312
619
707
99
751
188
256
72
179
746
519
399
672
259
589
230
40
670
50
821
649
240
987
400
353
642
290
253
186
621
311
423
524
855
405
982
58
121
377
609
744
795
129
893
155
872
489
664
813
356
937
247
509
550
301
879
979
128
4
161
522
118
751
397
537
265
186
578
554
643
850
888
437
767
80
259
605
788
302
321
552
528
74
417
347
581
27
482
354
656
5
948
457
468
686
488
144
228
459
873
504
659
280
703
520
873
11
306
987
413
253
42
712
699
860
74
435
974
1
396
362
219
269
755
208
929
93
984
762
942
815
89
98
340
641
578
751
652
830
803
405
833
27
298
211
640
521
273
347
323
301
289
368
749
882
787
459
260
76
29
593
229
950
410
724
730
379
568
247
196
962
750
191
63
912
673
348
559
745
388
832
134
844
455
668
529
996
211
918
424
232
114
171
355
997
482
858
87
411
657
852
653
815
878
225
596
853
93
82
971
846
521
982
593
270
766
91
227
783
610
401
545
529
888
970
230
879
206
323
432
96
803
866
738
674
981
114
215
599
234
41
709
639
128
531
189
213
761
964
93
145
433
316
580
297
787
759
627
656
262
432
852
844
670
338
156
689
701
617
755
844
928
859
908
812
407
370
561
430
531
167
673
642
31
751
297
984
