673
446
128
0
1
1
384
269
491
852
806
391
982
727
389
59
22
209
461
947
343
71
912
660
767
215
320
250
966
5
894
659
594
922
517
313
752
328
628
963
481
578
804
252
342
399
265
22
726
14
790
926
140
10
11
0
577
711
230
658
148
622
748
814
267
785
155
540
728
453
4
14
697
5
380
495
722
797
679
33
801
10
700
700
213
945
880
655
710
594
661
997
640
142
65
315
271
567
493
901
300
661
84
950
22
200
150
879
896
190
34
707
865
197
874
632
666
843
353
864
509
90
883
36
111
623
701
919
105
188
567
285
608
552
450
293
201
933
217
110
510
456
723
283
752
417
163
353
482
849
637
194
585
197
319
208
328
712
40
450
163
329
262
328
834
753
560
91
676
702
146
922
93
71
487
153
312
486
692
322
868
223
713
870
237
6
610
2
443
376
347
413
179
475
64
1
731
49
304
844
441
99
323
199
533
699
592
886
966
375
802
44
182
211
86
717
450
299
794
727
773
532
890
870
686
896
29
128
797
522
579
899
249
215
147
268
56
7
370
138
797
696
441
320
676
896
596
80
45
343
605
156
913
135
373
20
515
9
465
572
234
319
647
782
290
790
110
798
267
313
231
689
36
645
747
951
402
86
942
42
400
3
570
914
578
4
489
14
284
35
492
890
338
601
48
952
848
246
220
786
0
448
550
9
860
172
320
754
992
34
560
551
606
60
19
407
630
619
771
490
614
132
243
615
609
567
71
40
714
419
639
952
272
321
920
180
593
533
93
229
517
645
836
308
214
779
3
821
16
525
855
372
45
814
701
550
631
673
881
747
173
93
491
3
512
204
889
535
404
532
41
432
208
540
434
83
459
672
51
319
833
577
886
20
217
271
664
84
982
751
810
998
733
309
491
257
117
6
676
68
960
951
33
999
789
234
908
726
135
37
878
151
20
481
2
437
690
295
329
8
3
815
667
692
318
616
96
106
998
53
138
841
700
201
3
48
107
1
684
166
824
745
0
436
300
683
124
803
317
207
928
521
946
946
413
653
674
934
3
932
11
170
580
687
107
183
895
487
399
206
380
126
302
758
113
434
318
589
964
153
175
104
543
517
686
597
84
285
288
653
321
114
124
16
239
129
783
412
23
588
776
651
544
93
847
797
760
175
38
661
35
876
101
515
833
158
530
127
346
404
976
511
835
170
809
790
379
945
275
7
242
589
512
375
196
766
185
459
622
902
895
598
149
671
254
963
608
665
452
680
650
90
296
11
4
810
131
463
45
241
918
83
427
310
161
258
379
917
645
268
304
328
529
274
579
213
135
335
798
164
275
248
51
372
63
719
127
270
732
573
164
65
993
263
346
204
499
60
491
417
884
64
51
121
821
190
902
593
63
893
870
340
45
4
833
126
637
984
183
804
605
39
529
179
591
344
890
357
586
288
203
573
670
457
163
146
520
112
211
439
973
110
820
793
750
948
507
880
844
186
6
168
652
151
620
547
861
621
498
905
168
941
221
667
2
814
759
751
952
708
75
190
270
337
380
14
202
98
732
33
828
625
806
559
341
683
780
110
768
525
411
778
167
937
189
222
594
157
38
989
688
752
387
155
658
641
898
245
970
45
58
235
900
981
487
666
130
404
4
956
112
755
295
993
20
196
273
103
281
586
895
398
136
850
57
243
939
952
553
916
270
838
626
578
607
88
575
202
0
696
251
508
661
875
213
499
899
389
919
410
190
602
7
121
327
343
457
897
926
704
958
547
961
472
671
801
360
975
975
418
730
339
5
279
18
684
463
483
521
17
438
498
576
821
427
45
655
150
49
65
106
379
698
622
324
734
701
440
40
907
1
272
317
422
257
628
69
50
634
271
70
247
153
913
568
42
818
413
980
627
765
120
807
59
840
294
170
922
126
887
72
33
465
21
891
711
403
567
249
893
349
268
783
98
286
27
51
740
476
416
894
399
268
160
780
282
824
177
979
446
486
398
570
4
586
484
181
620
619
946
539
35
532
221
70
421
181
32
518
979
51
13
433
42
437
851
204
645
855
910
885
650
5
601
687
22
389
421
284
551
42
265
23
743
231
85
539
31
368
572
243
685
212
123
53
178
703
0
966
576
576
702
464
669
680
11
37
22
234
606
302
870
426
12
957
306
632
958
857
812
567
351
329
130
462
90
96
786
729
240
373
565
590
32
385
117
442
718
844
810
196
444
466
25
727
110
966
986
490
556
591
35
16
157
140
85
212
506
647
475
947
993
246
957
710
252
790
180
708
481
276
550
61
778
269
520
720
869
125
428
560
845
758
635
500
914
724
559
961
22
1
754
313
790
945
645
656
687
770
590
846
33
909
1
917
921
553
457
531
541
403
573
345
266
996
208
912
153
427
966
305
386
565
596
583
946
839
516
918
14
653
379
221
921
286
22
774
955
123
328
676
821
751
5
902
739
857
866
312
294
920
307
406
25
958
694
114
450
424
410
220
203
10
247
332
289
915
621
942
364
420
95
25
410
998
232
701
739
719
728
9
753
85
537
161
326
926
507
747
770
122
614
261
133
833
307
615
224
818
576
619
866
128
358
691
615
424
366
569
880
151
210
284
658
709
738
377
122
575
515
368
634
106
276
395
84
67
75
22
373
543
925
371
339
133
480
267
874
30
92
340
431
787
755
144
837
785
782
195
926
418
720
297
199
821
158
570
241
599
748
544
264
433
279
112
63
866
751
262
314
147
901
594
578
57
976
139
127
874
677
937
655
861
492
589
338
434
370
983
276
760
843
2
457
5
984
334
916
282
161
809
670
942
33
960
662
976
585
603
762
467
195
553
262
232
129
902
3
963
256
823
592
109
687
356
199
24
494
336
950
468
697
539
434
582
999
878
825
163
349
738
556
495
231
491
172
312
463
170
759
844
1
948
233
46
692
266
175
760
824
495
638
896
929
529
349
191
3
260
251
136
808
765
619
368
409
378
169
173
413
349
966
246
639
601
93
747
82
669
14
537
293
303
884
66
166
55
256
836
838
170
118
458
942
333
348
689
625
742
280
323
70
382
703
193
93
348
143
204
748
777
515
19
617
79
94
316
906
20
31
451
707
998
120
327
5
89
21
681
223
994
952
997
478
442
100
872
138
846
790
94
149
743
79
855
157
463
4
900
475
516
882
640
974
659
251
817
161
8
202
335
513
621
542
394
911
145
801
743
907
751
165
501
117
134
241
724
2
635
82
165
614
10
78
742
181
524
960
440
235
341
210
312
554
113
289
444
361
819
143
86
823
15
910
111
86
325
599
511
100
692
608
883
91
598
946
745
117
757
783
542
165
903
3
455
205
659
356
472
966
345
106
331
26
989
646
866
740
335
999
774
317
856
242
419
74
686
786
157
326
73
708
770
125
970
366
284
164
353
449
954
838
603
121
300
913
53
622
18
89
636
427
231
814
950
270
286
999
355
5
155
625
305
64
819
485
896
366
150
469
740
906
644
19
736
300
755
27
255
652
884
863
910
128
264
304
120
468
57
367
179
250
473
169
880
855
187
357
398
43
972
727
25
333
640
256
323
855
581
525
654
730
921
324
371
894
417
76
5
3
999
46
340
128
168
541
404
22
56
607
271
280
472
540
13
518
698
162
389
632
947
14
388
101
339
7
721
993
252
532
975
972
905
438
66
584
356
862
482
46
970
646
415
403
6
489
162
14
903
748
431
521
728
723
244
810
749
96
138
780
956
557
286
736
172
242
321
424
300
876
722
20
537
879
6
275
122
210
4
365
784
380
961
58
18
952
146
190
826
585
461
655
351
426
93
74
303
278
112
874
657
315
353
190
438
561
380
549
85
320
40
29
934
363
438
103
798
226
5
916
3
38
732
32
828
503
105
585
655
99
98
509
594
835
226
944
678
976
255
655
312
887
64
84
866
957
58
648
14
635
81
465
198
65
310
58
510
994
878
995
176
12
526
535
365
37
319
752
842
596
115
454
797
272
38
393
538
957
126
47
103
360
357
252
390
528
701
999
437
297
622
686
407
572
312
524
648
318
521
3
813
48
304
221
933
545
770
726
197
173
925
984
433
105
19
9
74
249
805
712
0
225
830
310
659
181
922
37
614
113
222
522
751
628
320
530
274
315
528
363
162
973
916
145
180
633
957
198
536
699
87
624
732
76
33
303
47
505
867
293
368
304
210
304
259
313
147
776
60
226
156
480
590
693
454
825
6
667
998
462
240
924
579
426
665
892
313
377
613
509
747
855
3
553
262
497
827
757
304
9
412
182
337
827
539
594
628
516
377
68
659
302
75
944
337
315
187
3
319
917
88
467
995
288
687
405
225
19
897
462
319
276
988
731
115
594
960
753
956
127
879
676
299
565
245
239
686
80
641
13
933
267
651
231
349
69
360
738
200
99
464
360
261
905
26
612
259
17
754
992
444
64
994
715
806
496
702
231
913
148
374
665
152
25
234
711
417
315
707
434
539
364
746
316
444
243
320
217
321
943
499
177
55
534
582
903
877
795
175
772
66
203
915
225
595
794
178
107
173
73
177
192
541
827
971
941
719
397
130
380
283
893
271
382
782
399
78
318
843
469
259
108
696
946
996
614
421
145
630
786
555
331
612
137
944
838
795
944
475
40
372
4
569
230
45
442
369
646
251
777
617
781
963
970
656
9
324
239
99
110
73
541
532
936
931
605
829
941
159
303
994
679
822
113
7
477
681
11
0
358
7
270
285
583
100
476
555
723
365
34
436
972
924
874
705
745
337
439
624
326
989
630
19
228
1
343
409
792
243
279
216
127
442
653
865
382
780
436
774
422
337
48
389
969
250
862
705
863
220
292
826
526
334
585
653
417
875
423
707
463
332
145
122
63
19
26
417
386
508
631
448
295
419
366
871
207
896
542
34
11
395
798
328
986
151
571
764
836
481
483
345
835
572
3
576
563
862
19
211
573
169
449
19
713
744
105
244
822
924
212
478
46
57
893
790
164
90
419
128
791
892
13
551
892
609
464
8
484
22
553
549
874
435
853
67
460
391
226
571
807
190
214
954
139
455
504
208
403
416
907
761
779
50
687
261
681
330
831
855
522
504
921
840
740
341
586
962
250
468
925
176
621
1
979
965
508
233
748
562
840
595
459
144
95
110
141
16
232
501
877
166
412
141
472
459
880
166
715
5
2
566
299
459
423
182
915
683
74
245
70
33
361
488
535
889
244
247
31
877
327
756
215
131
240
243
169
943
185
328
751
578
773
988
855
51
5
747
669
519
617
988
91
37
852
374
249
667
796
58
11
759
975
548
530
307
835
905
980
238
173
200
73
693
263
10
63
787
619
208
296
163
46
438
296
250
975
918
411
193
162
682
786
142
498
885
6
270
124
561
23
477
9
509
258
6
732
217
229
156
104
242
996
403
460
760
570
683
507
208
0
501
238
55
833
867
737
595
205
169
864
758
990
539
40
907
192
856
109
249
362
352
652
580
486
3
231
14
359
681
534
935
482
747
580
933
451
224
626
695
872
379
104
743
557
69
395
675
562
484
77
918
29
468
282
309
983
517
424
203
707
61
797
349
118
598
381
192
929
539
508
879
45
15
778
382
18
525
406
991
325
140
388
144
251
469
335
935
198
100
223
927
102
201
450
879
542
471
975
891
0
0
419
256
486
30
161
361
52
559
815
365
937
962
848
937
417
236
4
994
149
568
776
439
245
362
360
610
850
516
871
158
771
546
437
79
888
567
879
18
854
200
807
469
57
242
110
550
881
943
234
450
323
501
317
701
574
8
165
97
775
294
876
837
45
810
547
881
59
940
364
170
541
572
131
795
206
955
262
216
863
560
71
328
445
212
459
832
69
243
825
221
171
737
380
961
332
912
115
681
746
213
38
391
820
167
195
671
245
4
200
120
537
25
449
700
586
767
221
28
831
995
376
95
200
204
809
327
956
100
92
13
128
924
5
648
716
215
536
378
378
117
148
335
303
737
167
609
240
49
359
627
894
410
97
382
64
862
634
295
656
759
30
520
958
706
942
292
525
67
823
257
345
843
201
926
948
466
608
632
548
318
9
86
884
830
666
56
159
133
647
342
132
237
440
721
324
650
45
26
65
308
981
823
495
674
269
699
377
152
29
73
270
130
864
292
389
775
945
220
564
16
242
837
588
74
918
257
204
396
748
45
182
225
194
513
277
741
354
353
689
724
663
666
146
185
495
19
55
165
985
104
104
746
378
150
2
469
873
1
819
27
679
324
423
583
401
357
867
274
551
355
337
636
383
514
284
273
589
173
417
736
110
553
632
992
704
607
62
449
348
607
662
750
757
152
797
558
400
734
493
268
455
627
689
442
564
223
19
878
519
183
139
993
171
502
36
225
240
890
409
65
620
995
27
930
0
927
637
851
478
996
211
531
91
120
629
545
758
200
330
131
715
488
482
120
919
636
129
657
250
861
193
128
883
432
721
785
860
741
64
183
63
674
770
693
108
779
758
4
879
678
685
758
360
608
570
57
70
70
833
759
113
408
70
75
127
630
235
74
169
954
61
584
847
813
33
103
305
2
813
514
621
558
456
966
804
798
449
314
567
133
186
872
199
411
820
103
241
526
601
338
546
12
971
42
371
511
515
486
324
828
702
474
138
772
64
2
342
762
536
548
165
805
814
584
378
106
88
259
442
833
583
671
884
760
443
164
570
670
78
937
480
578
217
308
875
110
649
473
326
596
918
589
222
618
791
32
78
460
138
747
4
570
636
227
509
157
107
320
869
254
3
518
127
596
182
96
915
419
254
857
908
739
867
470
213
380
440
243
694
19
255
516
978
302
711
860
633
231
961
353
614
174
340
22
61
452
846
107
523
899
832
640
227
594
648
15
831
765
542
450
324
870
194
319
187
465
498
325
363
482
316
632
678
3
629
504
836
161
449
889
610
224
123
970
576
783
836
286
638
31
26
7
992
251
37
538
143
882
387
193
356
283
903
731
11
597
796
882
93
193
118
150
197
818
149
671
413
289
326
73
133
844
526
284
493
782
801
132
644
328
535
49
276
93
33
365
347
611
219
111
869
381
365
65
897
154
543
766
322
511
420
551
302
131
658
24
46
771
902
721
27
76
632
127
36
45
912
600
418
196
860
651
923
829
22
145
886
477
469
673
791
806
119
723
51
746
858
368
400
575
386
63
934
662
326
8
43
207
934
171
43
2
358
332
297
311
572
393
549
589
289
426
610
211
967
940
232
476
75
708
685
760
950
397
388
659
970
876
562
106
178
368
915
832
308
423
100
458
856
437
57
797
668
742
630
208
121
855
599
629
772
523
187
115
786
571
420
865
881
130
3
514
200
596
251
436
401
99
3
560
163
367
568
134
992
154
91
84
521
163
982
72
102
943
708
435
556
816
388
788
769
161
500
887
300
998
104
913
649
753
553
769
21
4
567
720
207
520
500
71
530
282
451
931
720
783
758
199
949
356
217
605
173
441
103
719
179
650
827
800
7
32
188
25
779
147
974
502
867
874
64
580
74
48
452
484
240
839
496
254
20
916
190
140
772
887
803
167
498
923
448
417
404
640
934
415
385
261
21
102
433
991
400
123
395
80
115
209
590
835
228
315
547
439
793
367
222
625
371
344
197
954
916
442
916
463
668
14
572
238
397
317
500
491
590
132
742
447
775
532
684
473
211
208
74
35
757
904
13
472
69
759
568
189
819
22
647
974
607
30
968
1
312
280
320
91
239
210
892
826
553
460
871
4
265
127
256
949
826
194
67
534
913
491
829
509
47
222
890
0
120
192
602
714
885
113
55
276
22
321
456
679
259
925
783
435
968
615
206
73
881
223
99
664
110
801
690
615
192
625
120
359
0
815
624
689
3
497
70
768
640
354
678
952
412
882
0
57
528
497
678
243
231
290
2
289
15
675
835
907
518
913
786
451
325
82
404
257
83
37
3
760
990
224
601
426
651
193
442
138
629
549
795
109
56
61
229
2
773
619
545
342
177
74
735
821
998
39
775
39
888
492
60
862
82
2
807
456
946
266
19
985
568
814
222
374
587
293
2
183
227
977
222
595
606
913
536
554
391
490
649
785
419
855
891
783
746
516
343
771
74
702
987
333
789
178
710
352
46
607
289
555
225
176
308
919
854
591
956
922
705
948
960
663
817
238
341
119
235
271
509
933
2
258
659
486
186
778
487
169
134
468
133
993
433
738
758
899
143
712
941
65
403
762
61
654
55
9
4
585
71
555
227
218
521
490
855
408
307
11
983
500
21
753
865
136
106
993
978
855
225
10
64
3
832
202
424
301
766
520
330
525
680
320
784
691
316
179
1
999
983
3
680
154
103
274
357
786
41
413
602
720
563
476
974
380
504
959
692
14
26
846
508
657
505
83
760
513
494
192
778
730
859
783
68
359
863
304
16
918
374
449
847
450
332
693
617
524
546
159
297
297
375
921
195
63
583
285
475
839
33
326
173
446
754
135
888
36
771
72
230
488
901
449
337
527
183
340
463
735
165
325
752
713
739
186
4
105
838
869
129
341
4
571
980
314
532
639
938
793
244
991
160
733
546
25
719
653
198
19
642
786
188
897
860
832
571
644
714
816
690
304
63
221
143
156
347
821
511
367
661
615
783
622
553
3
209
399
577
141
816
221
325
737
471
103
189
842
211
771
454
439
742
520
415
760
168
985
132
579
892
275
538
127
272
661
921
149
710
134
678
11
285
554
100
568
780
608
280
567
892
419
372
673
36
269
129
809
340
842
34
545
57
219
232
69
178
587
970
310
521
758
152
135
921
68
92
444
101
465
688
603
264
211
216
939
927
737
951
895
303
106
303
108
402
681
891
64
24
761
64
830
947
961
396
699
65
409
84
461
65
778
4
585
356
911
107
316
209
372
370
741
709
861
150
393
616
449
225
32
604
890
535
975
960
4
550
789
320
136
556
139
955
592
979
439
78
127
265
740
646
789
642
331
434
320
980
165
643
307
837
522
861
199
152
617
60
452
402
95
54
665
80
110
255
809
666
507
499
4
735
742
786
88
854
899
280
154
910
77
761
634
684
603
163
451
429
195
259
877
911
341
94
6
981
615
894
270
260
311
267
376
1
544
279
185
116
144
279
83
596
797
850
421
494
765
383
404
66
296
880
839
532
452
346
206
390
250
452
459
278
200
63
273
45
55
321
965
324
649
582
985
161
405
860
838
176
302
453
256
453
853
904
317
476
837
69
217
160
765
505
551
931
964
882
526
871
298
959
24
72
41
389
510
434
575
68
118
879
458
446
63
859
203
24
626
246
953
314
866
647
636
834
131
533
848
442
734
922
767
787
132
793
23
544
80
25
878
7
10
554
461
14
613
98
70
483
404
767
821
899
754
483
578
892
21
234
221
247
53
475
801
199
895
26
245
335
563
20
124
742
481
899
799
306
211
869
349
692
365
787
133
446
976
531
95
144
312
289
663
672
948
823
899
92
296
448
720
641
405
115
442
135
368
582
0
39
27
929
349
676
758
265
310
759
357
874
506
551
724
64
353
11
852
808
526
849
243
672
278
344
157
91
388
555
371
285
804
747
659
855
260
787
681
96
150
516
559
239
999
522
4
762
31
293
59
673
657
717
409
936
693
491
692
565
969
339
37
541
165
416
967
548
59
87
492
675
385
810
145
169
646
372
183
320
566
636
356
761
756
1
822
243
356
254
670
853
4
940
565
642
637
61
840
319
402
941
377
925
409
627
695
189
607
873
468
537
374
239
519
295
10
710
657
536
991
660
101
930
104
16
106
221
551
708
847
910
275
562
948
245
3
20
612
328
3
995
939
663
627
9
579
683
727
896
238
163
702
77
26
482
612
1
645
57
11
989
995
367
15
543
339
442
66
424
576
350
494
221
429
240
180
343
394
554
495
244
985
12
136
832
278
886
670
30
917
925
932
338
358
606
866
824
949
122
754
333
39
491
47
802
878
106
756
445
325
804
650
896
716
128
136
271
118
694
204
825
193
226
746
790
647
895
883
99
260
208
987
489
362
896
256
396
132
108
867
842
646
674
954
30
378
4
517
585
479
874
528
965
589
228
240
617
776
623
655
91
703
82
409
101
311
378
66
534
736
24
342
319
317
8
768
625
681
837
451
616
713
927
329
489
615
741
21
473
23
32
682
262
4
554
429
636
933
118
745
549
450
84
180
499
851
82
407
635
3
601
694
773
60
345
402
956
12
760
730
84
213
553
385
151
639
66
598
147
706
107
689
115
330
14
927
200
262
430
618
98
510
833
699
408
686
233
318
388
166
258
629
550
650
465
268
10
556
900
303
894
483
238
262
809
570
467
328
653
609
704
466
356
380
298
671
415
123
279
141
99
572
576
289
78
250
773
271
71
514
318
631
474
633
710
701
741
232
524
191
534
606
118
76
5
1
561
502
264
938
212
931
535
744
328
406
531
503
898
863
307
180
498
985
82
166
848
10
804
828
973
841
754
211
72
232
74
372
636
817
474
486
391
508
133
11
13
336
842
15
26
455
102
381
609
10
720
705
585
192
144
547
23
630
167
630
757
152
76
219
850
74
890
342
635
176
739
176
80
38
457
240
586
612
951
714
166
232
160
758
199
334
871
60
375
678
594
598
661
404
12
700
248
508
249
464
961
253
519
885
34
837
756
413
284
960
386
386
227
503
26
160
219
317
269
206
695
251
579
269
474
807
84
351
388
62
953
436
529
28
181
923
474
653
148
369
684
270
42
356
241
44
324
188
656
580
195
976
216
58
656
391
132
80
2
711
25
487
467
513
391
954
386
265
995
419
33
396
149
277
490
355
762
497
945
9
16
866
666
422
50
214
153
335
165
482
886
878
219
19
555
325
11
338
993
104
404
823
317
357
931
851
26
615
501
675
363
237
904
845
515
925
383
271
150
624
830
632
546
854
295
837
832
125
381
968
17
253
758
126
180
496
996
837
233
585
943
341
677
555
582
841
735
190
196
52
587
599
73
49
374
723
54
310
393
527
301
943
228
10
972
609
55
717
262
875
32
76
249
205
170
22
300
795
915
166
76
347
236
653
140
345
748
968
560
936
612
79
527
245
769
984
300
522
919
13
557
807
591
1
44
4
422
541
675
320
242
717
4
970
154
732
751
382
4
785
491
172
647
919
597
205
705
186
319
830
22
933
951
267
14
280
208
19
7
1
97
471
452
474
218
91
399
138
377
704
369
921
142
270
676
150
451
176
284
102
397
720
13
13
999
179
423
238
121
488
13
341
195
779
749
539
545
455
324
787
289
232
371
402
210
649
36
799
835
643
69
72
368
353
563
798
664
288
975
166
896
969
88
97
651
785
952
159
323
493
812
609
904
762
614
103
371
272
750
27
611
620
516
254
581
649
791
740
8
278
31
932
573
159
873
335
137
112
73
78
795
262
284
468
879
630
377
196
55
513
68
464
601
925
432
724
314
17
599
103
688
584
594
764
456
776
69
852
516
495
917
883
569
812
805
92
4
83
5
401
377
184
983
249
65
321
746
393
255
351
138
232
568
577
834
510
160
438
843
241
533
26
4
694
428
43
88
10
133
7
105
936
573
983
326
331
306
999
800
669
368
727
738
491
448
897
976
686
554
666
32
260
117
158
993
293
315
475
773
984
330
735
971
495
178
317
239
187
286
192
800
423
40
652
627
8
221
386
57
322
110
899
428
958
588
11
743
903
418
923
796
800
78
88
808
796
805
642
767
522
11
660
681
323
11
261
337
479
35
8
155
14
759
599
79
519
278
587
46
941
296
260
469
853
782
645
795
534
924
765
520
413
773
342
334
597
562
706
3
499
976
40
242
243
839
136
26
487
393
285
186
798
501
315
756
41
779
161
846
380
268
689
94
205
188
320
510
884
617
678
359
920
202
128
834
568
635
25
35
783
234
777
937
154
380
31
889
889
64
492
227
752
858
841
348
101
444
49
50
488
483
131
545
476
215
278
971
372
945
259
858
774
100
891
396
844
707
876
262
518
350
510
451
986
630
633
771
792
521
959
562
465
9
697
696
100
11
125
832
420
448
226
226
355
845
233
728
209
880
242
167
377
744
447
71
550
807
192
272
286
260
482
126
495
270
486
313
32
740
230
445
77
743
4
495
309
951
3
487
20
33
59
619
38
657
185
664
84
187
739
75
931
26
894
298
283
510
702
87
745
562
278
78
811
782
654
951
149
829
239
494
175
593
206
891
555
764
202
113
521
965
454
232
840
703
669
310
80
562
86
188
771
120
58
817
224
409
767
312
197
821
268
285
104
878
677
389
995
740
701
566
519
592
191
596
644
289
265
581
362
5
298
980
200
203
834
889
763
868
273
848
119
847
781
6
299
971
5
647
752
745
269
894
820
725
725
453
12
708
33
237
278
298
681
141
965
293
667
129
231
998
824
853
66
349
520
4
303
443
859
105
358
990
5
682
439
64
672
791
893
5
765
591
513
38
757
340
49
594
367
478
857
265
570
426
254
184
90
486
984
920
545
344
376
460
744
691
54
44
295
14
55
59
180
449
383
623
91
349
147
308
450
797
966
228
314
267
861
78
790
835
322
152
652
577
594
814
281
76
882
856
998
840
93
285
407
721
68
465
495
25
903
793
277
478
53
880
54
979
742
562
832
393
113
666
877
850
493
248
409
261
892
201
238
376
436
32
374
603
981
381
4
784
673
459
188
200
34
14
497
965
29
541
431
78
462
949
177
489
36
913
259
453
334
416
18
631
727
272
20
970
263
3
771
318
877
587
424
107
393
218
359
350
204
962
302
54
855
530
147
33
551
56
672
350
757
816
836
288
628
246
184
756
291
577
207
530
234
161
376
904
397
570
682
575
970
686
307
914
96
104
618
467
904
851
767
752
603
344
421
7
19
761
762
121
395
671
12
861
894
381
239
857
5
794
954
276
15
33
727
688
873
708
660
780
324
321
613
89
179
34
626
65
696
948
258
157
423
684
592
721
573
739
660
984
53
859
129
810
1
915
414
202
50
955
245
821
778
226
142
938
783
141
366
45
65
664
391
785
104
753
995
453
928
329
188
637
45
889
45
671
387
78
5
241
129
319
479
608
76
476
547
283
937
664
295
741
985
366
598
149
458
222
891
931
56
940
929
606
81
339
283
934
20
278
134
901
629
350
295
172
491
34
389
260
753
333
965
328
275
984
547
734
697
347
248
122
414
687
889
421
106
266
401
874
543
25
90
268
114
5
510
366
871
858
944
277
87
862
490
575
113
33
299
888
845
789
319
184
455
980
259
251
969
2
660
145
331
200
12
135
15
166
383
310
805
356
237
262
748
482
629
575
242
411
572
233
207
111
127
998
883
33
606
383
912
323
997
511
795
146
196
530
944
790
351
601
394
870
979
13
723
653
357
820
798
834
607
157
241
180
69
32
491
471
548
658
852
200
63
444
795
16
715
803
868
937
415
311
831
884
209
543
934
284
488
27
440
4
861
566
604
329
469
246
184
43
468
27
615
912
763
670
453
487
39
685
304
928
921
566
518
743
94
423
961
908
943
568
736
364
182
83
255
986
250
742
528
445
1
793
633
827
546
65
615
631
940
68
125
112
33
122
736
62
697
578
932
3
589
142
429
789
805
175
176
373
80
416
436
47
845
902
96
931
405
113
676
46
397
489
312
804
299
350
654
206
67
998
106
702
178
122
3
203
96
102
737
29
844
844
564
4
153
753
773
439
414
370
445
730
665
909
341
126
57
215
880
86
464
182
349
0
698
308
5
82
583
931
153
475
818
195
481
340
478
300
835
707
14
675
956
623
117
159
418
551
700
49
395
15
282
3
809
108
571
541
56
970
416
944
123
749
875
982
602
153
358
847
338
809
575
702
93
669
569
931
140
859
236
711
63
908
157
879
394
0
0
111
69
808
430
176
243
0
529
719
584
300
318
72
556
471
172
66
121
571
100
859
440
921
455
354
914
477
16
650
168
665
467
525
244
643
825
367
896
669
723
950
559
878
24
797
142
496
100
12
877
749
710
144
795
599
274
790
894
943
697
533
207
858
384
450
283
273
59
911
897
150
630
860
480
457
77
800
580
822
693
665
209
804
894
287
509
394
498
278
139
818
387
5
349
192
38
382
912
112
430
289
399
806
367
979
846
944
601
431
156
155
923
26
427
113
100
647
628
206
145
398
366
474
836
131
630
138
15
971
661
909
588
753
288
147
71
942
212
97
476
505
757
134
987
140
418
877
916
863
589
226
868
146
669
762
662
151
470
384
467
461
918
20
980
775
188
49
11
969
84
580
690
46
610
69
297
77
311
774
492
38
644
130
509
774
16
41
242
720
65
279
149
924
676
616
742
5
436
377
388
432
747
871
505
290
593
749
656
976
46
901
551
587
629
934
49
889
919
4
334
741
988
215
252
824
222
327
509
778
471
12
572
971
271
165
311
10
243
849
962
974
946
599
21
626
218
516
426
621
355
897
382
515
86
345
921
290
875
694
576
545
181
818
951
520
1
187
902
891
246
94
285
393
606
81
335
954
366
976
271
557
175
254
152
966
544
205
753
244
13
679
149
648
556
32
922
64
524
978
50
840
329
320
505
183
877
115
217
166
219
378
888
684
393
363
87
772
535
651
130
707
448
415
420
47
442
211
595
528
313
429
155
667
520
425
476
41
335
55
859
350
328
340
382
731
536
252
517
198
818
932
993
169
279
533
405
672
234
339
209
647
515
3
756
543
445
387
359
114
4
932
369
229
747
533
305
377
943
487
259
592
340
924
369
928
214
523
409
146
306
977
825
850
198
192
287
320
205
911
856
16
868
992
512
265
61
23
98
995
18
33
617
209
2
844
711
237
532
697
916
404
507
756
229
312
295
949
970
705
947
665
320
80
535
153
140
931
656
78
241
65
997
604
215
912
916
481
63
713
651
3
794
690
499
571
451
571
419
984
392
569
2
321
951
838
496
427
168
943
562
681
503
946
939
534
501
275
935
823
982
708
610
541
317
182
2
417
737
381
119
475
520
163
764
468
11
890
681
766
375
607
774
276
5
225
207
864
86
753
786
340
182
999
387
2
439
78
407
76
165
449
90
32
296
278
599
294
183
387
992
107
607
657
986
43
119
193
876
44
986
457
171
146
12
332
352
441
522
305
755
8
174
295
856
737
613
67
855
802
620
129
886
858
881
47
732
869
831
4
650
460
774
349
73
812
234
294
48
800
799
392
368
464
881
923
364
278
366
722
15
2
871
12
998
821
8
630
117
719
891
953
383
300
261
836
884
412
720
150
887
493
819
811
695
934
327
830
11
70
877
107
179
271
793
910
986
344
723
51
996
755
148
717
163
517
530
964
34
432
759
101
242
601
374
751
748
479
204
153
252
976
688
191
24
388
141
843
44
826
155
133
650
177
707
42
637
203
578
289
99
861
297
754
277
772
398
196
356
101
68
865
794
521
94
10
35
596
178
4
456
170
541
138
675
772
630
750
600
756
3
281
801
166
284
927
80
473
128
460
838
625
406
527
399
912
280
828
425
463
139
404
425
410
254
759
683
41
679
42
822
530
883
957
785
347
752
419
912
240
429
33
284
236
219
563
538
657
564
661
319
839
814
44
938
357
615
549
734
161
824
492
600
755
809
956
535
568
648
67
134
653
955
0
274
620
675
147
269
568
26
557
148
572
699
167
511
278
736
544
873
156
437
741
421
547
738
523
98
785
330
53
495
791
734
549
595
503
865
824
764
778
130
342
478
239
106
890
999
109
260
61
845
64
117
184
125
148
943
726
30
100
442
474
785
11
610
962
210
819
793
411
814
20
423
690
743
162
131
47
34
41
808
297
492
236
591
104
32
505
73
183
118
102
242
458
866
181
14
952
112
869
551
600
528
349
26
1
586
790
70
911
226
716
720
4
666
732
372
448
797
840
581
173
527
387
80
261
413
426
404
384
194
970
970
533
875
232
426
912
26
769
180
33
499
165
211
163
18
689
586
879
767
125
939
462
972
53
30
85
180
669
683
286
532
890
826
311
491
636
177
165
342
128
838
426
655
487
598
465
702
219
216
392
362
199
953
566
104
722
365
619
136
457
757
499
667
207
404
513
993
15
963
536
879
660
201
788
783
441
93
314
674
320
635
773
553
721
680
814
651
501
689
86
142
849
925
578
781
426
544
576
180
119
93
743
313
250
100
192
828
467
906
506
321
26
30
13
357
314
378
81
229
702
247
194
713
935
521
444
459
437
109
931
128
79
448
704
867
20
477
720
872
61
649
600
715
542
252
17
37
834
429
56
148
371
0
272
100
987
875
25
114
674
517
708
234
379
302
390
387
528
958
665
513
531
67
356
429
93
884
776
173
745
844
754
793
599
160
303
202
516
311
219
4
63
144
156
608
202
798
618
773
4
973
555
76
335
460
791
695
831
297
138
231
907
837
692
376
159
238
525
959
307
70
966
127
955
726
421
320
651
96
52
790
392
425
259
447
118
601
370
178
459
729
591
805
835
148
971
552
441
151
20
260
227
226
505
84
943
365
966
250
437
968
622
561
791
421
821
320
825
710
0
294
203
219
858
613
20
569
33
643
870
277
337
180
852
3
498
634
704
499
102
295
291
123
323
150
585
228
366
791
173
632
419
343
326
332
453
123
978
402
312
532
359
201
32
410
850
39
662
541
135
240
63
15
804
570
423
379
318
175
697
46
298
425
516
848
144
778
799
64
517
352
0
273
367
491
299
63
980
536
464
576
108
736
270
393
403
219
391
941
541
539
3
549
265
25
352
122
103
284
690
351
698
823
794
193
161
197
792
662
634
171
87
496
467
460
147
289
414
749
523
991
382
14
7
94
507
505
643
224
642
642
678
528
961
532
146
495
161
533
985
114
533
62
199
385
721
354
61
735
512
6
57
281
685
684
585
307
492
754
405
621
337
59
437
547
420
314
610
666
260
71
154
49
887
724
610
994
1
77
841
642
742
757
607
202
326
68
158
267
385
583
654
13
854
20
833
357
690
29
113
815
986
449
719
796
235
132
88
179
153
34
658
654
294
610
518
635
994
43
780
813
987
657
714
504
62
324
271
569
818
15
504
711
4
19
206
171
862
79
84
444
297
252
675
212
570
203
329
395
752
48
614
152
91
968
426
2
186
112
331
93
636
100
783
870
764
3
735
698
456
486
485
893
667
962
297
824
82
978
466
290
556
827
418
564
13
519
48
66
969
670
612
737
955
822
3
286
426
468
7
840
897
837
718
893
141
11
750
317
415
629
607
374
599
72
369
710
181
952
747
837
823
91
467
859
733
20
272
418
795
525
551
831
83
611
225
738
255
657
927
555
979
191
953
911
58
255
132
170
760
388
267
259
71
631
704
269
896
852
834
523
119
953
289
605
660
615
729
480
8
958
788
546
708
839
365
651
605
812
572
71
781
939
254
95
488
28
843
717
46
722
724
707
796
566
35
653
266
98
128
844
194
65
136
208
444
340
572
52
248
708
217
884
674
724
996
332
14
276
93
725
119
893
82
652
62
832
143
542
129
892
751
73
252
359
943
367
488
869
721
412
627
743
183
406
407
338
193
970
338
466
746
827
814
478
955
549
769
151
826
810
755
742
0
243
415
973
116
528
647
840
614
230
663
333
113
740
588
869
509
552
794
322
810
267
455
60
766
448
530
271
384
1
530
394
653
519
28
322
888
807
196
891
2
260
59
387
501
586
684
801
606
985
982
32
579
44
810
369
421
807
789
479
663
563
815
310
415
883
30
988
737
93
430
918
204
812
478
88
492
126
897
432
746
960
637
599
637
4
15
874
129
641
886
829
21
23
501
449
181
575
984
231
434
81
739
79
948
741
181
195
820
480
930
484
156
637
0
78
47
911
865
872
700
106
665
504
315
994
663
193
268
4
800
831
42
97
992
980
613
953
5
702
936
164
237
615
20
18
548
403
897
176
131
354
494
698
244
54
509
257
288
203
174
830
907
155
387
904
211
483
116
786
236
824
688
658
189
147
35
141
175
39
330
499
110
860
480
89
97
492
328
884
251
899
326
420
455
281
126
150
973
584
941
549
11
288
262
434
298
907
575
127
45
762
2
634
580
216
614
866
762
235
519
737
33
896
541
47
297
972
708
100
19
553
648
691
707
574
317
870
31
951
942
398
956
239
228
655
577
794
726
712
863
137
514
328
4
12
647
950
617
772
756
387
403
192
108
359
365
512
515
603
319
966
275
493
871
656
456
666
772
396
808
970
779
245
267
555
761
744
395
212
348
912
640
872
323
879
294
360
33
187
34
8
557
461
429
869
492
104
874
459
216
827
947
906
53
518
435
362
571
3
916
24
903
636
303
878
879
660
543
22
44
990
8
535
21
807
580
552
841
795
478
156
46
893
741
15
377
219
475
588
588
739
162
816
896
525
439
89
118
863
704
0
922
568
298
541
492
435
98
804
869
440
184
930
149
302
217
419
33
898
13
504
515
669
200
960
166
45
617
499
147
13
137
324
234
173
21
80
47
8
760
222
910
285
253
120
746
578
24
346
15
748
886
329
187
892
744
821
429
98
305
795
14
779
625
358
29
71
890
482
286
175
704
585
983
210
674
788
198
715
264
143
71
18
541
714
0
842
30
7
372
782
14
303
732
313
522
954
337
287
713
298
146
262
11
27
490
235
272
246
731
872
478
795
115
528
50
844
330
45
429
59
992
196
118
287
4
15
191
441
314
44
515
491
156
382
329
620
486
105
359
452
598
734
875
10
147
26
896
504
742
578
522
64
31
94
305
41
247
254
356
531
605
707
878
435
683
54
8
104
146
622
440
290
250
514
158
12
154
368
460
990
541
270
937
165
490
99
485
219
620
339
472
484
773
214
838
464
20
223
377
672
771
0
2
132
706
587
754
852
765
525
974
634
684
935
376
734
861
452
122
26
158
4
612
277
72
370
242
673
398
55
759
508
149
924
368
476
668
899
52
923
888
179
672
549
918
343
636
244
66
19
197
418
559
515
744
673
91
421
4
296
425
420
670
57
627
783
3
983
4
860
560
846
469
0
739
149
116
326
586
830
816
386
704
932
34
867
393
854
255
168
657
837
521
885
849
480
610
679
586
138
143
201
551
151
603
20
433
114
87
166
950
937
103
837
322
64
842
218
586
764
92
862
256
192
771
21
282
252
602
703
553
692
813
935
579
355
620
393
515
206
877
131
545
754
122
721
35
595
477
771
16
752
33
881
156
32
601
377
63
543
684
393
775
109
489
164
0
852
51
243
633
510
401
321
170
250
166
279
802
333
991
897
481
244
581
360
584
80
943
792
928
834
144
308
935
38
876
481
843
816
158
498
149
630
159
369
477
760
855
970
498
565
107
580
435
4
47
569
322
19
171
393
672
393
920
773
965
504
696
359
813
26
461
654
656
476
330
229
13
134
972
515
561
364
151
709
235
698
572
733
63
295
167
313
806
261
748
724
132
743
222
756
962
430
481
4
140
162
168
26
7
712
504
562
4
559
15
970
94
936
230
123
38
855
910
688
961
543
65
522
676
45
228
763
32
830
991
506
277
105
814
202
555
655
439
204
443
616
26
523
417
348
220
584
122
372
892
277
848
906
67
861
108
4
884
684
253
357
302
337
580
612
413
12
0
822
431
615
957
65
952
457
936
904
750
534
264
398
965
428
992
582
125
3
445
680
58
666
375
237
345
233
187
783
626
705
16
130
909
835
724
569
978
529
516
112
966
298
379
494
380
968
767
397
484
221
851
695
20
377
749
652
528
714
926
77
633
789
595
3
65
323
222
77
84
138
514
985
612
492
636
402
374
107
21
745
597
39
723
406
3
97
614
288
0
686
377
648
73
448
449
125
270
351
366
856
768
506
771
353
88
824
83
898
818
48
5
456
188
487
53
909
323
494
209
61
388
475
155
265
909
620
554
481
277
748
288
109
815
557
514
363
792
245
4
1
980
318
948
868
704
997
874
646
188
103
818
777
457
726
713
757
587
538
163
57
455
959
509
618
766
636
984
465
582
174
834
793
719
606
33
72
792
629
109
676
560
969
857
294
196
453
776
620
777
827
370
461
130
333
200
180
970
485
910
147
403
371
257
238
287
354
392
833
568
47
588
704
750
350
643
279
378
907
563
312
405
378
7
777
902
874
696
4
606
100
855
746
531
135
61
625
692
134
481
73
274
390
711
41
204
440
902
203
966
264
475
835
982
5
97
151
820
90
633
928
92
725
776
55
541
921
293
452
151
143
28
851
120
220
302
336
33
771
542
460
874
593
452
183
628
430
213
344
607
379
821
618
278
861
85
616
330
288
201
678
12
14
1
292
118
66
408
644
850
316
600
17
607
753
1
528
140
827
193
161
197
40
142
91
517
537
32
310
367
918
327
71
54
823
418
808
220
648
20
298
265
40
724
403
798
507
998
503
455
882
300
451
596
563
471
997
384
211
1
387
863
91
227
338
941
81
375
750
395
691
565
707
469
342
317
130
867
354
192
870
450
244
41
238
4
428
867
29
667
338
8
321
41
113
588
425
21
8
633
887
565
994
247
969
916
788
921
114
55
570
631
327
722
291
112
114
913
82
634
7
748
399
166
562
291
332
431
106
14
195
487
546
890
451
291
728
179
769
845
291
368
430
936
111
200
883
5
787
193
176
471
941
13
715
492
286
66
300
807
247
636
462
346
902
983
432
554
485
334
760
379
90
388
137
876
193
921
552
190
932
207
588
34
311
964
510
628
895
207
559
240
334
186
202
643
448
975
186
14
861
437
586
865
960
762
672
980
598
278
292
218
654
447
269
104
198
507
722
978
102
789
115
242
213
638
344
493
423
18
955
457
990
928
668
950
593
639
808
822
109
397
161
48
66
814
418
99
690
1
565
118
929
501
22
771
64
663
532
700
434
3
424
442
376
219
440
302
179
942
515
479
341
883
694
804
699
486
361
897
340
3
721
664
164
974
892
218
73
753
174
521
565
554
87
867
224
637
79
879
313
115
579
30
752
364
64
965
130
346
592
932
748
816
352
21
260
808
601
453
600
340
643
744
511
88
370
532
279
876
907
529
151
781
137
517
906
417
260
293
11
270
394
503
831
841
244
952
576
4
33
60
423
606
652
417
922
8
359
972
917
787
416
96
354
632
44
704
970
413
661
156
50
487
420
199
86
69
941
302
929
734
490
395
516
571
185
971
584
208
385
396
59
852
186
594
974
801
935
362
951
658
136
62
30
49
778
614
196
504
819
643
143
185
521
714
533
35
102
720
244
558
978
991
402
172
226
15
425
689
3
247
388
533
850
21
900
659
0
233
989
428
482
668
14
311
113
903
198
276
629
835
326
201
121
161
345
602
946
173
755
132
968
56
214
771
30
68
746
595
13
260
574
941
65
132
772
678
166
446
651
839
626
179
236
600
449
293
905
484
239
769
101
698
982
163
294
5
21
28
888
104
990
838
453
740
348
757
192
455
197
383
634
480
684
684
515
14
979
98
347
272
777
677
373
569
996
806
830
4
79
81
734
991
871
67
21
562
117
62
520
894
250
402
389
930
16
357
267
81
534
32
586
535
437
116
422
336
64
339
300
547
147
828
493
78
472
94
416
102
971
441
183
2
935
823
538
559
520
0
458
34
69
213
243
669
790
984
112
176
207
89
182
285
145
287
62
122
525
285
334
82
260
180
632
9
363
19
325
90
641
242
501
244
890
508
55
962
919
109
38
571
95
392
582
359
571
766
518
66
26
713
893
531
154
788
643
454
649
361
525
251
517
24
981
926
711
682
418
710
26
183
343
281
119
73
309
665
92
638
749
990
803
859
467
952
912
263
623
132
503
503
535
488
87
160
730
961
532
342
226
750
304
933
611
649
14
1
383
66
622
190
110
270
479
362
269
21
126
180
724
262
942
729
4
283
719
471
161
30
112
199
749
271
85
732
963
574
4
534
281
306
118
985
628
456
110
739
73
664
458
257
37
50
25
523
169
375
164
658
710
787
832
296
924
807
227
74
738
247
968
8
45
287
147
662
7
173
339
479
100
784
246
975
138
694
884
439
318
49
665
179
286
795
404
635
897
327
270
859
753
486
293
769
78
811
474
474
52
513
736
275
585
976
18
271
673
542
336
419
139
113
379
848
102
157
188
259
923
879
797
190
25
147
370
174
33
621
693
3
501
15
826
387
378
880
872
837
65
862
722
30
865
690
761
782
132
461
805
112
853
469
423
71
468
141
976
393
633
52
985
33
122
98
520
231
135
590
350
417
3
493
745
24
179
19
428
147
519
59
100
0
305
303
198
420
992
97
60
680
692
240
194
510
498
81
33
148
173
236
407
317
204
706
39
0
304
286
10
224
12
415
347
497
56
925
438
100
682
330
134
880
446
497
142
85
774
310
687
803
370
426
103
700
729
226
411
935
981
946
90
472
17
983
321
154
826
2
893
447
606
145
957
435
103
197
101
380
680
667
97
447
27
700
544
93
151
498
31
21
774
251
123
405
545
868
968
188
0
282
951
524
922
615
111
819
206
781
385
852
588
988
220
277
495
561
767
876
807
9
774
887
364
609
490
703
18
725
658
287
880
993
121
842
304
120
227
13
407
194
813
515
637
561
392
456
977
583
876
904
807
617
993
707
9
237
969
545
572
126
56
506
347
0
491
229
603
19
893
954
717
61
822
44
471
601
51
885
291
172
385
293
908
126
615
595
649
836
371
529
798
652
310
226
69
139
648
943
752
185
770
886
103
325
390
936
399
48
484
655
804
720
365
579
708
494
469
748
977
732
309
256
784
766
718
634
546
176
199
329
886
780
319
270
512
62
538
730
381
880
577
306
484
283
891
388
47
236
520
14
944
429
780
619
873
457
982
988
539
713
753
532
847
814
568
305
298
19
145
739
58
468
670
358
360
476
245
105
758
548
415
744
234
623
265
121
174
564
398
164
280
581
415
224
955
350
562
724
465
52
289
938
960
416
132
746
97
390
369
344
600
131
289
340
450
858
195
763
750
858
653
243
319
861
356
821
192
659
427
331
470
125
565
805
389
370
214
192
725
924
300
113
394
335
233
498
624
965
210
210
256
395
159
660
810
280
512
586
670
804
698
696
473
287
443
743
636
562
31
35
651
822
9
575
261
721
375
949
329
4
930
167
467
354
557
509
290
63
144
170
680
836
699
123
473
812
824
361
108
331
276
98
910
630
384
24
383
466
730
4
966
930
257
35
926
367
4
585
59
883
190
561
129
740
774
585
587
650
669
332
884
517
951
344
729
328
447
844
435
211
789
583
67
196
833
979
486
618
803
22
82
359
781
627
267
101
107
10
61
536
975
881
76
317
172
419
578
593
55
675
401
514
742
64
221
903
815
232
320
441
955
118
293
386
344
765
977
725
229
327
125
879
391
377
764
953
118
114
257
877
463
505
738
195
350
81
974
129
662
901
783
292
634
144
32
797
486
742
808
371
771
121
347
989
77
58
429
707
903
179
485
229
286
15
46
552
434
335
720
261
487
458
361
840
149
15
67
349
631
633
908
295
355
209
732
482
193
145
250
675
894
483
309
82
219
854
160
704
898
787
97
496
539
114
428
46
903
715
802
367
648
507
175
866
816
513
8
101
307
8
495
415
727
167
288
315
364
694
845
178
842
454
662
225
328
14
72
284
307
145
450
9
491
273
736
996
252
187
123
52
628
570
223
748
253
428
186
246
218
944
704
223
163
122
274
371
191
958
593
739
4
130
541
526
43
662
379
382
511
117
699
756
900
898
290
676
32
283
201
570
851
362
92
385
45
893
876
68
636
0
397
756
744
219
375
280
1
545
38
25
103
503
120
572
491
926
2
560
489
348
172
37
610
406
989
955
235
455
577
317
614
643
992
124
646
820
937
962
911
298
147
840
329
880
208
430
922
331
142
246
465
881
552
510
732
602
1
32
408
678
103
548
606
337
233
614
71
842
115
929
103
619
26
986
276
382
484
84
705
754
764
624
43
70
164
505
226
733
73
154
843
59
572
262
404
528
931
760
768
660
122
115
137
456
500
729
548
443
202
624
510
298
795
829
75
610
295
979
129
91
893
551
258
260
168
106
188
34
461
54
55
680
676
296
789
26
726
429
41
130
73
188
648
833
149
221
15
599
848
133
259
982
100
355
288
66
267
334
884
904
865
858
627
916
828
446
960
448
288
802
554
138
645
431
199
997
456
19
306
142
474
366
431
886
176
141
95
21
998
8
166
20
774
749
378
631
527
0
550
600
608
121
31
228
163
501
78
35
185
64
255
595
653
33
162
211
421
931
867
729
161
539
987
37
651
59
220
861
218
198
700
330
336
48
566
709
444
488
432
770
676
618
919
526
411
204
151
905
137
931
64
150
955
627
709
879
905
64
211
41
524
535
400
111
874
305
109
405
394
339
526
566
612
453
432
895
328
878
631
434
866
101
570
651
526
855
608
124
241
308
304
292
548
473
924
561
654
183
385
111
971
922
355
482
503
116
919
15
477
268
19
779
776
668
876
127
633
684
54
263
989
252
350
875
437
398
872
997
408
765
5
224
132
855
854
942
266
869
559
73
85
976
12
790
115
245
639
663
168
304
888
592
728
366
829
832
737
11
420
517
579
3
0
794
771
26
907
218
293
435
235
339
776
581
338
844
739
209
494
900
438
466
216
489
964
397
601
716
200
33
846
591
590
196
45
344
110
299
31
777
946
824
492
101
507
792
975
599
481
595
71
456
499
2
212
339
870
911
384
4
168
728
534
359
333
627
441
26
336
107
379
802
605
5
318
249
110
0
919
895
923
27
59
528
516
635
607
961
708
839
221
154
412
849
18
178
576
583
883
580
515
124
485
737
188
808
387
4
141
216
217
892
79
816
39
91
389
843
794
968
348
224
944
303
156
792
748
407
887
244
210
510
650
141
83
920
653
7
878
934
487
83
19
646
831
12
785
191
7
119
462
433
22
555
708
566
614
180
739
714
493
462
169
591
285
927
121
200
983
439
173
680
306
499
49
115
910
925
920
743
547
798
240
20
742
401
6
978
502
172
906
17
691
971
329
281
101
911
234
947
887
478
464
6
199
756
944
909
772
461
469
441
162
454
734
649
530
105
951
500
220
0
677
227
220
5
476
308
710
810
24
858
999
856
328
997
302
554
925
330
231
742
625
144
96
857
702
820
509
654
302
19
282
276
508
4
119
653
132
603
575
407
809
14
746
375
440
155
719
753
359
639
353
925
12
64
12
784
793
663
673
793
355
665
97
892
124
423
127
4
111
143
139
295
515
296
512
867
355
338
217
804
148
684
64
424
927
851
780
626
791
40
718
178
204
293
665
420
405
808
445
134
61
370
271
207
758
154
495
138
201
508
600
74
522
701
506
32
171
946
845
121
862
44
176
719
955
880
207
893
661
662
332
724
911
750
744
723
792
216
817
375
74
641
181
487
165
677
759
36
374
456
185
248
668
933
305
821
9
221
448
226
350
668
112
392
314
101
61
954
722
512
202
144
328
191
685
851
367
666
3
960
92
42
318
766
511
805
404
541
727
7
301
32
642
509
843
157
765
26
118
182
82
650
88
295
777
48
821
809
955
529
148
757
55
315
187
567
907
294
895
227
630
960
491
845
813
286
981
8
415
668
949
509
387
350
464
152
23
470
133
896
569
861
84
863
682
922
520
927
585
692
933
94
663
165
160
440
795
70
382
10
9
551
908
852
668
146
525
118
117
595
454
446
950
560
377
662
542
966
808
410
993
104
284
778
929
841
730
571
634
746
731
354
326
370
29
22
951
826
829
672
47
513
41
143
874
917
758
428
510
932
909
453
941
441
769
14
136
455
58
691
698
750
192
11
641
912
116
210
22
193
905
658
687
606
698
987
82
620
270
656
253
161
608
912
904
406
792
36
668
9
827
418
547
110
311
76
51
724
696
379
603
367
76
4
471
25
3
395
621
246
531
586
114
921
887
267
361
459
982
386
264
726
462
282
756
365
239
308
494
848
136
223
205
16
717
574
772
862
235
401
309
452
777
293
226
590
364
992
306
282
321
382
924
591
576
485
746
421
797
771
338
916
336
712
348
839
641
619
204
215
170
856
692
4
333
185
997
51
365
417
65
659
167
397
559
483
890
289
48
387
353
383
812
19
955
820
419
662
653
771
336
446
740
66
275
710
494
419
577
66
950
541
204
735
804
241
846
611
671
628
649
364
539
193
857
535
601
826
519
684
680
137
582
94
561
618
91
69
483
344
833
396
464
33
834
449
490
778
363
733
691
100
45
953
403
7
950
791
635
738
926
295
30
774
288
403
263
42
392
492
664
493
130
951
89
357
392
667
722
840
541
153
973
772
323
276
473
912
914
734
331
994
683
107
583
411
568
551
973
484
807
960
463
703
470
566
904
947
149
43
654
869
108
297
366
452
403
253
215
257
722
172
16
655
3
128
272
168
420
587
308
961
987
171
144
512
298
912
69
19
112
86
65
267
272
117
904
406
798
822
997
432
825
274
466
575
730
918
511
20
625
48
385
608
239
924
130
92
613
102
273
965
281
280
170
589
452
210
582
329
241
0
17
367
603
857
93
75
119
926
967
303
232
883
21
63
4
717
217
597
853
474
500
842
284
300
724
62
868
168
938
250
288
68
985
909
183
65
781
34
1
162
968
16
101
887
70
405
124
438
415
101
384
305
300
394
966
656
51
773
234
695
738
176
143
274
154
488
348
158
611
425
690
652
784
265
24
467
511
121
863
3
145
990
140
188
594
67
440
639
691
193
31
993
688
243
960
917
376
652
46
824
736
301
168
977
71
635
506
41
969
15
408
0
838
474
31
288
71
74
293
541
165
564
339
448
484
290
216
578
534
78
552
41
743
126
583
351
373
68
157
818
201
665
972
967
307
749
260
461
958
172
901
744
90
992
25
713
984
157
474
820
206
681
339
23
933
573
5
530
20
5
873
4
15
604
989
996
444
535
930
946
915
779
650
925
159
509
410
980
71
801
63
652
799
504
738
203
273
318
34
700
46
882
407
830
360
712
33
857
314
745
498
646
464
282
53
250
705
18
873
148
108
268
807
11
661
739
623
767
685
704
407
362
314
343
13
503
276
720
190
411
90
495
520
276
926
216
126
146
376
320
180
802
494
307
992
538
64
141
551
45
955
45
394
603
822
90
794
168
490
412
899
346
518
427
165
29
3
15
417
725
719
161
359
302
215
669
700
845
369
831
86
790
726
365
617
851
167
278
826
22
907
867
637
869
426
168
800
0
752
784
969
415
748
451
915
935
461
954
603
10
360
759
233
516
603
584
621
486
999
562
300
160
33
262
557
96
763
626
996
76
185
530
15
374
555
122
990
426
581
14
60
143
408
906
2
344
44
478
743
797
449
660
979
842
806
448
781
907
737
2
255
1
442
772
99
230
99
395
599
974
589
780
429
291
479
785
476
4
879
324
132
660
505
625
358
222
65
116
359
341
814
624
965
227
352
947
233
403
36
990
899
166
2
150
594
707
27
188
11
837
846
98
69
130
121
682
994
381
130
768
429
558
494
36
458
475
990
107
496
285
764
13
69
125
720
791
466
506
255
145
487
723
557
882
90
577
775
531
129
332
129
990
366
69
15
558
353
407
252
743
384
448
967
1
681
819
662
635
717
155
373
541
734
354
539
936
555
200
173
800
244
259
460
289
306
426
79
377
194
410
565
628
950
506
619
333
779
941
777
720
18
65
79
783
195
102
522
45
665
82
370
106
376
594
167
207
501
4
597
952
67
816
265
528
649
610
865
275
265
170
388
719
445
289
794
297
992
252
142
318
414
616
8
976
106
241
833
67
526
358
757
449
152
768
628
189
46
524
904
521
868
815
5
939
21
647
920
353
611
685
888
578
204
2
336
604
696
470
361
552
304
81
784
201
701
844
41
698
508
250
466
215
544
433
92
267
335
951
304
562
944
987
71
188
84
592
897
602
828
946
959
564
713
566
716
4
217
42
14
3
15
499
959
951
736
989
472
606
685
351
589
15
680
197
43
163
69
487
689
267
127
140
578
889
305
227
299
85
894
313
373
200
816
284
98
329
212
398
794
381
329
631
750
66
778
928
885
343
179
81
653
225
460
824
175
925
691
261
244
706
994
731
262
740
493
436
639
554
77
961
686
615
747
862
230
987
716
624
94
374
360
746
157
85
826
133
388
519
356
748
547
799
290
326
844
775
142
735
636
159
164
913
641
862
755
781
128
622
745
989
137
930
330
325
118
477
359
367
300
5
299
378
981
337
610
294
591
988
0
213
977
530
428
527
320
762
319
474
789
228
726
954
989
715
248
296
56
429
19
949
978
848
263
643
17
800
247
19
401
11
126
269
353
336
268
335
920
360
12
520
251
346
722
276
566
433
726
302
37
626
986
575
301
3
356
384
353
180
741
144
861
222
229
155
42
3
730
194
3
168
912
611
161
275
465
377
187
287
17
516
775
24
74
334
630
652
191
967
657
286
561
615
162
89
307
950
43
371
340
767
305
750
258
759
776
628
704
415
0
463
964
696
768
119
340
308
327
823
707
398
644
68
495
224
816
866
54
68
189
113
15
517
516
221
376
711
159
601
238
813
711
811
558
47
737
439
62
7
61
84
825
516
3
258
937
818
155
845
162
534
746
525
356
762
238
115
904
11
554
605
998
186
459
642
481
33
899
209
500
987
623
967
61
524
328
561
20
539
951
514
61
646
495
153
729
102
756
316
63
104
677
959
959
822
758
247
714
336
718
931
570
582
597
902
36
236
117
594
618
35
461
596
150
4
398
748
609
547
135
140
845
0
277
175
696
109
850
225
218
210
808
11
555
688
84
558
686
34
50
426
65
595
598
780
11
948
80
670
769
398
130
450
866
211
888
341
61
502
869
469
309
316
308
218
91
820
376
407
92
259
571
2
595
184
368
820
309
275
631
68
298
823
39
595
531
218
685
296
160
231
128
600
453
420
247
896
717
20
229
256
410
45
835
27
218
148
396
473
29
782
577
374
12
987
319
258
147
344
725
582
481
786
606
848
132
236
571
94
171
454
465
783
420
828
320
231
332
132
283
102
29
692
162
751
620
544
945
719
132
688
30
179
417
785
988
73
730
26
15
236
343
241
850
82
107
458
858
462
838
123
452
50
451
250
200
544
193
133
803
680
813
385
516
932
395
461
688
757
165
841
788
878
610
109
202
545
199
404
199
4
465
746
683
898
224
767
26
864
59
576
736
294
0
2
763
618
199
254
573
215
413
302
145
704
397
747
260
616
611
852
622
444
681
232
551
850
716
258
161
332
75
102
518
526
377
879
21
51
202
767
443
395
934
338
749
374
343
818
152
753
714
888
589
833
731
10
343
344
309
651
270
561
47
635
538
900
424
162
110
0
841
174
380
273
793
856
623
509
91
407
166
543
808
331
815
512
504
708
403
846
827
479
169
318
401
417
920
266
851
293
66
335
418
369
235
835
82
1
808
211
5
337
622
908
459
977
496
596
386
905
179
470
288
435
978
65
9
338
219
385
480
721
86
632
363
132
801
795
602
759
649
831
897
121
109
303
442
878
638
186
787
21
353
270
0
63
648
428
817
3
575
323
865
98
38
923
164
255
418
57
10
292
754
453
647
457
934
810
262
317
539
503
912
67
136
596
243
699
362
657
591
448
328
214
540
924
779
81
675
728
22
908
632
774
984
188
335
33
840
261
753
42
678
218
730
805
145
658
589
217
301
794
589
248
384
116
796
480
578
505
151
434
683
138
670
907
346
473
12
722
432
71
203
18
570
640
90
479
960
157
282
806
270
245
939
331
22
297
898
808
772
837
3
658
827
584
339
19
566
83
853
830
590
345
377
3
894
182
210
219
654
743
37
60
780
923
357
631
45
4
174
474
663
302
22
604
263
26
986
738
262
549
138
534
11
725
376
804
947
177
683
10
585
749
432
699
632
787
995
909
631
34
214
131
669
593
783
50
234
258
823
310
842
916
899
585
384
673
507
261
804
110
797
656
92
66
429
445
4
702
813
797
364
415
424
739
842
189
189
86
250
982
189
897
396
142
344
879
435
722
82
581
992
813
99
832
494
952
109
646
67
464
944
885
479
580
848
976
304
84
717
777
567
74
375
548
577
240
777
951
186
737
826
667
355
650
510
315
64
997
832
789
330
216
408
648
574
323
367
362
1
801
273
288
953
542
116
484
304
581
660
309
864
410
386
99
805
19
895
118
980
978
919
465
655
487
168
594
961
626
764
149
899
874
80
947
912
10
677
313
341
527
450
94
245
761
629
318
471
950
951
360
751
215
188
27
118
317
539
682
289
2
317
800
296
128
1
234
107
964
275
642
87
851
220
123
182
487
994
673
107
344
402
730
177
178
277
894
489
630
8
885
336
187
74
959
611
230
89
164
535
515
675
517
89
484
137
632
805
773
345
411
330
8
572
309
3
16
12
131
391
288
23
492
517
863
90
30
672
288
963
138
701
814
710
726
120
658
595
59
795
416
909
102
24
445
923
771
610
542
67
350
976
91
196
239
470
476
959
422
332
98
845
962
471
416
692
531
206
268
485
682
340
967
267
281
738
737
886
159
280
177
776
152
703
561
62
676
191
726
92
664
400
868
49
915
96
68
796
605
136
634
884
651
294
30
400
655
178
618
406
396
541
938
122
695
554
714
643
83
386
605
163
817
414
561
957
940
302
592
701
250
227
652
526
136
103
555
144
61
3
979
65
906
515
83
733
933
224
668
2
165
271
266
83
857
747
777
373
576
598
956
28
311
16
63
351
167
306
46
831
315
667
937
133
977
291
0
776
129
16
232
216
80
344
279
298
142
19
137
699
423
467
411
60
174
531
850
419
605
997
213
129
700
453
755
953
814
187
895
304
343
777
37
361
651
428
863
106
502
583
406
545
293
24
113
118
786
618
0
168
678
748
687
984
850
949
807
732
151
427
624
952
724
101
903
596
992
204
614
164
170
155
231
442
244
329
78
185
213
349
410
117
642
483
956
686
967
618
170
73
696
502
781
636
332
220
115
483
191
871
711
299
561
367
540
630
555
950
654
635
844
625
653
184
541
77
623
42
372
784
562
747
232
56
831
173
558
780
589
374
205
137
296
336
64
988
418
508
995
375
567
988
914
326
37
203
724
463
925
186
847
205
445
526
457
141
260
385
166
206
154
4
101
37
184
139
200
568
229
544
256
45
75
53
186
214
897
410
567
919
597
76
522
29
402
148
319
809
86
553
232
596
443
386
240
12
1
615
969
528
718
592
143
203
352
875
283
909
768
267
229
339
578
45
161
439
52
885
233
848
143
715
338
678
50
982
786
454
204
322
384
198
150
189
59
158
154
157
429
806
472
19
656
414
122
140
479
164
135
740
515
830
182
576
987
825
403
421
289
145
19
638
350
496
450
895
155
445
806
238
572
45
645
529
937
0
367
130
475
303
183
881
971
19
551
422
195
548
575
964
691
918
573
70
654
127
478
856
896
532
818
601
961
631
980
199
180
65
482
102
177
22
555
3
382
118
186
741
58
50
659
46
211
292
285
122
88
766
791
682
813
458
812
533
880
0
282
755
30
762
378
33
763
438
424
716
975
650
32
29
975
277
8
274
13
258
915
15
274
151
453
291
526
676
768
883
102
639
433
534
85
0
987
706
690
719
663
85
242
220
873
451
598
293
103
136
531
106
8
59
4
3
781
744
297
223
922
188
929
126
668
537
330
925
242
20
872
247
288
436
48
794
774
8
298
274
140
30
323
821
590
59
652
497
351
191
7
192
498
271
437
67
508
359
375
410
55
932
195
688
625
994
387
225
840
837
680
328
505
7
60
11
839
491
751
203
180
267
768
625
534
456
393
588
733
881
65
271
90
851
676
897
565
548
462
498
732
370
262
201
135
579
865
251
36
453
167
580
796
933
118
644
51
662
47
622
241
133
52
95
880
808
58
70
864
184
787
560
487
0
693
606
891
152
547
520
673
613
468
371
791
798
760
440
716
790
909
314
19
974
264
795
850
449
30
924
968
292
400
184
971
178
199
529
556
479
296
189
806
968
950
327
119
249
487
957
579
901
176
878
834
257
229
74
469
226
530
144
173
191
554
641
437
149
371
619
148
89
838
754
370
913
168
972
431
852
508
625
370
561
331
247
431
430
253
957
60
500
883
651
432
694
888
871
487
561
735
606
653
756
713
410
122
945
611
962
699
795
308
773
403
712
989
438
432
92
85
270
295
649
436
393
841
477
341
462
473
335
51
40
764
23
342
203
29
629
859
904
925
750
579
603
36
589
0
804
29
7
834
130
3
353
727
191
334
482
26
144
417
493
621
868
85
299
943
305
230
404
194
646
487
977
293
839
136
549
723
33
982
109
793
149
271
95
119
268
224
190
891
850
133
286
207
582
758
106
165
740
665
853
34
824
621
398
572
272
8
974
654
147
318
139
86
472
74
649
88
730
52
256
631
328
226
235
398
14
391
367
290
975
129
175
686
658
779
165
196
16
905
28
935
579
242
967
632
499
645
119
133
484
688
197
856
40
337
716
744
385
492
490
952
549
41
869
194
769
680
478
952
983
157
355
644
873
3
175
588
46
643
657
537
748
790
641
278
33
510
935
43
551
238
212
165
349
440
404
162
51
231
486
99
612
908
173
526
345
298
766
387
333
209
913
215
333
844
825
974
262
255
3
583
39
241
550
634
678
114
807
719
123
863
55
490
266
45
932
813
323
354
796
882
577
15
160
871
932
781
951
299
3
304
289
821
890
3
141
667
82
898
268
429
796
282
115
101
958
854
914
660
193
209
125
760
988
38
423
330
267
812
858
253
755
5
615
460
322
800
76
336
19
172
131
85
77
147
135
815
917
870
262
94
623
151
565
835
935
348
698
640
300
558
279
270
106
899
788
784
322
527
607
830
411
333
209
314
879
644
248
562
352
726
539
193
175
196
242
365
815
321
357
246
527
896
160
524
499
195
777
72
548
349
123
334
344
384
973
109
466
974
802
226
87
572
574
31
156
711
267
338
845
691
431
248
888
431
532
24
71
786
827
532
375
283
841
557
23
849
55
669
471
563
701
278
950
400
455
735
179
419
93
835
271
443
500
266
14
151
112
370
420
394
763
333
72
91
381
249
704
576
682
486
893
806
388
72
880
622
257
193
181
519
719
920
563
58
904
575
85
374
208
933
978
110
888
1
443
84
770
257
166
56
84
674
756
757
940
851
636
261
153
529
672
263
954
740
850
792
560
641
186
831
67
155
971
816
418
228
208
960
170
101
646
679
628
35
360
156
12
39
480
329
847
565
258
505
821
835
982
334
873
742
309
979
237
935
944
365
304
766
184
318
911
931
882
862
87
695
403
494
189
605
458
486
51
45
262
434
205
317
238
491
819
457
684
663
900
983
91
419
728
269
239
558
793
703
807
410
536
45
786
698
164
12
916
130
803
4
534
809
38
800
722
2
886
111
680
788
720
754
944
38
773
68
126
184
153
694
338
158
537
248
3
221
0
641
941
657
119
367
394
622
4
643
903
61
402
948
916
360
153
32
364
221
51
595
716
202
450
709
682
453
56
577
413
293
0
394
645
112
447
527
983
155
661
895
447
16
291
7
576
764
680
843
212
141
233
440
845
115
50
725
172
351
33
970
100
563
96
965
409
3
130
382
942
660
827
278
691
262
999
662
550
27
364
951
993
693
746
5
905
104
198
254
846
122
362
384
658
823
801
160
460
300
309
293
325
879
989
974
698
940
548
543
218
215
638
57
315
10
908
319
139
79
759
453
102
203
973
284
793
453
428
343
471
89
584
448
135
809
41
10
432
172
497
296
943
851
539
146
603
213
185
823
759
568
403
316
200
21
108
1
442
246
344
144
127
190
315
817
266
52
540
413
921
588
670
375
848
933
386
721
759
865
401
16
83
152
607
848
251
919
671
447
48
975
538
625
894
760
938
397
113
608
862
555
650
672
243
738
415
259
258
370
156
707
673
306
238
250
8
187
216
388
659
659
963
299
519
325
864
374
849
538
613
918
669
357
743
972
591
477
263
704
96
74
671
941
852
828
594
38
662
78
177
448
32
247
27
63
346
769
746
346
539
580
651
942
354
359
141
551
989
211
290
899
597
278
889
940
474
774
583
767
942
18
51
734
460
625
524
282
424
632
809
3
735
354
950
142
325
550
604
50
751
354
987
464
118
19
732
55
33
19
0
251
282
725
236
496
212
89
56
936
835
281
173
501
504
20
168
472
66
455
993
299
993
915
228
271
177
519
251
430
939
714
592
717
739
529
514
577
462
4
76
937
33
311
981
8
179
521
990
243
835
134
59
795
280
651
541
166
7
803
923
900
669
404
746
573
975
99
45
879
893
50
607
104
424
903
939
758
768
467
460
319
40
584
898
367
185
586
108
73
951
585
347
626
400
280
834
471
380
233
855
163
453
20
514
805
888
183
441
34
134
980
549
312
5
248
1
625
187
834
575
365
960
45
610
592
483
15
280
46
992
502
821
69
128
992
220
505
552
415
491
583
301
689
665
344
9
367
765
323
992
198
830
674
554
811
246
208
141
783
715
231
875
782
851
945
435
390
533
291
63
402
5
895
654
935
529
252
409
486
66
70
579
655
380
5
825
512
340
388
976
943
9
772
966
579
393
274
253
40
982
801
910
893
314
505
892
858
780
767
814
475
84
26
923
242
76
758
457
187
771
672
307
558
916
38
917
865
586
463
673
701
543
420
31
663
665
875
527
561
647
625
5
997
1
709
156
821
616
567
226
374
734
373
9
324
47
154
769
164
21
879
708
371
123
346
360
621
962
969
41
697
595
3
742
441
89
420
789
528
753
986
575
390
733
562
613
379
938
916
477
18
305
141
373
452
347
48
593
454
402
781
373
910
474
116
794
489
460
769
521
889
393
978
45
376
345
316
517
674
648
410
76
830
528
627
611
304
618
246
450
738
151
979
269
184
795
69
659
312
814
940
637
340
571
419
245
957
22
996
15
657
660
347
355
150
989
86
63
578
368
481
896
303
749
45
796
406
60
695
349
849
819
982
3
298
104
162
78
42
643
523
61
11
351
258
917
939
125
577
255
238
973
766
420
243
617
166
126
606
291
132
64
575
91
958
795
600
500
182
383
273
110
230
178
791
854
69
33
538
361
635
70
238
459
353
92
952
63
933
445
266
153
652
348
347
316
245
722
520
317
139
549
4
66
11
528
346
435
711
965
71
790
367
996
924
231
204
625
440
200
51
462
645
921
14
571
66
557
76
656
655
885
174
536
869
557
1
682
564
468
62
33
66
73
137
864
0
330
196
64
171
180
381
668
366
32
270
717
170
39
260
981
202
129
315
456
602
279
33
998
472
393
622
478
668
647
603
134
617
828
908
179
118
21
940
569
996
75
960
324
813
350
389
649
265
984
943
5
904
759
341
306
945
72
732
619
229
355
327
785
122
253
913
951
872
881
449
807
315
490
72
907
914
255
156
275
925
576
431
638
16
495
565
3
997
327
311
370
565
409
164
417
569
437
604
82
439
922
393
101
354
325
658
646
509
414
146
95
566
542
799
387
201
173
620
210
439
74
263
254
26
314
962
646
803
118
33
85
45
178
752
252
831
999
193
689
478
481
455
296
338
187
62
94
385
443
844
567
551
20
26
544
16
417
199
614
205
320
252
669
902
545
818
492
918
889
952
277
395
687
69
787
412
539
955
221
68
959
5
306
252
0
86
117
8
82
145
200
479
128
392
997
607
102
817
130
643
708
764
149
692
978
22
840
65
656
803
339
285
420
225
246
889
737
528
445
873
149
310
502
33
518
915
630
410
375
337
529
543
862
68
98
736
752
435
169
764
805
302
273
771
675
823
870
605
143
260
400
116
379
28
1
413
720
948
581
947
937
199
362
959
100
799
840
222
62
777
662
905
182
185
735
536
853
95
143
36
832
992
91
406
406
82
85
775
27
163
428
32
644
327
827
241
51
571
757
727
850
569
857
12
911
234
989
401
976
154
493
619
186
838
165
136
971
230
280
213
387
0
513
214
44
204
796
842
47
478
167
784
947
710
842
589
123
684
919
761
127
511
868
404
312
44
509
101
557
428
248
447
534
974
370
155
434
704
677
20
206
112
839
29
856
546
78
205
191
153
279
206
597
735
273
821
568
159
488
876
356
252
832
21
826
938
918
14
52
0
688
3
