820
88
202
32
635
103
973
170
376
994
771
251
814
890
17
827
601
771
401
387
93
57
551
259
371
766
744
393
549
808
295
307
323
98
60
702
671
89
454
3
251
645
675
582
643
382
277
862
91
283
535
315
9
849
290
250
182
617
19
897
850
680
144
32
403
141
963
262
678
761
884
755
53
765
393
139
682
959
918
204
419
986
31
495
71
806
469
288
98
61
786
665
458
456
367
103
704
108
126
461
62
826
940
935
185
208
41
788
827
512
842
606
784
905
40
193
705
326
106
790
320
996
312
678
291
61
342
747
419
677
805
275
630
630
303
162
45
477
318
670
599
304
941
566
467
263
26
297
406
317
1
509
362
697
468
211
625
308
297
417
75
67
261
127
316
843
818
758
9
680
944
122
278
655
634
269
797
650
515
146
845
192
976
837
822
476
59
752
794
660
642
118
221
235
636
627
5
457
26
987
741
488
77
254
509
402
972
201
14
285
426
340
658
217
259
218
975
179
431
386
618
871
553
727
968
209
483
735
670
121
547
611
205
874
3
91
535
410
85
96
306
518
915
668
615
897
428
783
51
717
966
451
798
162
217
714
955
38
918
335
610
258
951
394
792
841
568
669
972
724
607
557
997
685
317
444
651
498
240
595
538
334
767
278
539
904
363
746
805
472
976
153
681
486
607
248
73
878
254
320
452
100
73
792
772
63
619
640
227
35
8
560
606
329
897
316
753
300
103
916
9
556
575
559
65
763
141
243
634
274
293
592
156
16
261
40
591
32
734
213
312
186
359
333
883
942
511
503
474
418
415
673
576
461
82
569
957
676
826
825
206
625
998
855
332
336
647
745
789
471
334
783
843
679
16
882
861
731
21
351
176
744
726
579
859
289
65
193
56
196
174
783
139
451
777
654
69
386
129
873
509
371
464
443
302
32
611
614
831
249
299
620
440
74
222
328
700
621
820
140
487
420
813
805
831
143
115
251
684
682
899
781
444
857
88
173
129
339
657
129
580
410
353
377
453
990
441
744
10
125
5
912
139
542
155
708
251
894
696
696
814
868
652
326
280
820
966
903
951
169
678
273
469
115
844
102
544
110
506
289
259
884
610
77
712
900
471
603
910
21
348
288
591
3
399
11
646
121
476
200
967
961
177
555
32
163
16
625
341
905
681
942
133
767
922
737
568
568
283
499
159
883
451
390
132
883
764
194
308
73
495
150
683
961
41
853
299
774
579
524
758
366
21
606
784
925
190
175
474
293
84
922
84
549
551
4
324
469
361
127
327
764
359
0
234
663
305
805
948
415
112
138
760
100
195
804
475
924
48
388
698
68
157
55
282
906
40
681
886
147
126
203
196
352
580
15
340
63
239
870
928
961
743
900
802
918
779
131
986
231
677
442
937
52
638
66
20
627
331
176
134
34
609
809
860
161
888
727
922
457
125
950
554
158
416
3
453
215
877
326
206
810
222
950
788
569
500
801
115
338
132
153
163
482
982
833
707
232
158
966
786
309
432
170
140
365
210
455
389
2
32
288
155
56
682
122
799
134
58
517
101
399
21
751
889
482
453
565
704
856
74
703
136
706
569
0
78
76
142
735
425
45
429
743
728
583
541
326
485
193
368
743
112
771
34
270
127
14
213
878
86
965
791
104
195
849
269
419
522
479
526
993
110
868
812
106
521
7
274
24
16
26
759
399
520
877
584
244
608
41
149
317
7
33
21
825
499
927
984
85
660
734
426
59
434
119
874
688
405
716
20
1
454
738
71
784
423
7
464
617
943
172
668
919
838
162
5
991
578
420
864
386
493
423
153
586
656
306
173
830
255
429
660
206
363
599
558
182
33
683
504
684
10
363
814
107
178
659
86
362
307
771
664
754
956
225
22
462
550
563
601
769
323
173
25
2
780
951
604
191
464
629
448
269
456
226
175
265
803
453
445
435
298
775
48
141
310
926
922
708
771
626
798
898
302
992
4
938
183
950
45
650
888
18
860
723
203
138
673
443
129
912
439
337
289
635
557
107
318
604
296
130
987
19
786
971
691
968
953
87
590
321
503
436
662
180
932
495
231
760
0
122
266
179
70
965
243
4
680
13
201
735
607
756
562
55
988
884
498
766
4
583
620
720
327
538
339
375
902
340
934
390
510
559
607
626
148
547
499
0
898
962
217
133
1
80
670
531
354
100
496
62
374
211
503
0
646
5
889
658
767
929
21
643
367
871
257
89
169
618
464
854
93
953
667
428
797
671
856
11
446
986
407
565
689
21
472
351
56
736
823
946
323
228
677
526
848
350
937
224
111
481
764
924
576
240
595
4
200
750
123
480
504
916
367
866
922
555
795
207
245
273
165
516
4
299
453
777
351
173
478
877
293
354
31
203
462
982
766
303
397
504
248
599
30
35
856
483
123
733
266
777
741
149
85
822
356
432
568
230
66
804
882
358
45
560
667
500
71
698
104
20
691
395
246
832
647
844
340
657
786
313
85
510
746
301
447
914
772
226
189
170
979
617
10
748
169
128
157
916
903
906
772
468
763
283
324
924
818
26
924
832
370
665
144
35
65
393
5
149
855
596
492
879
29
507
215
775
497
350
165
86
649
917
280
287
210
881
39
592
580
932
440
583
233
319
199
479
792
892
143
187
321
755
208
323
537
501
455
646
817
71
445
725
708
641
359
227
999
899
587
21
489
588
682
531
379
33
835
627
968
180
995
284
759
828
636
208
292
163
337
990
278
441
707
860
675
305
211
379
159
510
264
9
845
681
303
778
577
982
96
109
0
115
334
278
704
974
349
313
912
419
994
19
3
954
424
19
877
608
0
369
82
166
697
979
156
212
11
902
345
194
419
936
649
399
704
554
266
883
863
452
994
975
804
189
455
237
41
702
67
741
316
11
507
1
175
710
630
250
16
232
942
780
8
821
588
800
797
84
676
764
102
325
166
862
170
167
814
978
581
748
985
265
238
854
153
304
672
200
448
34
748
88
759
82
758
314
1
884
459
625
393
170
22
49
211
688
416
110
373
810
945
219
184
18
983
664
831
337
471
433
325
336
685
131
340
0
900
911
39
965
336
109
241
485
855
867
38
928
730
965
259
579
344
728
470
238
949
116
538
39
660
961
263
3
519
657
339
594
665
296
54
637
720
487
429
15
563
453
259
855
30
974
266
452
284
511
3
896
971
35
376
441
635
202
321
216
24
535
5
244
753
442
100
902
95
663
85
330
744
490
121
65
75
418
776
167
737
142
304
322
47
786
40
916
654
920
27
576
140
445
429
349
91
7
296
236
304
841
968
78
77
200
95
167
320
430
48
422
664
68
180
384
320
51
629
16
970
480
302
401
970
470
283
69
3
365
130
552
31
575
711
719
393
650
737
935
489
413
867
122
916
923
83
585
33
179
672
979
702
495
754
704
246
908
565
135
321
375
226
526
928
280
324
520
566
10
358
92
750
324
532
114
951
175
691
402
872
247
7
151
357
551
514
639
654
83
291
649
771
976
91
427
833
296
239
170
102
512
247
998
313
331
226
173
420
196
2
200
909
760
876
206
652
509
645
589
73
760
756
16
249
673
597
892
367
72
393
91
117
136
48
880
812
156
887
525
462
944
333
133
914
238
225
986
370
904
242
448
761
970
97
814
956
140
572
427
826
541
221
0
253
945
891
457
575
10
535
2
740
200
326
77
911
855
516
729
4
119
922
144
933
225
243
838
163
528
801
168
147
297
576
532
93
789
54
200
801
760
225
3
600
690
154
957
771
384
913
212
844
23
513
625
318
555
707
61
678
368
278
508
883
59
227
945
962
128
702
665
471
362
164
187
777
879
187
355
292
824
484
689
204
769
768
461
250
885
722
42
565
689
818
895
594
656
963
841
474
913
555
65
934
155
990
483
357
153
526
877
405
410
180
417
908
890
654
770
222
855
431
33
371
636
399
303
213
913
696
800
316
264
19
284
513
0
445
50
445
160
845
526
0
191
537
319
927
95
949
706
918
767
532
14
82
26
510
828
980
419
199
581
172
669
226
742
114
130
947
342
913
2
275
304
961
929
308
46
569
248
680
980
950
271
8
384
502
466
158
64
101
32
792
977
33
360
941
279
798
805
157
950
329
978
892
667
561
99
254
786
293
747
414
121
534
907
288
896
118
844
898
348
636
502
252
883
2
812
459
195
293
67
831
911
555
451
21
610
240
846
29
793
411
543
683
456
813
509
910
980
729
2
264
703
450
450
630
89
325
32
46
510
851
3
263
880
933
383
858
835
162
573
505
300
155
135
738
104
795
43
58
752
420
953
797
357
51
278
566
694
80
541
617
328
243
118
8
267
541
222
699
675
309
420
427
368
226
404
24
552
14
201
3
127
365
847
448
336
333
990
842
184
904
659
579
998
947
821
780
870
527
450
110
555
364
309
855
260
780
858
176
924
827
820
101
100
637
828
56
669
783
804
380
99
275
240
450
808
588
374
848
44
774
655
35
30
97
895
578
862
515
185
530
861
604
297
102
104
356
911
265
861
521
431
19
861
379
825
486
634
132
290
113
191
92
947
872
475
253
200
367
88
750
248
851
544
198
30
472
623
653
25
992
235
818
131
63
986
423
689
167
610
139
59
23
356
907
729
196
453
541
658
163
912
794
461
650
41
855
951
3
943
525
804
717
513
194
523
107
116
705
977
823
948
11
835
63
69
484
481
292
94
137
614
599
21
519
70
341
553
152
150
971
565
323
50
776
778
746
278
956
881
107
348
727
484
180
1
548
489
61
400
588
389
168
324
674
879
624
766
341
60
10
10
56
815
923
710
2
920
389
724
989
472
55
250
859
465
142
924
637
966
669
669
302
130
917
428
253
329
458
882
118
996
905
881
627
783
360
331
960
927
859
566
569
447
85
244
159
805
23
647
288
545
377
57
82
465
866
720
311
20
822
121
134
415
532
714
273
716
925
358
939
139
692
452
219
179
578
493
636
740
956
865
281
34
272
934
623
690
142
528
44
243
746
583
710
515
914
172
55
436
879
731
106
819
194
577
730
54
505
426
898
591
129
165
947
26
568
1
572
875
793
128
912
954
86
132
822
554
564
440
174
765
392
795
198
778
296
893
38
815
354
247
304
422
421
398
460
465
490
491
805
513
534
179
441
583
481
364
511
819
941
3
40
989
235
129
725
335
69
547
460
537
529
450
188
907
6
0
820
829
63
955
690
96
415
643
794
420
713
445
402
671
594
434
719
303
199
939
639
692
9
221
302
36
661
16
5
791
351
136
874
417
175
191
17
607
978
659
1
987
632
535
976
519
735
953
248
209
486
787
801
700
21
1
480
523
90
102
966
759
934
498
782
270
167
417
373
680
320
226
496
634
125
779
562
517
196
293
519
737
461
972
949
325
612
500
46
12
535
963
419
227
582
757
112
405
9
906
398
734
281
71
68
335
250
563
98
71
509
379
539
594
19
195
130
33
199
517
106
814
798
735
318
988
47
482
200
679
544
580
12
813
0
90
608
804
508
286
217
413
335
329
67
917
718
464
238
463
186
98
285
643
324
557
69
843
653
907
708
987
877
313
97
403
925
48
164
563
971
700
985
132
303
212
406
968
544
598
132
157
565
123
198
553
382
449
768
496
794
765
168
919
756
330
449
337
269
673
229
401
894
626
48
807
652
899
931
434
161
786
281
289
102
925
833
151
204
324
217
330
73
713
614
24
599
68
791
865
555
333
252
985
915
224
807
632
105
474
739
570
330
141
19
97
383
246
448
756
832
240
127
2
420
318
566
315
7
112
45
605
47
144
50
973
18
817
517
250
918
757
67
3
735
555
286
112
173
510
585
441
872
572
386
419
910
344
122
205
206
71
5
396
598
751
10
546
200
629
171
745
408
863
986
491
152
1
722
874
904
636
168
38
664
429
646
773
377
962
0
689
81
835
86
884
740
3
295
332
943
982
28
926
587
970
313
153
821
433
214
146
35
866
217
755
38
15
940
580
216
642
742
56
690
978
171
384
936
303
94
403
790
11
762
467
221
838
599
183
242
329
317
630
213
3
298
104
300
390
669
356
45
86
368
397
327
20
622
603
589
741
474
12
435
533
725
43
89
394
220
631
231
905
269
653
912
250
797
690
609
184
605
867
250
932
993
243
46
103
827
848
34
847
996
52
481
196
153
304
952
0
935
251
955
977
591
67
434
367
895
221
78
923
273
455
76
46
838
765
893
325
207
372
284
615
929
39
431
368
589
802
584
277
486
195
457
890
30
400
642
2
625
817
116
21
595
91
407
688
646
44
30
931
695
832
152
519
269
264
437
378
541
298
309
285
497
652
108
458
239
863
650
294
281
650
439
848
47
648
288
750
270
220
284
79
682
339
980
795
116
19
423
20
296
242
3
22
224
103
267
579
38
827
930
94
382
772
449
655
947
268
486
298
297
40
388
320
156
367
7
778
178
359
398
348
360
369
824
432
407
937
60
58
286
216
177
185
444
170
679
699
360
202
400
569
390
608
753
211
469
1
3
750
767
629
299
277
61
856
3
990
987
561
112
834
91
50
737
991
869
583
183
104
46
103
916
145
204
790
79
3
8
284
869
949
346
813
0
757
684
302
844
402
936
815
630
875
4
778
858
753
408
630
45
944
282
64
813
193
994
784
176
631
724
135
251
275
215
739
147
969
210
424
51
78
423
319
439
287
678
4
207
251
988
198
994
891
158
699
385
994
200
754
377
261
234
910
810
384
678
257
764
223
0
397
417
346
808
996
784
650
739
270
87
999
932
594
542
476
175
432
434
238
842
576
553
260
369
792
955
614
990
652
805
82
909
943
323
74
756
828
739
387
446
80
797
249
943
208
283
862
387
630
86
140
188
393
445
818
126
879
30
117
846
443
163
259
54
561
751
995
937
553
492
937
84
197
28
33
807
522
360
668
487
868
378
726
710
517
87
278
955
487
822
133
788
391
81
954
170
311
812
904
791
91
211
922
491
781
577
902
865
596
380
584
57
874
63
2
38
442
499
841
3
797
166
571
136
156
802
639
204
694
117
69
83
921
95
272
605
906
197
807
680
34
462
0
848
880
498
162
865
388
90
730
312
62
100
992
982
187
80
74
919
22
471
730
681
24
756
11
504
517
109
635
505
234
290
997
679
27
596
3
300
628
398
189
551
286
509
536
320
380
19
202
372
377
98
313
309
567
893
374
880
285
767
44
401
862
992
394
762
76
150
153
18
35
937
856
100
327
103
575
821
118
872
929
36
268
39
529
120
832
154
168
861
203
5
448
455
109
216
979
393
229
995
384
319
85
578
780
896
29
415
621
579
1
348
853
383
141
743
4
125
989
71
274
625
878
19
971
560
302
843
304
289
221
851
567
176
621
82
289
724
516
177
983
704
26
140
434
50
29
155
514
845
31
845
678
218
848
950
267
595
321
594
629
729
535
307
416
123
754
789
380
135
0
883
267
5
695
671
990
47
243
681
29
719
235
832
579
826
259
70
12
45
735
136
505
54
299
599
4
104
968
220
302
481
684
885
261
662
907
55
919
118
918
646
707
662
448
322
357
925
956
957
306
28
174
738
161
33
930
96
412
237
500
45
291
203
315
852
204
529
669
645
648
306
884
215
421
8
20
796
252
669
310
506
572
881
8
196
162
791
107
156
682
619
353
285
827
673
143
624
314
447
337
625
738
923
373
41
243
871
267
7
793
777
490
865
293
382
166
939
328
749
866
589
620
14
695
527
937
738
458
40
417
288
795
496
770
64
320
905
974
792
431
365
836
88
320
880
954
739
183
270
63
19
618
649
779
769
186
189
480
538
908
275
576
749
274
868
108
629
517
576
999
925
558
428
57
469
254
403
304
548
69
308
685
497
379
835
789
571
78
981
537
493
989
374
581
992
337
12
964
446
199
271
593
185
185
992
166
224
9
548
110
230
122
449
349
411
225
17
406
267
553
994
320
894
113
159
969
868
22
330
306
396
192
652
477
13
304
905
498
771
97
820
101
541
994
119
120
551
99
616
459
853
395
749
265
584
295
931
300
821
201
128
497
63
637
317
741
640
438
262
35
3
879
123
722
168
436
514
370
862
596
926
891
401
363
539
628
727
295
40
931
522
108
21
528
359
577
181
136
915
275
257
744
503
596
548
520
972
510
377
160
649
24
593
180
746
221
233
2
31
875
742
244
862
674
738
903
880
101
282
254
555
320
262
810
500
591
818
365
234
47
872
651
64
404
407
539
577
191
67
215
476
328
521
972
322
147
180
947
740
391
603
101
740
658
545
561
898
188
392
635
740
683
26
439
332
220
138
19
503
706
738
110
68
200
95
419
6
204
66
721
644
793
678
36
648
383
822
356
391
466
6
103
652
442
768
622
42
149
996
148
244
270
14
847
623
344
137
386
493
338
840
643
20
153
771
153
398
163
694
176
367
406
80
842
4
262
953
656
608
148
760
238
200
267
136
906
872
238
726
569
484
154
288
559
563
180
926
885
280
740
977
68
447
540
658
308
709
722
975
455
129
755
453
643
130
747
161
315
626
480
487
385
32
0
959
14
634
881
238
671
491
83
641
632
955
138
450
73
312
643
747
350
367
532
790
989
988
823
823
223
150
613
731
110
876
945
548
369
930
183
104
611
541
463
59
395
651
282
704
194
811
109
740
871
256
331
980
978
600
229
484
320
225
459
291
701
915
189
353
793
416
502
899
491
107
455
462
44
284
943
922
313
51
653
4
999
357
417
194
576
701
616
612
891
209
688
967
531
190
289
72
747
502
512
567
614
259
774
382
68
278
714
855
9
491
81
463
505
216
204
487
496
215
131
260
924
99
210
621
951
216
722
492
252
48
190
656
419
191
892
786
477
944
916
700
918
745
529
542
732
666
209
627
509
526
491
63
783
801
439
528
148
16
223
52
276
7
958
896
445
777
478
68
489
118
60
239
610
20
806
273
82
450
680
739
271
271
213
654
534
590
899
122
762
374
561
479
228
907
217
570
289
147
251
39
413
983
235
141
481
935
449
20
581
262
834
562
202
262
134
231
128
41
889
845
713
575
848
830
705
61
252
770
749
314
162
585
985
302
0
504
382
120
961
972
765
132
931
904
894
190
71
327
434
4
59
359
636
38
262
19
24
501
177
785
235
16
549
951
45
184
740
803
207
33
851
866
992
660
791
309
735
989
543
598
818
350
739
263
118
102
329
575
309
1
848
730
973
755
771
330
39
5
241
469
112
175
512
71
409
680
530
523
234
764
413
8
606
208
177
314
200
879
19
423
24
13
933
119
667
807
787
960
836
99
247
807
455
930
129
483
440
128
101
22
660
601
558
489
39
594
4
864
897
233
302
328
776
319
917
571
326
165
79
826
376
21
4
26
160
468
467
560
655
635
395
24
531
431
718
751
734
492
101
110
498
876
211
509
752
951
254
352
557
46
311
181
430
415
456
955
418
439
160
19
94
532
654
199
74
97
471
520
690
844
136
26
215
240
613
98
187
72
338
781
830
141
524
438
995
840
295
993
85
566
748
74
568
377
179
659
91
9
670
813
992
129
27
182
569
381
446
584
329
319
104
624
693
243
287
349
391
264
32
312
296
670
62
295
582
186
867
192
687
272
216
482
142
603
111
161
549
345
542
606
405
947
970
434
260
822
713
9
328
1
165
252
919
981
255
858
251
442
371
555
874
479
42
665
66
544
293
696
147
685
657
294
27
223
621
952
33
0
920
81
404
100
214
880
243
343
869
117
173
10
683
650
112
814
828
79
455
100
669
6
748
995
119
585
659
943
658
45
103
258
10
797
675
131
242
433
276
106
543
319
835
896
384
34
637
267
71
795
918
937
863
245
476
669
274
106
583
4
76
868
188
10
37
94
626
3
141
606
586
970
760
400
33
73
255
844
539
125
320
899
267
555
993
281
378
554
475
468
359
834
992
754
389
128
291
730
20
651
92
73
318
140
893
305
388
647
611
175
83
985
704
307
72
864
771
957
41
847
751
948
387
378
859
707
164
611
238
398
947
149
883
318
893
525
472
806
551
71
661
233
899
622
141
521
117
156
437
937
28
360
683
65
114
33
178
5
990
496
0
951
676
634
360
681
26
834
323
92
581
303
10
9
219
895
827
919
940
102
198
694
585
20
0
976
521
353
449
532
556
99
458
172
391
816
983
236
241
310
806
937
568
346
9
207
114
576
254
503
378
265
576
61
819
934
578
545
37
749
743
66
157
993
912
613
485
85
700
331
478
926
495
250
666
173
159
533
422
656
395
715
567
90
270
486
63
717
900
361
127
61
777
722
5
982
880
388
717
201
790
835
437
617
780
133
562
972
720
526
230
158
617
752
328
54
33
837
660
753
260
754
553
168
542
769
65
15
121
684
166
398
725
204
562
371
870
386
97
362
761
4
663
303
4
303
113
299
129
259
209
92
326
859
90
640
347
586
76
894
701
628
974
224
743
703
4
599
581
271
46
987
869
644
610
269
239
979
684
946
221
150
239
214
807
320
18
974
236
444
123
804
188
499
651
426
650
909
869
995
917
366
311
541
338
581
808
584
975
151
92
34
605
577
22
585
475
653
420
414
925
600
136
658
175
4
848
41
12
647
670
46
749
226
696
204
692
620
55
386
723
20
68
3
70
46
970
23
179
291
199
528
628
615
526
79
568
846
445
428
805
395
469
823
152
847
492
2
978
904
8
284
68
739
429
624
4
916
883
841
11
856
90
474
393
257
332
152
789
655
83
601
465
144
232
11
508
581
472
257
169
494
980
650
357
971
26
205
4
158
616
935
835
889
774
231
783
50
866
205
636
542
569
895
957
24
782
245
83
181
55
256
339
72
63
518
45
840
554
759
642
32
955
112
293
533
570
155
795
25
802
73
973
736
674
611
149
608
190
593
906
325
44
809
0
63
646
796
245
675
842
51
69
378
291
410
18
925
250
688
453
329
435
229
797
207
672
427
397
497
724
845
227
940
192
919
979
123
449
89
859
786
642
418
78
568
997
204
925
758
196
945
932
459
302
19
804
675
481
80
506
908
915
798
899
176
926
667
872
822
194
177
302
795
720
471
821
676
74
310
785
901
937
229
592
563
458
355
758
737
565
746
531
124
44
629
635
750
874
410
30
991
247
0
382
345
893
151
627
458
402
4
774
389
997
596
54
740
208
133
790
923
271
247
480
374
181
909
69
383
157
335
790
767
979
751
474
435
447
78
920
432
971
106
82
402
338
271
674
715
802
91
308
27
38
555
387
810
783
605
851
74
428
3
576
316
734
325
449
65
924
510
165
494
439
910
399
726
292
199
169
367
749
219
727
588
282
98
487
720
483
440
768
81
719
801
665
845
16
135
871
969
772
64
565
996
699
4
979
871
24
75
567
272
835
772
212
943
795
807
734
752
191
903
659
821
492
982
384
737
628
203
162
921
229
136
467
332
343
42
744
617
4
754
56
876
672
582
890
211
693
356
741
477
330
534
110
326
923
123
952
486
851
726
966
188
408
478
219
151
14
156
768
370
283
783
19
150
677
778
178
478
541
2
203
186
431
356
125
246
94
525
773
127
224
47
688
420
663
521
541
835
457
186
457
791
656
226
33
13
345
726
678
885
755
244
303
151
570
883
199
646
36
892
779
570
664
830
971
360
192
132
231
952
370
250
0
103
121
444
507
896
127
82
48
447
124
413
377
529
837
319
756
468
418
221
596
460
184
484
742
917
601
467
886
24
79
455
327
505
838
166
834
52
264
356
2
373
81
872
840
468
157
973
779
899
245
65
976
965
535
484
311
537
487
180
539
168
178
691
534
3
899
407
266
619
421
746
537
743
238
844
226
632
680
280
494
808
597
26
832
289
757
214
861
397
695
25
835
190
662
451
507
984
635
384
242
786
423
64
4
715
449
529
581
126
184
575
291
501
900
608
246
567
641
145
781
36
487
605
342
578
346
5
29
284
433
841
606
140
672
93
655
498
804
172
940
923
706
318
675
210
426
881
892
558
993
346
943
948
408
834
55
530
754
151
160
455
175
43
685
713
41
563
509
172
761
448
1
873
516
45
163
607
475
219
237
430
107
51
388
795
144
372
719
418
832
966
481
299
994
573
509
246
323
130
265
990
61
950
280
531
966
572
395
403
193
111
12
56
154
295
850
656
944
463
149
45
429
410
163
154
227
388
27
684
153
374
286
714
953
370
26
580
614
337
107
175
931
728
757
861
628
764
566
993
573
67
239
587
721
388
474
514
807
575
219
554
752
143
379
746
785
690
493
614
376
84
250
148
834
984
839
151
550
897
787
372
480
699
379
449
901
589
420
526
234
872
202
632
66
385
276
799
744
127
609
32
307
134
161
519
293
85
436
38
84
234
45
829
982
84
43
594
776
986
894
3
1
698
649
397
33
680
551
494
66
173
4
896
386
166
321
786
478
115
348
155
172
525
502
324
167
695
652
787
670
357
3
113
899
831
485
553
878
491
259
183
397
121
495
3
104
571
143
118
753
403
935
113
797
329
744
501
353
537
643
13
130
635
304
249
740
159
876
778
53
917
912
487
395
432
3
603
618
193
858
623
819
364
544
129
494
111
494
139
412
127
14
471
78
249
531
648
230
25
606
388
806
442
445
905
890
156
192
657
885
467
829
137
486
742
554
803
737
217
298
989
257
22
14
74
395
825
215
287
425
754
409
776
99
233
62
382
511
299
685
633
595
482
336
942
362
953
753
791
42
1
424
21
717
800
554
783
65
986
971
198
409
45
897
577
26
1
916
144
612
200
986
960
161
260
119
22
208
50
283
767
583
196
69
15
345
494
818
407
684
904
686
400
154
361
270
118
369
138
906
951
168
181
844
814
3
60
465
190
651
653
724
12
324
88
938
59
56
622
613
974
353
413
142
434
97
89
976
590
610
838
957
542
188
396
480
243
4
172
754
284
270
834
207
928
745
501
468
70
647
634
840
35
356
598
338
871
437
446
936
1
386
490
851
513
973
442
126
844
656
404
150
65
49
498
935
45
288
701
64
662
666
106
136
887
891
204
102
830
8
821
7
493
653
607
220
375
614
658
671
442
870
694
590
676
653
799
800
294
258
534
837
64
236
83
341
873
530
168
675
299
8
816
408
252
131
109
139
346
568
105
653
276
479
610
318
764
877
417
155
457
671
569
443
629
412
252
318
754
886
49
93
476
605
21
809
310
861
916
870
714
298
241
754
4
88
143
341
985
110
226
3
467
322
5
186
918
925
344
547
716
26
717
751
807
322
993
713
989
353
664
178
889
298
436
965
610
810
673
462
507
743
762
425
615
433
27
410
552
600
628
295
589
429
776
881
980
45
558
954
486
315
67
337
133
507
451
296
935
157
61
673
960
190
444
760
230
533
299
386
893
381
213
714
168
648
193
103
659
405
118
33
213
842
491
704
856
685
42
470
919
662
519
350
139
142
108
814
916
4
242
218
3
253
639
111
306
508
479
184
607
330
904
557
67
865
424
313
199
0
381
548
106
825
566
365
520
499
154
596
8
787
638
508
766
319
127
270
293
340
131
711
372
708
36
202
732
34
156
188
169
13
812
306
30
360
748
436
984
375
471
524
421
525
203
102
805
873
846
882
377
936
252
579
251
89
747
475
475
203
20
98
666
600
962
621
211
283
913
109
565
879
330
869
665
631
505
443
59
11
400
107
351
722
788
962
977
932
2
104
356
503
755
509
720
93
601
215
816
821
894
334
973
475
782
876
121
670
257
15
525
472
661
437
339
638
872
473
138
371
147
453
720
809
726
2
258
346
652
562
339
954
669
58
3
916
527
865
516
624
790
203
720
41
55
43
619
0
137
387
529
84
938
354
210
5
36
950
864
821
882
600
735
24
3
266
800
852
897
47
198
532
514
33
730
427
423
4
761
543
668
37
209
645
270
741
0
571
953
322
170
187
565
73
350
40
461
539
587
635
57
942
592
919
736
123
208
607
321
245
255
267
569
11
218
429
499
7
275
223
136
531
750
742
303
908
255
856
32
389
998
302
409
766
320
484
804
880
448
13
1
918
643
710
231
697
665
119
597
990
599
52
569
272
824
410
190
940
935
697
830
100
271
22
149
232
59
460
343
492
951
636
576
749
11
286
647
974
145
418
920
377
86
440
379
932
133
964
166
688
199
667
288
914
208
193
740
372
456
748
78
663
367
740
119
992
845
334
243
117
692
834
567
480
190
487
861
308
228
748
359
30
848
838
971
169
244
375
3
469
332
123
857
413
290
513
985
597
145
249
527
48
836
370
144
582
613
350
182
843
694
976
208
904
961
34
906
104
160
146
418
166
4
588
411
152
661
457
33
320
344
533
261
783
127
33
931
390
250
295
76
36
664
72
67
166
54
315
325
4
845
924
65
355
785
913
803
525
676
53
491
450
326
247
84
3
63
159
596
944
831
287
101
888
0
1
235
188
564
12
684
182
323
482
689
654
476
64
659
249
68
273
595
958
641
923
8
756
759
207
39
551
459
715
608
197
331
296
11
215
765
999
745
144
325
375
63
781
630
333
145
855
285
750
646
750
170
195
528
782
554
847
586
93
696
855
840
534
500
969
278
383
722
970
734
543
541
6
752
325
65
527
36
208
607
886
229
9
523
26
601
350
47
851
492
93
373
478
821
551
977
322
437
161
71
147
583
946
456
463
864
857
547
686
932
16
887
739
310
742
131
106
33
875
32
826
129
743
191
691
777
698
547
706
551
941
122
161
170
216
16
160
300
20
42
526
134
3
340
952
800
11
8
752
912
621
935
779
68
132
34
246
686
346
247
605
357
502
545
8
573
272
521
13
4
479
117
22
754
20
992
289
162
307
631
676
148
87
730
48
287
658
166
730
13
666
37
766
275
69
273
940
563
211
284
692
858
48
3
596
989
38
700
483
440
825
146
66
39
93
260
692
968
794
166
883
869
50
534
747
72
163
830
568
4
964
853
579
888
775
594
240
387
87
86
532
942
53
799
410
180
952
182
522
312
640
269
250
279
80
827
651
231
55
841
562
795
88
795
490
190
229
506
4
653
21
101
724
111
257
722
156
771
167
217
597
330
779
170
393
441
2
901
616
766
945
438
20
454
686
800
596
528
235
10
593
12
305
104
648
893
808
82
22
375
978
177
338
443
463
414
505
21
79
86
463
582
135
732
152
794
385
815
462
66
360
297
447
786
268
110
934
290
154
176
890
842
178
745
350
428
128
366
0
612
946
978
288
538
300
779
154
656
281
938
301
83
852
975
865
305
993
867
708
922
919
589
602
827
376
450
105
357
576
911
63
49
155
421
279
758
351
646
267
977
151
4
469
975
31
436
146
967
497
152
963
192
149
598
785
644
161
0
194
148
375
516
63
660
924
221
48
344
202
571
676
395
836
809
334
34
230
26
772
1
242
481
343
246
693
366
684
852
797
330
48
662
211
869
684
206
390
567
451
835
353
195
57
631
566
939
451
47
904
715
224
669
901
382
832
650
272
4
852
562
525
16
448
920
82
209
334
474
861
976
84
817
28
517
603
289
888
515
103
401
933
783
981
55
433
793
894
10
30
76
946
124
931
933
8
974
526
392
987
278
961
67
291
942
970
241
277
483
353
89
46
450
421
724
393
10
242
884
15
770
280
13
552
935
44
488
579
228
738
976
453
705
535
178
36
43
469
873
613
22
705
327
515
909
435
594
632
570
773
544
539
337
874
512
106
910
66
300
86
101
123
241
150
942
669
221
276
527
975
630
368
711
944
381
607
686
155
11
89
615
421
51
315
816
665
557
27
2
922
397
214
178
108
589
359
420
278
174
640
3
642
661
364
235
121
78
804
927
762
813
179
583
941
687
675
490
701
952
625
589
890
366
460
361
938
367
119
736
744
64
193
823
842
892
615
753
314
871
96
572
654
97
173
300
545
271
928
347
545
26
492
855
170
277
129
713
586
66
305
62
818
317
271
508
997
291
93
595
658
144
315
150
262
36
808
136
68
127
332
603
899
782
808
90
364
643
575
554
192
579
15
46
19
267
632
367
874
765
585
367
695
405
601
505
456
462
35
575
216
33
58
11
3
900
572
784
572
831
548
528
509
926
1
309
222
181
72
867
46
355
271
314
886
162
895
2
639
713
849
80
43
387
202
566
866
595
725
262
325
929
992
440
456
300
988
580
303
748
431
289
789
998
0
412
586
226
482
26
710
506
121
980
550
881
50
853
430
522
359
4
705
4
759
658
908
77
823
814
323
69
85
14
207
551
602
452
561
418
499
727
676
927
97
541
30
931
146
491
123
570
360
706
396
333
212
913
314
580
179
83
112
7
580
565
725
161
155
276
452
518
385
230
757
409
148
151
0
879
488
600
100
5
104
74
311
808
715
987
46
508
179
263
758
247
453
138
572
741
946
126
690
171
779
56
393
46
401
534
380
167
110
93
335
104
404
296
274
634
186
165
773
619
851
339
203
344
814
996
26
748
70
798
448
47
344
700
648
266
444
870
130
839
176
20
459
522
204
864
682
700
7
480
100
140
869
796
305
717
89
154
719
662
760
734
665
21
371
155
821
980
538
229
174
599
585
260
980
588
44
12
110
393
929
64
345
809
710
151
343
231
32
643
402
158
102
882
875
246
400
788
397
268
134
220
277
37
10
459
530
560
887
405
327
4
238
879
85
378
47
381
223
115
326
628
907
442
535
476
497
534
349
242
193
858
694
370
119
743
196
367
423
340
978
125
859
501
851
271
825
70
530
746
59
473
753
203
751
645
910
847
441
181
921
355
311
516
446
99
103
66
359
142
648
107
853
931
671
994
689
926
361
484
666
586
32
194
116
259
638
735
889
870
952
305
450
186
960
255
231
947
303
562
528
864
282
300
3
234
76
850
668
23
750
681
757
273
65
115
830
353
738
138
515
307
132
912
34
424
721
354
159
65
1
437
668
2
499
347
49
831
8
723
876
547
208
189
205
350
167
171
385
460
319
756
373
245
0
510
446
385
200
100
615
301
165
337
65
703
338
993
294
272
469
100
33
952
380
956
32
400
27
874
473
617
423
265
720
472
774
307
176
532
278
52
672
15
271
557
816
2
425
708
4
191
397
5
241
61
81
952
120
370
432
643
87
878
455
562
62
622
898
550
290
341
760
546
4
696
903
45
644
242
549
877
260
585
260
108
875
178
27
622
725
19
76
645
612
351
512
436
421
911
299
63
814
755
218
377
969
172
858
73
597
851
779
523
568
774
330
902
458
816
948
133
351
890
555
320
122
979
797
644
66
473
359
535
970
257
857
14
394
466
472
736
602
959
387
11
515
477
275
983
385
37
473
984
38
663
739
428
338
288
419
225
899
187
350
646
19
93
454
748
57
404
25
625
541
154
243
590
708
489
896
112
57
70
464
775
177
921
88
234
401
322
57
96
29
528
3
13
726
25
438
246
652
66
167
476
161
176
787
256
532
112
8
987
562
51
144
53
13
339
7
3
46
795
96
104
247
952
246
797
381
64
628
777
300
439
827
196
163
841
47
462
423
508
857
252
58
943
311
50
631
257
879
454
136
488
22
71
669
129
984
668
507
668
304
656
406
631
10
580
579
737
336
396
296
693
648
60
716
382
195
167
453
612
151
267
878
170
633
179
608
645
878
180
476
244
743
18
773
867
315
782
816
273
26
141
610
632
217
631
179
143
857
988
76
724
825
15
759
211
93
840
197
188
757
266
51
579
353
332
3
113
902
324
770
187
292
386
672
295
340
4
310
376
252
821
662
411
984
981
704
975
756
5
368
981
976
312
342
438
810
844
457
983
171
821
710
93
36
798
665
400
233
94
330
12
940
137
379
775
615
127
338
879
195
745
656
113
842
201
797
379
995
5
389
482
12
148
893
553
301
426
381
738
637
231
216
20
906
300
845
84
654
852
182
903
954
45
239
934
572
195
417
976
880
718
385
558
106
954
29
110
109
800
286
60
661
119
144
488
946
55
27
318
817
220
971
753
185
451
387
32
908
253
262
553
962
254
365
2
170
151
508
688
119
176
8
950
662
144
473
714
393
577
658
222
165
149
52
457
957
342
844
773
688
120
3
918
383
536
942
721
532
622
153
182
339
952
972
268
212
839
33
533
488
687
0
781
19
693
5
478
866
540
403
424
737
125
141
551
837
668
21
335
655
825
261
651
720
418
218
884
371
544
421
188
236
897
729
476
452
121
992
21
680
69
86
681
42
150
574
417
292
787
74
531
960
400
167
146
34
716
471
347
843
886
92
850
837
687
877
14
342
707
381
984
35
152
188
751
226
192
460
629
329
333
995
110
657
630
452
750
338
297
365
99
673
520
319
265
404
468
942
429
132
328
214
33
846
142
896
741
921
370
3
13
245
47
191
537
110
936
15
477
867
116
201
683
420
587
337
32
707
464
242
428
700
379
438
24
343
955
218
364
367
869
73
924
130
257
737
260
968
988
204
194
448
826
572
57
594
981
19
504
861
740
380
878
562
239
773
222
619
983
850
250
583
132
493
203
933
33
826
64
749
619
509
589
15
810
17
524
801
78
714
118
244
911
672
744
759
118
336
363
380
472
615
832
969
99
470
118
516
201
772
238
418
702
4
519
827
238
4
912
791
19
128
14
873
276
793
286
204
476
179
50
226
624
67
965
839
725
881
276
704
484
615
189
64
380
493
414
921
267
142
992
320
818
791
472
603
378
894
607
258
692
655
297
240
147
837
971
277
491
349
936
790
957
546
0
786
781
513
687
263
643
45
149
76
130
166
997
21
515
860
705
695
838
93
839
378
775
536
856
9
250
109
384
948
943
896
708
317
621
159
402
652
0
253
250
879
621
151
316
714
156
651
625
570
744
808
85
698
4
4
551
227
2
161
609
183
69
443
79
359
562
329
733
29
976
16
57
365
901
190
792
872
839
110
997
791
178
286
896
354
682
837
885
667
223
148
138
76
967
913
267
833
790
23
215
577
460
114
377
837
877
98
759
116
601
647
470
807
359
453
3
720
199
94
165
63
681
387
895
109
726
3
432
897
690
934
59
142
285
262
8
111
801
633
238
426
174
1
861
707
939
425
886
104
1
170
111
256
437
618
927
147
157
832
896
388
33
402
309
305
867
436
252
208
874
163
218
627
943
538
882
509
117
381
785
988
453
358
245
798
91
459
546
690
912
682
18
622
365
495
94
103
564
66
707
230
474
274
475
187
886
328
435
347
775
987
961
305
8
206
197
562
11
258
649
26
545
557
233
199
858
222
959
147
8
145
336
245
90
65
40
269
594
559
911
465
989
756
134
560
12
163
883
331
898
587
997
37
488
162
120
179
146
258
80
834
253
520
411
46
631
391
106
410
841
837
680
35
13
65
335
349
596
603
15
572
595
839
612
12
267
5
584
81
3
993
57
541
384
757
482
508
890
0
922
328
418
748
313
376
193
114
700
372
681
550
144
154
206
924
48
549
762
582
294
11
114
862
342
14
158
98
317
380
161
484
147
197
385
278
196
77
589
836
147
683
375
239
801
644
852
102
501
528
409
635
566
214
71
259
143
913
219
688
60
702
988
184
775
481
198
104
166
421
243
121
185
268
58
280
267
630
197
262
618
587
123
318
291
496
417
689
651
469
572
337
95
515
880
220
205
724
161
172
878
11
272
930
441
897
529
371
467
417
300
282
359
45
23
888
188
333
274
374
663
314
179
135
711
420
746
315
226
729
498
918
196
426
52
78
25
82
343
572
573
678
886
688
380
980
492
851
664
630
851
164
489
491
879
774
524
613
256
353
376
285
518
32
79
508
801
652
25
4
716
265
509
232
968
403
660
536
491
781
951
59
614
434
205
553
771
202
258
994
165
313
949
719
30
773
377
989
241
271
517
514
213
697
561
115
209
765
687
840
245
47
101
962
254
561
114
719
221
412
770
807
942
183
2
114
70
557
778
486
345
339
162
113
62
500
481
484
554
696
325
194
551
434
8
293
651
51
774
334
755
786
807
665
973
20
285
70
955
14
595
641
332
387
521
271
183
49
445
844
1
986
232
261
884
759
100
393
958
465
288
0
535
935
88
819
96
998
163
737
722
464
225
475
561
601
510
358
191
547
210
875
834
998
716
477
45
64
571
708
554
198
221
315
773
670
857
899
187
682
931
3
589
286
4
419
404
165
828
899
901
781
429
656
33
8
432
434
314
200
708
515
72
145
168
301
896
331
154
99
151
592
961
117
67
821
960
653
753
705
15
172
778
498
311
951
571
395
225
70
14
274
542
888
359
316
512
578
878
626
235
957
724
119
136
783
92
74
591
84
339
762
471
518
959
521
12
888
396
231
417
826
513
195
126
966
4
609
924
539
394
602
971
626
250
538
345
376
293
415
501
298
355
578
205
128
262
944
238
11
435
592
384
948
631
799
630
15
603
393
698
254
734
824
651
681
402
367
503
672
733
783
808
288
451
501
123
624
293
157
210
240
704
203
694
757
3
222
3
337
146
344
662
263
842
130
98
760
369
451
139
471
539
340
183
944
328
1
454
309
356
24
571
302
549
221
938
466
32
149
415
132
952
634
630
298
915
913
727
282
867
501
340
441
202
960
33
277
548
878
392
767
552
998
176
638
894
486
160
642
733
775
149
258
185
626
259
528
102
25
87
749
289
850
760
496
987
330
98
539
91
298
373
30
428
193
212
98
5
121
398
171
997
746
283
717
849
41
280
993
147
199
508
529
78
653
804
242
889
284
892
559
211
622
732
168
45
588
101
645
731
107
440
611
228
564
145
360
374
519
15
964
999
391
835
933
601
641
403
207
927
288
700
133
710
718
245
843
150
122
110
939
965
350
463
980
678
275
90
183
180
50
45
837
90
871
933
11
712
314
486
814
752
515
137
9
192
97
6
261
984
387
551
671
479
73
271
610
848
902
258
590
64
387
627
952
202
4
990
512
786
813
197
839
161
339
601
660
458
717
189
609
516
918
697
9
680
25
70
159
530
609
941
985
494
757
316
955
135
608
966
876
570
12
548
155
474
101
111
678
27
586
428
658
278
974
739
15
5
4
635
71
747
525
370
858
404
35
732
318
68
622
937
356
875
219
963
991
294
419
633
512
734
247
388
193
282
382
768
654
564
578
631
941
18
364
985
727
731
938
195
199
407
423
778
56
256
477
556
647
776
128
752
344
233
382
122
373
817
575
365
32
732
196
141
456
399
619
762
48
251
138
136
521
274
0
491
437
556
361
271
956
435
650
683
414
64
13
192
341
21
406
672
124
543
794
126
689
607
42
709
282
890
726
477
139
851
431
605
62
590
748
5
66
549
876
186
602
620
295
826
902
29
975
366
665
760
361
588
326
268
523
609
895
210
577
720
130
840
368
765
241
42
982
932
517
71
902
510
91
71
50
505
504
958
4
730
854
915
151
68
999
164
762
543
296
807
748
657
355
721
177
839
366
59
648
891
210
2
45
747
164
133
495
365
14
739
849
845
764
146
300
492
771
748
713
215
708
767
485
863
838
483
71
772
344
65
648
510
586
628
128
782
893
38
518
2
385
727
0
737
160
290
910
296
541
288
244
12
909
38
122
941
130
2
873
241
248
720
376
99
349
430
684
91
959
413
776
26
574
593
572
452
484
292
736
22
61
637
744
966
909
371
603
33
19
4
522
69
792
67
518
187
188
687
632
927
520
180
16
977
39
308
211
489
592
160
7
643
623
516
585
352
350
236
117
939
507
773
785
203
276
798
251
396
19
3
440
967
233
884
913
353
501
677
954
748
600
969
462
78
310
307
63
808
541
774
138
758
475
385
273
620
92
490
137
965
3
293
138
187
5
219
126
489
901
270
501
559
894
31
16
281
742
486
370
722
974
92
684
311
137
361
91
565
591
784
132
769
592
328
328
185
18
355
378
804
757
376
904
203
593
618
193
809
865
991
60
975
831
733
147
424
458
29
83
576
539
52
384
750
65
51
377
63
32
339
571
862
588
950
365
56
433
142
190
366
341
789
101
60
842
922
654
625
0
806
272
818
956
742
423
298
659
680
495
846
661
27
162
615
694
715
861
615
246
128
732
381
76
939
589
229
353
343
591
799
651
943
986
0
200
162
84
119
692
364
403
878
584
16
209
817
186
891
950
185
577
511
403
521
444
417
95
938
840
22
551
33
0
711
45
649
578
168
795
830
20
722
130
606
293
526
290
961
57
184
138
342
730
293
404
938
794
742
903
178
521
894
449
811
528
696
788
586
689
37
126
495
367
392
773
613
518
996
903
39
133
784
951
74
880
838
448
603
601
708
475
159
151
66
783
463
892
55
9
229
856
742
742
758
847
834
947
832
373
347
597
831
226
341
89
40
138
686
595
967
987
210
438
12
1
44
557
268
132
2
741
14
451
403
840
143
155
844
65
983
661
3
482
583
378
188
15
809
410
458
150
801
118
826
486
431
202
428
437
960
129
395
278
791
846
638
271
783
388
10
582
482
769
340
333
730
524
293
321
346
585
478
116
90
669
429
141
236
522
135
794
247
661
3
366
193
295
382
508
92
611
855
93
161
398
593
921
27
50
355
127
187
167
830
585
960
201
970
769
371
92
692
400
686
226
80
174
138
496
83
984
481
644
407
337
161
378
1
772
952
509
539
729
921
278
503
637
701
65
953
532
10
391
253
403
951
368
479
560
21
405
194
819
91
541
471
506
118
921
575
341
522
490
495
122
304
482
163
13
639
538
266
173
784
779
129
44
516
724
380
941
166
529
948
831
146
621
51
149
655
630
48
179
13
380
361
281
970
456
633
843
790
33
16
76
756
795
951
71
328
575
959
711
218
144
586
651
475
187
30
1
747
444
3
561
0
784
207
444
5
574
933
696
567
97
209
320
908
833
376
254
179
490
193
796
695
394
349
696
888
574
170
41
31
222
295
165
44
593
271
84
184
94
649
742
634
632
447
852
752
18
180
182
487
237
662
156
392
279
262
415
615
173
53
663
752
775
749
823
958
331
526
248
393
260
944
520
429
335
550
595
609
542
909
450
920
342
984
870
374
394
805
330
406
77
881
529
869
814
260
675
883
699
298
312
221
583
835
600
296
644
109
607
90
0
227
982
25
453
63
795
549
220
850
15
316
349
861
122
559
106
875
8
486
443
927
180
335
518
35
622
845
578
86
64
966
420
595
651
8
234
73
442
260
426
77
150
386
733
976
271
634
319
180
823
964
549
375
253
4
838
417
33
124
421
738
594
308
583
393
884
627
132
467
15
15
820
373
138
1
1
460
106
261
247
746
630
715
414
356
929
27
686
432
776
711
924
4
747
796
897
180
314
16
14
736
635
103
3
876
148
329
117
46
171
585
896
172
918
900
115
80
242
106
23
294
61
774
232
232
699
429
34
655
417
901
676
362
41
636
108
266
2
951
7
735
210
441
256
118
94
259
317
777
804
84
753
22
597
297
883
304
34
328
99
666
268
991
734
137
219
570
458
787
222
241
457
78
803
546
897
647
309
37
317
168
870
358
630
543
904
909
782
362
897
70
725
0
555
363
600
483
100
653
939
652
532
84
386
432
495
263
217
824
982
324
332
286
642
990
359
963
586
796
588
460
313
156
896
349
343
367
289
430
394
37
887
849
126
464
179
731
528
454
594
251
758
266
401
720
27
11
712
132
841
406
319
385
568
209
534
927
815
535
374
376
69
668
912
69
997
122
375
274
958
999
244
250
165
213
716
743
781
290
741
494
958
687
355
942
616
820
333
978
254
38
571
411
61
350
280
465
738
137
148
15
392
998
711
789
519
140
10
62
244
362
393
368
379
777
620
99
785
78
171
27
604
823
574
562
412
26
844
94
594
970
347
78
395
977
272
342
46
332
855
614
202
296
233
219
880
666
410
424
630
907
381
932
59
278
393
820
91
94
84
125
666
352
617
670
551
338
908
966
106
41
923
356
955
724
598
713
17
197
513
259
38
895
533
97
288
171
122
87
855
345
610
161
49
294
5
662
12
180
252
259
893
60
338
65
750
746
678
66
123
229
63
417
614
751
578
896
675
520
473
7
822
985
289
808
676
113
134
576
798
64
217
520
392
554
324
442
28
623
547
348
659
845
606
625
118
815
510
758
478
846
459
370
245
859
80
100
63
70
852
465
197
844
694
904
650
225
589
774
522
720
781
665
19
389
162
255
787
721
130
143
319
65
717
712
799
715
769
187
63
606
662
109
282
808
373
482
15
556
533
15
91
902
380
103
391
745
132
145
692
164
473
615
951
734
164
60
232
767
448
780
669
864
302
404
2
802
180
220
309
871
337
506
573
727
7
956
667
107
270
58
639
795
952
403
795
418
345
3
636
367
228
596
807
887
356
202
53
311
975
84
567
411
998
615
470
689
133
602
499
478
138
788
91
409
899
79
549
365
118
350
465
145
148
938
647
168
416
84
490
22
190
946
696
285
5
499
795
191
200
8
820
76
208
267
662
244
143
753
619
720
809
21
209
256
544
16
919
495
149
211
863
154
410
493
919
20
769
160
135
77
64
303
674
326
979
481
545
50
572
684
674
333
319
379
144
831
852
165
631
83
620
817
187
420
854
240
842
913
172
371
977
790
443
643
30
405
780
509
579
387
378
20
672
340
76
758
271
720
64
314
624
491
17
504
603
543
218
702
224
180
66
679
661
789
78
418
999
356
302
416
923
130
930
747
786
182
996
501
142
866
327
668
122
560
793
570
580
916
994
835
935
500
781
107
606
279
22
141
366
518
307
724
841
498
146
82
164
219
850
829
712
529
105
422
369
36
796
965
362
19
96
909
857
109
306
363
573
829
143
776
824
378
654
15
280
905
666
767
510
828
270
376
598
848
139
190
329
586
278
767
403
499
73
950
371
354
263
323
416
935
722
252
577
516
359
648
608
196
122
429
15
63
298
814
61
487
825
517
188
456
578
501
710
461
32
84
273
573
985
189
702
295
297
141
192
633
356
708
401
497
165
260
495
751
84
251
813
681
612
439
452
956
351
950
888
4
32
781
557
322
555
15
850
283
85
321
56
429
48
29
440
669
304
849
135
854
344
47
580
957
289
22
277
628
128
757
700
764
86
611
758
559
339
665
816
244
534
1
767
746
233
889
628
244
84
723
12
453
270
464
31
819
86
211
572
66
308
542
374
177
821
578
567
778
124
156
699
515
542
758
15
456
51
717
241
546
648
430
407
890
206
30
661
536
440
222
9
146
736
32
72
726
387
870
606
387
980
326
279
773
12
220
582
880
907
114
65
916
19
850
836
444
64
465
870
286
382
853
547
534
707
341
9
295
548
7
684
690
819
343
14
714
167
217
320
951
130
165
633
65
816
942
195
528
739
763
70
157
176
597
890
539
15
43
979
186
218
932
0
216
297
916
164
710
591
539
584
369
742
61
949
103
688
519
761
586
9
428
941
0
516
995
912
165
524
915
145
409
541
902
248
585
118
707
386
673
168
329
286
132
880
298
311
335
806
13
467
173
153
225
352
918
882
517
808
277
409
94
577
406
22
528
333
343
413
879
663
88
970
329
315
72
409
300
851
157
836
305
946
707
439
96
522
709
26
236
947
632
343
674
561
466
637
331
701
523
120
261
304
943
33
840
492
369
701
8
90
632
618
535
7
243
44
570
536
848
448
438
452
161
0
806
649
95
445
700
420
838
438
493
514
453
74
19
916
981
798
14
787
615
12
926
227
606
419
796
530
420
330
460
437
82
53
528
174
742
262
34
508
57
959
556
605
17
620
62
573
777
520
463
165
3
808
25
991
49
550
303
292
494
197
510
898
753
352
723
574
999
667
507
943
34
962
702
900
155
531
678
773
416
812
185
96
141
234
158
127
118
243
127
708
676
74
74
85
62
454
338
592
192
20
793
709
809
317
405
93
426
590
516
754
339
214
29
6
965
129
49
302
551
653
374
610
716
280
105
867
951
31
180
335
515
931
782
589
507
200
706
369
167
487
542
823
460
995
614
487
520
478
892
655
524
546
279
113
404
632
758
996
166
211
219
961
98
394
769
357
91
955
733
578
240
415
568
504
584
291
347
209
226
47
486
620
500
113
349
876
946
577
603
892
623
614
646
655
489
178
355
862
622
653
664
73
345
879
82
601
236
336
690
258
945
77
793
33
63
80
207
657
421
924
544
75
185
712
321
144
270
985
450
490
687
142
231
218
410
281
164
428
275
30
839
511
258
723
492
26
710
299
148
887
704
476
285
377
337
352
652
790
597
540
869
101
17
722
1
406
480
898
102
477
921
789
487
781
344
556
26
513
692
4
214
76
10
11
511
228
102
665
758
968
668
207
852
988
206
262
598
68
3
407
276
849
304
928
646
341
578
853
195
809
191
12
783
647
777
749
180
949
780
189
562
188
993
882
172
734
283
15
829
81
998
136
516
926
227
355
521
934
959
610
905
358
300
384
719
413
439
87
459
66
208
715
306
390
313
401
917
57
466
462
457
793
348
277
895
28
112
446
106
444
619
430
448
557
240
921
401
856
3
799
193
96
26
620
622
187
324
992
909
4
878
771
22
894
74
925
785
231
241
542
572
115
806
732
529
122
967
131
131
655
268
317
323
177
71
379
487
224
644
43
302
371
270
32
102
632
824
484
120
583
181
32
661
22
707
592
370
541
4
252
575
3
612
471
682
370
571
262
874
490
515
280
806
680
44
228
226
265
223
137
150
37
794
555
595
322
731
4
631
128
466
650
183
571
554
768
588
813
323
83
854
850
807
891
115
588
404
710
312
764
774
879
278
692
480
496
595
585
565
281
505
371
124
31
354
492
668
575
494
296
766
310
784
442
983
118
951
290
959
884
4
279
524
383
958
892
676
849
599
218
135
375
41
907
541
33
464
279
695
19
315
720
236
565
479
478
660
967
39
212
116
307
202
500
726
132
236
758
968
772
978
572
538
509
889
362
225
135
796
314
989
693
94
558
52
324
109
283
416
571
92
474
999
360
854
341
598
10
769
585
589
367
774
975
434
279
392
773
396
72
460
34
381
426
312
133
408
332
261
891
560
447
460
123
847
349
109
52
33
698
486
863
375
563
721
14
811
546
289
656
82
191
731
813
138
276
361
840
81
610
182
1
503
64
36
107
787
112
828
153
593
255
492
460
934
523
692
857
792
5
213
585
88
941
606
10
657
911
64
115
858
663
285
156
317
559
40
222
958
919
441
8
879
833
582
389
215
544
676
797
736
832
721
650
794
621
382
654
378
296
737
293
331
377
188
11
649
284
963
277
747
348
520
101
939
403
525
33
937
260
329
547
518
153
704
732
625
356
721
490
409
649
155
763
511
26
94
719
856
37
912
771
636
785
471
679
270
857
802
649
147
241
240
819
184
331
327
326
490
168
319
558
221
29
175
157
275
21
147
456
237
82
2
683
2
975
86
815
620
926
711
577
229
317
404
52
478
374
472
353
375
746
568
198
75
140
334
484
495
875
149
19
168
10
74
19
612
844
239
317
218
289
488
891
749
234
806
887
175
213
461
642
181
3
259
556
457
298
425
698
302
123
960
459
134
578
925
117
173
753
304
659
163
256
743
46
997
387
992
370
937
293
881
100
429
235
854
491
230
544
921
777
103
790
261
982
717
576
231
206
155
340
199
982
746
7
633
223
75
499
950
487
459
334
220
110
357
11
166
677
667
102
859
33
194
645
21
15
200
918
328
540
15
408
538
321
13
950
911
12
349
366
837
60
814
552
532
707
626
205
210
242
466
966
941
2
515
640
42
956
793
686
510
645
617
5
256
756
201
766
354
534
435
312
894
704
354
516
915
160
16
150
836
307
221
13
361
324
465
359
914
746
733
525
511
982
774
601
925
150
22
398
109
14
262
990
236
827
739
619
850
615
998
31
132
353
999
515
598
407
229
658
179
963
304
297
4
859
43
566
264
763
85
524
244
415
103
294
20
467
863
968
636
974
146
743
199
997
423
957
355
285
106
142
142
897
228
14
206
59
891
407
335
784
830
37
614
232
882
800
518
499
368
892
867
941
502
668
353
422
431
73
962
925
506
851
4
49
448
921
120
730
565
557
133
309
309
6
907
193
638
674
835
177
411
663
948
971
233
618
895
433
885
255
348
410
937
356
752
618
984
358
100
302
527
855
971
307
248
954
623
606
548
534
666
543
564
228
848
388
383
201
398
600
911
179
997
18
199
515
4
115
143
837
984
838
874
843
384
215
260
238
950
507
780
398
999
388
493
685
528
7
137
288
275
355
437
188
107
612
241
570
772
33
151
892
559
120
224
294
966
728
113
561
474
628
532
873
7
549
873
166
865
970
268
287
464
145
727
99
533
672
199
104
863
554
252
964
745
556
619
253
396
821
933
752
409
812
49
90
697
672
383
108
909
708
746
794
118
547
23
415
36
670
478
511
858
115
316
360
465
111
236
737
912
406
200
173
87
55
709
461
205
743
534
533
101
476
78
911
888
7
492
923
262
290
575
294
580
907
472
255
771
322
757
848
571
404
183
431
893
666
883
92
88
654
318
440
649
975
812
713
591
695
554
885
64
905
78
866
823
368
795
863
561
257
897
925
250
721
242
282
11
389
327
212
672
165
93
146
354
272
190
969
984
647
430
404
82
0
920
64
702
152
525
526
816
790
633
487
809
474
415
212
89
951
125
136
202
709
682
348
392
656
454
772
885
528
170
503
86
904
492
111
327
98
571
359
893
529
247
611
807
778
813
79
189
422
209
206
726
22
619
561
452
153
724
820
865
823
374
167
962
807
732
482
803
302
920
130
24
741
611
692
715
842
131
96
115
907
188
76
305
191
570
459
193
689
500
206
14
479
853
970
537
4
966
627
759
219
787
3
903
656
14
830
790
586
297
903
825
390
336
736
602
295
496
415
114
449
820
3
399
833
406
192
218
719
811
100
993
407
387
865
984
626
230
553
516
623
248
317
804
232
312
916
33
549
15
505
178
671
520
391
763
362
33
611
5
503
116
157
780
191
160
618
433
514
9
105
842
216
25
818
858
231
415
541
517
204
780
698
347
232
71
855
326
704
470
256
333
375
522
527
410
141
227
205
714
276
270
659
532
540
934
831
239
45
846
870
698
217
247
627
894
752
141
487
127
955
944
213
888
505
621
708
385
30
871
75
862
140
702
527
764
997
614
0
805
495
29
525
576
932
989
673
157
541
675
425
592
140
234
20
955
742
828
4
993
676
294
325
575
474
803
457
835
243
268
4
338
895
488
827
276
450
133
117
65
852
486
354
11
294
925
418
572
852
164
689
393
95
515
884
14
61
636
649
861
67
113
29
451
45
364
970
654
421
163
288
821
943
33
69
377
18
46
242
353
416
328
833
848
535
195
238
450
232
188
916
113
887
617
130
829
742
58
318
25
640
379
187
78
66
161
329
10
498
131
651
108
332
954
919
692
748
219
603
358
1
889
760
842
733
711
667
968
948
853
727
456
58
20
524
18
861
713
1
69
28
154
270
94
351
693
539
993
416
23
916
504
404
306
262
771
455
655
812
499
79
964
983
199
185
780
5
657
994
275
344
948
545
439
449
266
355
132
341
650
550
890
868
888
108
875
968
772
221
61
860
135
585
805
189
884
26
789
45
712
771
708
465
911
718
795
898
1
448
647
51
562
514
467
889
684
64
618
102
497
314
560
231
711
325
434
665
68
897
830
466
991
753
576
874
328
981
228
960
380
478
746
71
9
993
457
862
279
55
0
643
64
514
291
490
505
131
92
344
43
12
186
717
411
426
26
713
61
92
591
385
488
18
402
779
19
277
660
605
214
941
257
399
604
835
55
209
206
197
738
426
913
298
806
5
86
519
760
601
864
184
830
725
485
395
479
37
365
474
801
560
545
105
26
969
193
511
680
285
566
335
732
49
147
679
455
652
42
431
769
634
30
622
376
420
429
461
237
327
961
541
33
790
173
19
227
418
608
541
367
515
189
486
22
104
532
240
469
3
22
567
346
667
165
315
736
76
974
166
211
960
5
800
237
438
637
566
924
120
757
685
314
25
698
636
184
763
783
445
614
2
442
636
933
36
435
44
745
531
972
18
936
100
435
357
403
310
224
896
347
115
604
80
31
747
175
587
232
181
242
659
992
34
646
714
157
558
270
652
839
24
765
289
831
508
294
440
492
143
22
960
169
893
246
31
846
759
732
239
340
527
552
606
699
878
184
362
623
723
895
658
494
843
821
282
301
774
824
723
119
493
144
998
169
225
470
651
60
795
246
810
129
992
254
800
463
653
610
96
973
716
538
584
711
250
461
803
765
178
255
777
133
888
262
682
785
953
530
615
159
789
463
403
533
975
114
675
728
377
269
517
164
879
0
828
535
175
915
56
409
563
327
169
152
751
845
726
645
243
912
768
663
960
447
876
479
866
246
347
984
354
117
211
47
455
76
686
245
128
199
154
642
422
0
921
372
691
826
732
404
14
859
32
147
598
41
534
122
840
605
711
879
702
530
283
186
449
181
922
567
164
68
893
1
304
251
488
295
415
907
456
827
772
856
625
634
274
736
824
58
710
134
863
931
633
95
718
370
532
833
48
830
140
687
21
419
413
821
880
241
514
113
45
271
897
776
286
4
803
321
168
4
912
737
296
118
983
176
173
377
762
809
960
50
711
852
483
26
573
804
211
57
269
262
728
946
196
204
300
756
860
770
448
691
861
893
327
548
794
318
634
395
697
163
404
38
673
760
803
4
285
311
582
221
74
483
27
354
71
973
364
879
635
116
226
231
169
374
831
41
217
908
633
688
208
332
759
947
419
755
394
212
943
743
60
989
757
723
952
267
691
450
992
399
398
844
109
237
397
663
234
424
957
768
383
874
61
577
822
837
33
74
344
995
414
801
657
357
910
442
247
980
340
929
701
203
6
605
616
82
64
185
388
193
449
69
350
392
738
521
910
207
6
346
192
126
305
653
347
586
691
978
530
966
161
807
602
871
0
982
561
183
833
413
225
405
128
543
936
77
708
736
297
406
663
305
478
233
536
576
703
876
75
599
34
14
14
5
65
855
595
81
660
182
249
425
636
589
899
843
4
453
446
649
118
815
591
145
520
800
15
269
855
602
20
606
808
13
164
471
251
917
987
110
531
128
303
573
478
402
214
334
482
350
996
254
47
4
551
992
224
314
791
77
935
370
661
119
368
520
145
419
249
99
579
632
571
828
819
20
0
346
610
428
242
719
112
367
691
176
0
411
462
289
981
408
138
182
818
376
857
680
158
677
617
20
795
949
342
151
8
201
7
827
213
20
813
110
412
850
603
1
555
724
546
651
260
40
998
547
730
850
758
310
387
673
592
340
772
974
415
323
615
931
807
899
147
794
925
787
318
61
965
841
494
629
232
4
796
531
834
148
201
585
213
860
827
904
200
735
850
750
558
788
437
367
653
130
11
140
145
975
196
165
530
372
55
329
804
548
69
87
13
145
771
5
549
49
886
533
4
543
417
454
206
803
862
59
33
530
684
73
284
281
912
380
185
735
954
925
989
320
888
806
468
596
595
607
823
928
245
173
491
16
626
805
506
777
4
724
469
593
277
85
457
692
4
83
893
5
429
629
279
678
29
258
670
306
270
499
375
967
560
721
278
911
382
969
183
644
4
118
908
970
143
396
555
165
199
53
762
643
983
200
815
491
468
598
284
933
684
539
268
995
0
196
66
301
540
978
424
115
474
138
999
936
804
65
7
785
587
755
923
751
832
582
79
631
5
572
262
106
320
879
3
192
323
742
889
83
638
192
488
596
47
562
369
552
441
771
298
619
282
374
865
169
445
802
15
763
724
549
427
436
516
838
539
546
590
960
113
89
835
512
126
584
19
197
522
869
149
616
999
162
717
256
365
372
944
762
904
14
625
889
11
164
588
521
461
420
517
607
868
444
985
280
265
824
691
580
231
577
72
122
225
101
964
220
284
879
637
782
364
272
449
192
62
377
398
943
722
748
3
370
711
64
171
107
605
641
129
147
398
312
386
562
150
241
238
836
785
753
383
752
143
912
175
319
81
37
91
945
762
618
3
649
481
732
817
624
21
205
229
453
481
467
432
338
468
198
57
66
51
65
395
929
788
719
280
253
657
764
100
903
33
794
152
528
113
220
121
73
591
76
330
230
412
978
723
762
66
91
128
637
118
814
630
107
59
70
248
519
890
323
987
603
407
224
766
442
242
210
761
410
123
393
477
61
791
495
536
595
628
38
98
487
658
320
958
63
74
525
976
31
274
622
201
415
317
549
292
131
304
960
952
778
366
854
255
255
904
297
887
664
821
974
252
719
707
366
606
498
156
505
343
673
660
467
435
489
216
126
592
461
233
798
530
578
492
910
404
69
243
631
306
365
978
886
17
38
56
161
959
279
655
467
910
193
59
144
58
319
333
424
813
336
427
979
896
173
442
559
846
275
74
801
413
348
824
362
539
800
33
725
589
242
54
908
168
33
581
442
666
798
970
315
793
354
55
660
748
32
11
121
822
615
46
726
149
703
108
437
328
394
117
533
127
5
857
255
159
576
620
574
531
271
137
419
627
599
794
824
80
449
456
815
604
439
759
487
632
216
95
547
91
495
449
258
740
372
326
389
328
0
732
461
824
620
983
62
552
915
527
272
30
424
402
260
318
740
52
276
555
256
767
464
905
823
261
398
17
544
473
103
357
368
426
389
232
796
120
89
831
292
917
198
454
357
204
753
648
149
450
736
308
833
837
891
252
440
414
308
868
492
51
178
725
265
337
227
411
35
896
273
67
475
252
850
668
112
244
437
628
130
160
704
26
514
262
87
185
243
599
895
739
699
828
676
449
981
7
6
74
629
65
594
517
35
310
933
10
37
289
867
485
838
742
459
903
415
491
8
683
6
223
68
773
773
163
976
419
25
55
306
235
328
754
600
846
99
862
860
511
372
4
493
14
625
394
183
16
915
119
151
4
863
120
164
14
700
501
5
441
469
494
267
873
989
284
53
903
541
820
11
38
493
64
785
312
887
102
113
105
186
623
866
976
186
121
3
132
421
567
876
768
462
443
435
343
31
674
833
317
51
696
648
261
747
134
72
737
855
512
91
137
240
816
122
651
336
220
570
19
397
69
234
154
768
359
764
568
583
601
972
552
334
545
476
698
358
96
335
953
464
610
433
759
735
701
101
850
759
311
59
997
698
338
329
481
340
231
667
12
723
627
23
40
526
450
561
282
159
93
234
810
662
53
890
663
14
855
364
51
999
728
644
662
616
660
653
35
824
331
823
239
529
931
561
797
728
674
655
5
439
255
681
873
561
32
629
20
320
45
153
996
797
192
166
639
150
955
575
304
543
41
551
599
435
473
246
485
635
501
869
179
615
723
674
184
249
273
73
0
765
693
750
2
991
790
910
264
265
14
594
318
71
505
935
465
321
494
104
581
102
299
426
187
758
335
710
70
18
112
287
315
242
64
8
878
860
510
174
265
693
82
547
166
865
895
128
112
303
701
761
702
312
504
3
45
990
818
641
54
779
966
703
333
347
965
232
830
889
125
107
998
240
850
293
502
366
759
9
202
201
300
687
95
394
756
941
783
426
385
835
260
992
873
651
699
793
334
2
139
530
344
31
987
261
575
393
979
227
582
424
412
245
269
639
239
59
869
3
305
320
754
612
349
166
521
336
321
821
198
863
748
330
243
914
760
59
594
165
347
905
551
461
802
157
967
778
270
619
260
5
186
896
973
387
483
673
188
94
310
564
233
519
748
54
308
152
513
539
265
156
868
408
766
704
930
396
20
349
33
145
653
673
641
55
3
530
466
578
132
832
24
948
479
729
621
961
833
125
230
952
814
265
248
536
452
460
125
719
515
653
391
617
3
453
548
550
222
286
29
624
163
26
659
682
654
971
1
962
0
858
961
237
342
276
144
739
976
521
2
575
20
646
955
351
182
449
805
809
579
84
946
101
131
16
370
822
105
205
475
235
960
940
658
319
4
885
330
941
73
445
344
116
462
704
61
406
344
209
832
19
371
922
796
440
662
879
551
888
80
504
699
419
607
268
498
491
493
756
936
145
974
49
432
633
250
447
365
738
569
243
770
665
622
52
143
930
716
100
334
73
870
221
882
363
385
11
517
868
25
641
769
200
267
511
80
982
635
384
686
19
843
885
149
452
707
349
341
34
106
970
269
534
919
468
183
603
595
305
415
837
117
645
42
339
463
67
78
880
928
0
854
884
787
691
886
539
509
438
201
367
697
932
340
293
252
110
809
41
913
210
373
606
504
298
774
959
351
325
7
640
822
824
43
50
564
714
62
204
226
665
42
719
969
212
364
12
755
186
503
23
59
335
810
829
526
516
182
20
51
950
931
495
902
506
568
517
267
839
295
300
234
520
14
177
299
380
892
567
238
958
344
815
88
434
407
453
874
165
495
26
148
979
877
751
675
349
112
994
862
423
65
761
869
45
704
53
239
58
510
946
59
884
12
13
299
288
707
290
344
55
338
268
419
436
133
107
845
868
757
130
104
481
13
90
276
897
14
351
312
7
452
166
181
719
368
343
113
934
288
744
152
90
680
732
274
865
798
455
686
363
498
314
970
468
308
686
319
483
925
608
263
933
816
49
452
756
374
404
216
614
286
746
813
443
234
565
564
840
432
317
411
442
993
210
46
866
284
641
776
613
277
701
172
310
182
343
729
317
64
204
244
946
877
709
491
523
257
914
215
703
667
207
1
810
694
286
0
426
703
388
354
821
85
879
712
498
135
204
923
915
550
536
246
975
571
826
768
616
9
894
379
141
780
115
276
232
335
106
961
2
126
1
791
75
943
477
932
819
19
18
734
171
149
340
44
215
154
699
377
851
792
174
505
676
721
145
509
584
23
795
966
637
5
647
951
748
43
360
484
558
288
14
226
601
4
147
30
397
364
921
413
382
448
186
19
950
224
285
66
24
124
339
63
792
618
814
562
563
203
766
265
126
92
980
3
5
824
160
413
1
833
604
734
545
659
360
720
11
317
229
617
68
134
304
391
115
172
808
811
139
26
545
756
632
746
377
585
219
178
634
639
939
204
318
307
11
722
25
691
874
328
914
600
45
837
516
143
451
625
780
316
473
607
158
39
536
499
969
944
366
15
842
739
263
70
812
519
388
260
721
174
375
640
743
313
922
657
570
200
586
701
702
786
45
920
151
969
211
65
77
6
460
402
423
101
68
839
986
113
965
875
425
951
125
485
432
298
721
221
554
127
955
566
965
366
58
82
945
743
108
881
988
357
40
465
737
58
744
352
580
771
826
887
951
874
790
945
641
129
126
863
823
998
1
960
324
944
571
597
586
753
101
176
900
764
42
69
130
565
357
34
179
840
3
502
388
677
103
631
834
947
618
279
249
679
28
30
783
11
328
833
439
332
298
836
456
410
114
219
626
732
169
875
251
568
73
698
728
424
553
704
75
587
270
548
153
920
557
11
173
594
403
940
388
684
926
98
63
55
222
66
15
931
5
81
287
3
719
22
105
375
946
120
308
705
315
3
455
997
894
681
494
500
810
389
613
155
660
474
602
625
844
921
688
394
917
426
79
569
797
97
267
818
988
287
550
262
570
328
15
793
707
657
67
657
62
669
306
317
677
962
522
979
930
543
346
907
974
237
85
420
227
468
570
625
11
207
528
921
319
280
646
816
417
954
73
561
944
72
149
685
869
976
738
328
33
871
78
295
25
607
132
45
759
428
513
245
816
41
45
636
352
427
39
349
101
297
42
126
345
72
954
51
164
536
866
12
683
441
886
760
427
460
933
270
625
826
173
678
590
439
255
60
258
747
698
430
338
881
880
110
366
466
533
893
344
98
152
279
228
173
300
907
37
952
417
4
636
996
439
212
796
982
959
657
14
13
67
834
69
248
933
777
82
374
940
551
527
293
435
102
268
64
224
45
515
996
771
282
767
579
749
82
545
336
4
944
903
789
545
362
504
909
102
520
93
992
769
642
417
321
491
370
17
840
105
307
345
972
332
51
730
949
336
19
745
429
45
450
671
891
515
647
746
18
862
0
75
8
90
487
418
285
473
100
243
289
8
70
486
183
360
84
91
989
553
487
86
672
440
776
56
641
264
446
464
203
122
962
504
402
789
512
124
5
852
636
701
923
134
983
90
739
16
541
323
164
348
403
273
359
837
193
878
825
867
404
520
141
198
479
19
61
555
670
195
218
192
100
937
793
