415
888
494
106
118
276
493
452
676
66
8
702
871
244
28
967
650
145
179
670
38
913
232
342
127
894
643
963
412
524
469
951
63
5
57
530
833
5
528
8
927
567
588
739
23
672
329
63
417
83
37
219
835
61
3
221
97
705
236
185
332
365
605
784
646
313
168
774
868
144
939
632
575
625
790
533
710
147
484
646
719
295
453
339
761
166
960
515
10
147
177
180
808
369
144
210
938
840
300
886
362
370
100
668
131
312
33
526
63
519
61
216
579
47
530
150
695
635
244
832
127
15
585
950
266
432
219
212
903
338
768
932
408
667
859
426
844
446
474
284
668
819
702
854
907
453
131
4
878
793
228
284
630
969
846
308
68
831
201
444
554
909
110
324
748
230
587
827
594
21
955
630
684
19
126
315
527
348
970
73
1
140
347
912
227
542
339
465
559
944
968
904
101
807
795
107
319
382
431
33
178
329
149
708
271
894
207
153
145
878
802
650
354
215
108
974
265
452
178
675
550
652
959
705
658
44
909
715
491
912
686
366
974
259
745
358
336
64
565
963
331
132
65
456
640
20
339
160
988
0
773
570
110
504
225
99
583
26
168
453
540
156
588
659
638
274
773
235
262
502
826
573
191
701
923
116
669
0
647
327
12
16
454
764
74
785
506
671
3
475
844
581
1
569
893
546
28
718
677
964
793
467
551
64
111
173
816
15
6
544
319
234
641
419
436
664
107
248
455
873
303
926
300
806
260
505
87
655
876
970
564
648
445
156
204
154
168
388
339
655
555
850
339
726
752
559
165
216
984
85
248
603
147
625
243
882
90
529
151
991
571
789
151
19
375
743
946
998
370
667
531
225
567
536
635
419
891
293
356
913
387
702
365
611
879
700
615
361
508
284
534
53
430
423
567
903
421
236
923
365
91
110
925
875
739
534
795
950
336
605
465
313
948
181
78
310
958
967
625
303
666
104
220
469
874
426
364
453
892
751
121
301
595
357
928
725
219
46
376
175
561
993
16
904
847
980
516
250
138
746
300
192
929
821
656
410
50
880
836
878
102
326
681
950
398
9
187
381
304
262
70
336
750
512
1
698
246
759
728
740
509
151
10
536
548
831
60
609
26
547
188
464
84
313
202
38
416
120
384
626
779
21
166
127
918
746
48
608
639
636
800
192
734
357
54
820
485
645
646
255
317
703
652
883
749
405
246
73
746
291
102
164
19
413
476
247
634
15
20
193
517
327
748
3
199
434
128
802
922
30
4
995
199
984
843
297
159
382
433
157
553
201
29
782
25
787
14
90
987
214
809
504
242
699
511
594
566
4
201
192
832
4
4
748
565
332
294
179
0
888
235
459
799
106
78
638
616
62
557
487
102
183
734
823
974
636
957
745
495
762
8
448
563
349
784
468
692
907
719
757
266
653
369
970
277
106
508
649
992
666
669
62
130
857
4
525
858
439
245
119
370
393
637
297
714
353
465
757
598
167
518
48
277
632
7
504
884
121
360
207
938
289
721
466
209
674
647
932
264
128
488
476
246
64
585
29
777
293
641
105
932
113
850
993
166
516
379
911
202
665
396
6
869
846
285
194
862
89
464
961
161
789
585
537
836
149
790
497
91
819
45
622
831
469
391
528
436
206
858
355
618
586
647
833
722
711
250
336
838
221
397
40
610
219
508
279
86
133
449
502
959
3
783
439
504
285
589
700
689
3
320
806
936
884
855
780
144
268
261
328
83
394
149
186
484
505
560
868
541
153
766
175
837
224
339
199
141
746
120
991
252
463
98
252
608
953
941
282
140
341
991
10
120
318
685
878
884
86
596
320
36
618
216
16
315
551
16
301
514
591
342
976
667
988
896
244
990
144
299
298
300
761
14
213
914
317
583
429
367
314
546
605
307
975
125
725
656
952
147
567
534
160
548
431
146
56
146
353
716
756
134
535
794
602
101
913
841
987
2
824
191
311
10
149
140
30
548
871
4
601
616
10
759
18
352
523
26
615
216
434
882
753
955
584
242
852
98
271
599
525
896
676
996
478
766
584
989
970
850
658
897
783
703
597
492
991
999
755
280
2
319
241
561
122
919
909
635
730
541
720
556
495
649
197
244
81
73
173
21
668
309
7
635
493
862
72
707
260
620
31
77
90
680
334
962
966
582
34
836
457
59
147
238
545
532
976
137
818
295
923
549
644
585
75
246
182
196
376
513
402
547
457
726
551
317
189
210
927
527
273
797
979
582
601
821
809
188
677
969
193
382
821
874
996
322
528
92
678
238
981
563
31
33
571
278
226
220
397
417
364
989
517
289
377
229
25
218
730
56
786
335
866
947
865
140
952
250
218
99
684
574
636
132
711
430
819
804
478
95
643
665
735
471
268
572
328
330
271
327
955
4
816
475
920
263
523
406
107
603
904
669
129
902
166
519
816
158
513
245
781
516
888
421
63
355
288
667
673
692
182
776
790
586
162
905
477
356
274
521
594
280
779
407
879
334
389
511
247
67
549
504
67
306
366
701
686
492
156
100
300
713
120
625
32
79
75
261
54
772
925
381
51
743
979
316
669
459
870
528
611
14
272
3
451
708
913
893
64
990
467
974
84
168
14
51
688
493
255
145
435
1
463
312
672
818
371
5
139
141
177
670
191
164
351
340
646
814
362
205
904
670
633
958
576
241
739
880
535
353
3
234
680
670
680
554
350
624
797
67
684
3
630
388
29
576
893
724
376
831
66
774
154
281
289
856
230
57
471
705
5
820
802
623
185
414
989
226
406
987
572
953
92
0
937
18
188
305
639
510
896
828
340
447
549
840
434
961
11
20
669
907
671
151
912
327
366
600
88
304
250
96
837
129
776
704
417
959
114
205
678
955
187
749
777
303
299
943
234
997
215
172
204
357
593
271
520
320
60
997
46
278
491
750
215
193
468
747
9
566
289
265
660
619
404
648
599
22
386
653
827
911
560
217
918
736
835
516
93
304
206
343
804
912
16
915
634
26
635
289
4
767
461
804
762
986
550
35
841
247
306
275
765
242
322
543
36
955
783
955
815
636
648
39
870
141
113
894
58
302
746
687
72
213
75
33
764
136
544
533
213
860
6
415
877
552
215
148
44
274
986
391
199
216
573
90
800
140
280
86
293
606
33
934
16
341
943
0
676
802
288
216
195
3
218
733
593
82
672
879
993
882
200
827
663
686
860
25
680
532
105
999
378
578
562
676
631
746
861
299
644
740
947
327
483
898
59
365
23
824
380
768
806
245
57
350
73
4
339
978
142
45
293
785
856
190
221
430
550
814
610
3
579
258
647
697
962
535
715
440
836
594
184
936
812
359
45
218
271
610
737
554
545
993
0
500
252
151
760
238
411
181
154
539
58
344
752
780
742
611
585
23
757
951
425
122
622
295
943
678
931
149
719
348
26
180
974
424
989
869
787
19
156
279
649
89
246
595
332
138
616
559
503
529
206
188
523
923
317
730
741
434
198
260
941
405
551
343
739
982
89
95
535
994
648
971
845
997
876
300
985
277
499
157
823
477
707
610
632
890
514
302
89
247
96
104
741
752
701
40
446
626
174
316
662
865
964
376
257
792
875
504
776
318
772
850
919
423
850
841
200
945
824
115
276
46
202
907
449
289
387
32
289
289
374
415
33
33
653
408
294
920
635
27
0
876
301
847
34
647
457
241
119
167
135
180
282
681
262
245
957
688
179
615
339
750
147
725
262
434
129
278
397
863
866
631
288
911
942
558
44
908
545
897
377
773
306
529
195
92
394
827
260
14
629
56
62
737
965
395
934
918
543
421
373
219
107
817
139
41
517
437
377
484
893
857
172
385
625
284
603
390
173
128
341
403
74
325
4
171
179
30
508
246
309
528
982
916
403
115
60
598
393
578
949
957
207
736
360
763
377
48
896
345
17
969
709
998
509
830
270
80
609
841
869
514
986
392
264
828
82
38
259
573
276
266
231
343
39
106
697
117
744
622
374
622
833
966
189
878
234
790
704
0
280
46
546
663
304
542
60
735
924
495
105
994
23
915
479
364
594
613
529
520
780
525
782
24
929
775
720
47
106
442
764
404
266
219
338
328
215
371
752
267
0
468
198
753
664
821
76
975
643
693
344
948
292
780
264
236
164
85
681
19
576
669
200
671
955
118
684
152
942
541
445
66
482
102
599
474
100
894
359
158
583
425
294
317
645
125
748
294
620
333
326
562
400
796
669
186
570
462
377
489
255
547
188
3
515
261
753
125
882
510
722
126
11
727
679
32
903
196
85
542
138
113
111
428
843
288
294
950
933
148
606
229
165
71
883
350
659
976
447
278
309
243
987
498
509
577
594
642
282
20
375
596
728
137
606
262
816
134
755
334
3
591
14
711
16
751
622
300
897
746
41
522
345
570
238
302
66
7
538
172
104
705
102
450
621
70
172
577
776
891
166
662
892
561
810
162
915
11
993
976
659
660
835
683
700
813
759
561
740
82
221
114
680
981
387
439
914
570
414
143
701
498
817
873
327
165
389
481
77
14
665
487
118
762
356
980
420
133
954
121
768
580
31
88
191
196
306
400
321
714
196
356
688
931
782
209
379
847
898
372
222
757
270
961
297
69
485
372
128
946
186
242
183
886
123
58
437
437
275
289
353
895
662
777
19
513
187
155
946
750
29
469
110
854
171
84
12
801
3
26
462
280
602
973
51
311
350
778
749
330
291
941
376
416
119
280
720
349
0
248
305
151
31
239
278
137
881
13
39
163
954
684
596
633
87
836
995
487
212
250
576
808
515
774
571
354
838
452
233
441
349
361
122
209
267
889
899
113
908
913
243
341
100
5
71
179
4
200
614
92
960
321
330
729
852
484
209
712
38
378
417
941
127
789
624
259
386
500
179
985
418
744
634
184
791
260
206
248
46
748
149
535
930
72
229
632
521
867
68
0
210
899
724
494
477
4
842
969
675
19
888
794
742
161
53
165
153
748
113
452
53
97
101
916
428
273
217
486
520
52
317
817
170
67
411
173
159
404
982
690
688
461
276
445
303
72
155
827
238
443
481
240
491
728
192
115
501
11
815
994
481
547
67
302
608
857
12
105
188
585
76
39
528
58
709
563
286
707
720
779
187
970
340
451
163
730
338
445
178
144
338
377
844
93
189
818
718
313
499
843
118
330
727
789
519
495
229
364
539
906
430
51
492
27
754
30
584
935
925
234
746
0
965
278
585
332
77
269
86
32
353
702
86
32
855
141
894
855
912
582
265
819
672
314
806
58
919
561
156
273
581
960
395
379
845
626
828
121
442
631
691
925
0
297
775
128
226
526
40
629
148
406
539
318
240
82
630
691
966
842
976
419
669
928
932
94
933
724
880
282
503
694
55
49
300
159
357
651
367
714
733
527
167
448
60
42
537
244
34
107
284
162
634
3
252
31
600
988
14
844
66
538
907
555
545
41
52
121
569
823
548
744
150
825
427
4
411
482
69
165
678
132
264
207
519
228
256
146
107
754
960
4
328
212
252
941
276
4
988
170
692
15
718
230
445
739
565
4
398
312
14
121
381
601
45
787
569
879
61
455
101
594
619
700
376
58
593
93
753
607
164
530
51
851
341
987
961
899
804
928
346
20
842
504
461
284
776
655
813
379
970
977
387
183
559
5
210
142
682
850
732
828
704
28
651
442
854
806
367
887
130
78
18
698
432
45
73
359
344
2
582
73
872
286
483
185
238
312
348
967
905
531
994
45
843
13
184
34
729
188
360
0
791
521
370
9
273
465
855
535
627
187
969
420
34
988
452
992
449
723
460
27
124
15
9
759
26
206
931
979
570
174
276
236
149
32
386
0
331
156
742
327
225
351
234
566
797
3
296
885
448
918
512
391
323
423
318
655
329
597
972
106
278
505
569
78
764
48
961
567
903
641
857
15
188
33
329
992
128
970
575
99
85
449
476
623
482
657
32
996
111
982
880
976
487
208
544
322
160
132
788
135
541
19
875
298
284
449
643
501
354
772
395
963
602
373
106
837
876
783
995
441
654
100
77
702
683
168
449
487
51
526
813
114
120
167
569
306
782
724
495
243
806
495
455
480
164
455
368
11
716
668
996
737
410
115
51
615
604
597
351
795
211
368
410
512
232
189
893
918
671
170
583
631
681
27
184
193
329
414
3
853
825
383
364
35
143
805
430
57
261
466
279
999
231
334
519
598
932
383
321
413
197
289
207
102
910
168
708
282
179
320
615
102
653
810
320
275
169
180
529
816
872
598
395
864
428
766
474
747
905
839
218
873
4
14
3
45
872
813
987
134
562
65
275
856
38
543
281
732
73
673
139
742
996
217
269
477
603
462
335
711
672
183
993
494
423
315
894
101
254
966
1
486
851
326
575
771
897
242
955
238
926
871
398
665
931
847
4
91
13
668
80
145
156
165
670
487
371
35
56
26
719
336
448
715
517
12
318
91
257
78
262
65
106
288
499
385
145
759
292
455
795
436
714
450
296
271
49
182
300
203
419
696
3
377
396
863
322
49
114
247
152
894
198
863
231
866
319
825
200
239
277
601
453
937
368
46
793
669
250
794
867
577
496
11
947
407
169
335
311
177
384
159
94
99
567
0
213
436
163
679
145
887
234
280
221
723
534
799
5
110
72
561
853
239
767
217
338
410
334
577
177
19
798
716
874
349
53
193
65
578
899
701
161
168
370
494
579
204
41
269
14
891
499
3
521
444
189
225
974
778
20
274
576
874
323
130
257
687
764
607
253
302
982
312
874
90
884
140
993
630
364
599
340
603
293
850
945
900
70
916
838
449
240
62
689
855
160
345
380
808
368
868
539
347
487
391
487
621
224
712
22
808
240
437
69
19
982
800
11
170
535
889
779
966
937
84
735
230
494
588
348
669
833
202
222
393
445
88
17
830
425
893
221
907
664
751
53
921
322
274
952
632
400
228
304
534
399
504
461
824
14
129
773
314
535
795
457
934
522
995
165
503
287
76
531
552
86
9
384
760
343
278
61
937
64
226
586
845
404
270
758
408
837
15
418
110
255
26
252
377
15
641
310
100
493
378
973
353
19
581
980
470
747
912
485
56
844
792
554
354
787
60
295
623
575
3
20
697
486
822
376
932
168
127
421
140
94
911
294
256
65
102
176
337
889
516
711
118
915
132
603
246
731
152
137
254
269
33
123
641
189
4
469
969
179
892
615
700
720
936
966
375
650
315
353
2
130
813
287
327
999
861
458
834
572
586
614
495
561
700
586
970
780
612
660
365
943
78
731
513
771
209
984
328
431
4
122
946
824
977
3
785
405
578
852
315
651
325
941
114
319
70
368
200
133
15
917
926
388
514
879
486
782
471
974
259
496
101
205
19
271
505
12
105
920
613
370
695
3
651
275
2
968
530
893
656
418
447
758
519
962
326
589
457
959
653
14
824
649
243
185
1
521
534
21
274
109
0
41
880
699
165
55
82
566
186
932
269
375
0
518
417
739
600
293
196
902
440
309
256
676
369
107
716
392
451
571
620
0
644
807
314
947
74
636
922
324
570
998
971
53
168
251
756
899
932
454
442
601
200
537
548
436
554
183
600
64
54
932
304
621
542
794
913
289
87
119
326
89
992
707
47
923
27
183
426
959
481
5
312
187
999
11
353
167
902
145
325
384
796
619
288
462
654
851
245
560
879
123
320
119
402
143
243
305
417
365
849
64
931
274
9
812
146
15
9
334
565
218
942
521
721
730
46
774
800
430
78
46
180
1
359
922
626
805
19
55
494
68
435
284
653
415
150
124
354
104
646
898
150
833
706
691
227
403
395
588
145
793
809
658
662
63
691
34
402
807
13
812
842
617
449
50
57
911
957
44
896
89
300
696
291
464
336
395
298
442
637
400
525
218
355
787
103
482
532
306
923
944
313
460
43
980
798
771
46
599
933
938
544
18
196
18
426
975
475
289
21
385
388
2
55
259
143
918
5
195
768
323
686
224
296
19
125
940
853
372
86
790
603
393
942
328
262
278
66
17
268
164
878
627
21
748
380
304
415
317
411
27
410
593
344
971
451
701
412
62
370
68
388
975
946
743
424
588
150
395
801
75
84
36
652
157
214
379
199
354
992
290
978
349
87
425
591
71
754
717
393
862
853
153
170
455
860
444
606
26
481
765
490
717
78
618
909
890
916
271
672
0
29
321
522
716
877
136
486
758
966
487
833
647
593
353
252
529
31
33
413
356
387
656
92
117
208
713
183
657
776
349
479
85
367
480
768
296
456
446
660
809
457
353
742
2
888
608
511
4
568
497
410
858
21
32
492
378
466
101
464
293
305
877
165
727
774
595
453
923
562
186
487
974
957
159
632
915
205
947
699
704
511
428
323
90
270
821
472
355
752
276
525
387
493
666
64
143
579
49
95
366
388
210
602
553
91
651
526
809
308
684
631
883
370
380
714
672
765
104
89
142
150
584
3
814
207
15
611
49
436
321
170
610
938
318
3
648
85
971
726
562
732
565
567
382
935
358
232
519
313
255
407
740
284
4
193
441
245
581
227
121
185
489
263
120
0
106
91
572
30
771
832
169
699
254
401
888
586
191
56
135
335
435
498
634
66
823
812
291
268
14
988
199
265
12
781
224
826
343
883
379
841
630
194
901
188
67
504
699
644
699
179
706
551
838
411
637
916
196
102
614
300
74
629
320
683
222
30
179
528
911
41
400
855
17
735
867
659
380
27
360
133
4
318
997
262
30
290
585
789
333
289
986
345
109
583
489
174
491
944
515
702
86
246
950
210
49
80
319
261
281
519
737
279
270
737
652
939
851
612
937
966
769
76
391
246
845
405
510
167
285
362
507
931
420
427
949
465
931
176
157
113
520
619
146
857
484
600
774
1
665
254
917
760
102
772
769
344
673
444
663
313
891
440
43
951
723
102
786
19
489
555
861
991
806
722
385
686
908
532
477
904
999
665
767
117
163
83
557
307
675
657
679
142
6
789
591
423
189
518
135
37
3
916
267
250
173
718
404
698
82
340
325
990
536
193
260
81
904
238
245
249
376
21
855
48
138
797
495
177
657
710
98
886
826
401
177
111
840
301
978
69
429
413
649
83
88
55
624
438
311
21
224
45
82
127
865
351
403
856
376
992
193
392
406
26
244
88
924
311
494
33
38
754
155
19
974
20
874
627
386
469
954
439
606
625
169
197
635
588
523
656
409
760
7
557
321
413
790
185
581
355
805
596
834
369
571
33
887
855
726
957
636
818
153
264
200
430
228
621
37
84
113
118
585
817
674
100
33
151
674
747
63
497
443
259
693
860
328
811
64
637
341
599
354
100
778
52
863
267
224
474
380
61
795
877
597
158
951
328
995
279
344
220
652
303
282
49
912
566
484
578
200
749
874
692
887
976
515
861
25
921
773
5
772
138
592
193
383
541
122
437
925
796
149
85
466
168
460
149
849
809
517
279
738
951
688
278
738
419
123
996
740
768
288
124
654
45
661
237
279
898
799
795
842
39
440
854
3
987
413
885
139
867
573
153
757
213
521
441
9
814
249
24
350
469
918
139
833
536
577
767
86
904
38
759
570
474
117
587
475
220
251
624
134
708
678
172
47
564
480
587
756
876
276
244
603
94
792
996
215
706
766
801
628
703
443
161
805
4
162
480
462
0
884
945
556
767
601
506
377
263
291
205
541
88
509
258
752
38
121
101
774
937
968
450
98
832
608
282
956
635
488
927
404
630
791
386
337
99
570
415
64
101
747
177
517
24
398
51
142
139
397
699
440
960
311
100
69
625
776
354
887
829
785
26
732
913
670
19
152
559
429
989
772
112
271
10
328
813
279
950
369
490
311
869
132
308
175
919
1
419
735
742
484
133
769
977
86
724
159
221
543
558
981
425
931
174
120
723
925
912
169
253
704
235
652
224
926
242
22
3
85
22
271
839
833
68
617
392
753
999
767
135
907
356
14
96
80
756
68
803
649
345
559
857
562
381
192
407
693
500
380
57
748
547
402
695
762
115
73
221
597
367
357
306
328
206
858
624
957
329
392
897
896
464
567
297
130
690
318
34
793
867
386
4
840
283
93
793
229
615
750
262
710
331
419
364
145
126
241
966
583
855
318
135
603
5
904
785
66
769
73
229
7
958
319
239
582
92
230
388
440
979
909
996
576
475
278
566
800
564
866
660
350
3
25
522
164
832
906
112
453
254
128
365
821
992
258
271
350
216
974
692
337
968
460
8
409
79
985
518
369
901
252
223
611
516
450
218
204
107
30
379
2
882
15
952
383
648
483
892
45
398
611
26
983
266
12
656
20
296
392
94
184
734
473
130
19
251
665
281
933
199
594
625
752
898
43
552
154
554
780
681
18
506
619
342
600
95
769
286
66
1
194
666
483
333
599
211
987
501
460
561
240
183
385
854
175
863
43
688
3
785
305
136
382
746
467
764
178
61
43
862
98
678
783
659
565
803
231
657
144
511
750
897
643
688
599
242
882
256
703
387
293
935
201
68
965
378
607
337
814
320
626
165
492
948
795
199
41
756
165
857
851
635
280
660
460
695
414
503
394
840
304
451
389
149
531
149
11
32
339
146
184
71
185
658
644
833
5
3
786
52
846
19
502
118
99
7
945
611
767
453
721
680
175
482
198
7
734
770
176
381
753
822
136
505
94
753
191
819
328
470
75
283
3
670
693
310
452
156
63
348
696
858
260
85
607
838
947
720
525
743
25
322
960
662
39
462
839
864
804
673
912
630
7
891
265
382
962
650
861
814
821
220
7
508
126
952
958
421
912
241
994
120
55
902
83
1
265
532
282
832
226
561
680
382
469
144
285
594
879
8
13
55
456
198
808
341
288
803
635
310
0
110
924
883
350
502
757
808
360
897
512
451
337
903
607
108
648
347
680
754
726
572
168
908
876
553
925
945
14
913
622
432
251
634
911
262
580
363
178
585
357
141
52
159
555
801
376
921
237
716
219
123
314
917
578
442
663
847
624
62
434
250
506
29
526
702
815
578
399
115
403
10
875
903
588
388
26
503
8
545
722
556
15
558
46
698
195
187
286
61
193
161
418
653
126
366
702
221
93
69
607
64
708
420
915
715
3
879
347
311
650
609
843
101
707
18
144
796
998
1
298
914
359
698
969
626
90
243
404
612
643
627
623
285
805
564
515
753
568
299
903
365
113
3
965
169
822
562
445
146
917
721
744
511
986
976
325
793
121
589
711
48
566
76
114
813
946
395
276
456
235
21
528
252
137
380
320
959
809
825
284
62
271
498
114
339
422
786
238
1
206
308
822
864
666
448
389
373
262
737
850
568
621
187
757
211
614
561
807
252
824
62
700
12
444
70
30
302
160
337
146
26
105
637
849
132
461
622
772
403
832
8
466
364
873
2
992
691
771
452
662
160
491
605
790
504
535
473
292
716
531
129
114
117
572
520
715
822
132
233
954
111
821
505
61
492
170
980
796
218
146
208
976
614
389
495
262
846
403
613
638
3
852
381
840
575
335
445
813
641
393
810
141
835
453
451
429
470
626
444
291
544
39
570
185
151
622
602
482
944
73
705
129
227
943
594
763
686
780
275
7
548
93
674
919
569
877
279
198
45
313
136
130
675
555
387
703
580
273
448
590
251
303
458
36
207
879
414
736
971
292
374
539
390
118
186
482
216
289
236
692
514
46
869
642
894
20
543
846
878
465
93
86
549
739
732
335
162
827
618
137
738
982
82
0
66
65
873
759
341
979
578
963
809
291
541
984
948
47
734
5
3
736
324
606
478
682
374
435
124
479
363
424
358
439
98
324
495
528
332
367
234
532
701
369
906
586
575
655
14
544
302
29
13
393
159
966
300
759
79
688
415
227
670
283
672
130
831
367
671
865
96
4
0
271
116
631
738
65
49
742
965
280
550
504
834
704
367
222
45
491
937
448
625
757
109
337
852
895
250
203
35
84
642
660
151
111
78
946
689
291
159
738
579
810
378
462
583
293
917
123
310
807
587
143
297
627
330
257
777
619
296
104
867
58
874
121
755
850
455
430
82
160
622
916
5
638
748
455
449
887
830
970
32
871
858
765
807
21
572
795
670
486
19
395
696
727
673
296
592
88
288
334
853
65
743
405
565
593
257
329
370
944
606
800
713
722
912
858
375
304
526
850
549
315
470
719
577
877
56
579
367
835
343
492
830
401
699
42
76
482
403
41
211
436
677
50
75
563
249
207
630
543
470
530
333
295
103
450
474
750
302
20
107
184
10
734
396
758
2
455
64
3
537
859
33
811
355
104
850
247
472
74
739
72
16
337
90
356
553
201
944
484
634
359
175
251
405
24
675
0
711
796
446
26
781
604
185
968
141
549
942
519
0
413
572
149
830
22
509
551
466
27
718
974
378
631
951
954
910
61
781
37
154
150
883
541
4
63
777
925
924
481
547
574
576
144
754
348
132
561
814
746
225
207
33
278
985
131
548
104
253
319
805
323
63
38
393
816
565
254
464
515
965
238
730
618
883
234
378
646
704
955
258
201
290
68
772
374
970
970
26
173
126
954
117
431
532
614
77
707
182
809
265
35
114
416
538
229
297
379
479
826
242
42
310
257
452
223
208
417
561
993
974
125
115
231
342
915
415
564
810
302
267
63
81
161
2
782
617
112
428
199
555
929
650
766
960
473
525
24
951
899
258
586
553
465
943
281
155
127
274
232
894
79
979
256
565
152
361
4
47
141
88
67
104
587
460
458
226
751
687
464
666
3
267
715
781
448
20
821
407
144
831
570
329
569
19
199
976
55
324
738
743
557
47
282
120
321
415
288
14
57
349
911
112
637
204
720
563
610
68
545
205
39
401
296
145
712
796
966
755
20
481
934
732
12
661
440
328
8
998
334
344
670
663
255
128
373
300
45
170
664
468
951
325
941
719
740
121
530
253
565
462
399
833
398
67
181
602
663
210
919
589
369
983
171
100
708
694
692
21
636
919
806
377
501
640
517
245
663
842
112
302
760
441
666
181
72
226
151
701
746
802
361
534
227
281
895
81
646
329
251
462
757
959
761
145
427
684
659
394
338
765
2
825
74
667
426
83
605
309
880
45
115
875
246
436
175
404
337
441
125
5
731
156
831
944
67
458
75
584
823
165
844
232
116
797
872
625
539
219
682
169
358
558
152
74
802
723
360
295
362
185
488
629
13
270
337
189
189
464
322
744
15
562
5
804
402
779
214
371
561
698
46
901
386
128
0
485
992
293
438
595
35
756
346
490
10
457
843
30
818
245
91
226
495
766
427
724
64
907
299
420
508
778
732
692
293
70
922
139
388
214
972
628
155
750
698
133
951
50
228
866
298
243
51
84
517
365
130
597
8
112
907
549
204
582
511
115
517
429
833
347
140
26
255
419
19
529
904
814
325
811
836
68
812
805
243
683
334
608
87
572
372
880
372
879
38
424
377
11
972
81
636
352
176
96
267
895
375
349
499
609
983
524
607
91
91
570
260
995
852
387
417
911
110
71
173
73
11
116
122
764
84
555
239
243
590
14
109
952
40
167
610
830
314
971
692
186
246
204
91
78
626
531
209
936
759
132
769
820
350
165
752
192
903
247
226
848
322
261
308
132
651
676
798
243
225
820
839
426
349
819
272
830
588
12
651
468
919
33
487
868
7
1
749
926
650
744
161
483
629
810
340
456
856
335
387
982
25
71
908
717
877
305
664
196
318
674
129
708
897
897
138
954
512
528
742
45
5
0
140
808
183
79
645
973
788
643
879
533
498
713
290
191
260
975
296
853
336
885
500
327
791
953
289
676
234
652
80
64
984
445
84
433
321
350
250
851
487
176
3
649
662
569
944
66
522
589
152
34
386
71
438
808
132
856
863
421
520
172
272
102
993
362
844
193
244
272
605
611
161
916
51
217
997
700
421
314
58
247
633
1
694
897
790
694
110
600
722
150
24
435
42
3
80
580
456
481
737
86
382
358
978
943
28
807
91
789
838
704
333
0
574
795
3
963
19
296
704
524
10
591
977
960
64
47
372
317
951
741
669
69
329
8
528
797
736
687
79
3
890
312
989
506
520
607
610
645
126
791
448
982
70
949
326
891
752
525
350
180
76
580
561
998
965
608
463
584
381
583
590
212
45
0
195
937
694
95
472
51
478
969
516
165
704
4
270
165
387
795
696
222
2
74
762
955
744
683
271
925
488
305
375
591
2
877
856
104
415
263
481
585
756
738
673
916
97
881
72
797
234
961
707
529
259
983
950
893
376
48
112
261
360
935
343
65
967
267
562
211
220
730
328
599
756
356
760
44
489
178
322
564
837
176
922
301
387
359
231
115
708
72
599
253
162
615
850
647
437
71
151
25
643
210
890
206
384
924
129
564
750
135
530
35
123
504
303
599
192
17
38
12
698
507
139
12
895
327
403
848
423
575
161
220
704
746
459
201
467
834
524
237
682
640
760
613
332
47
193
300
251
894
982
511
577
470
448
362
333
855
417
976
424
99
848
200
119
32
171
796
35
82
164
188
922
982
131
85
791
554
627
739
576
204
652
4
13
491
117
334
518
707
323
966
506
855
717
136
65
953
444
399
655
193
141
478
3
975
665
100
30
788
487
177
250
768
983
131
241
99
855
158
180
825
127
667
11
450
180
11
244
655
152
480
816
545
821
20
589
244
12
188
74
243
432
454
844
474
216
667
777
164
346
26
117
619
137
62
852
107
537
855
3
952
975
68
450
474
31
2
824
246
893
954
905
179
657
131
308
397
147
302
69
20
584
374
61
148
328
428
740
761
651
517
829
440
456
79
592
454
944
394
163
10
553
613
838
32
429
206
889
215
83
423
147
190
746
188
34
135
140
63
45
954
380
799
801
792
540
585
724
871
340
680
377
418
492
969
46
280
199
302
208
941
115
233
787
508
953
256
256
606
262
613
670
16
785
519
529
513
496
68
741
318
1
500
11
923
651
712
218
984
244
93
72
429
210
1
659
235
374
263
190
469
178
250
538
138
426
726
927
489
161
783
467
323
6
295
976
383
455
951
82
165
975
319
465
779
122
273
706
305
63
758
309
15
650
951
871
347
473
70
816
784
23
111
766
511
377
179
192
309
909
952
895
50
231
541
748
24
350
509
860
180
971
117
237
830
921
258
161
106
255
178
919
283
993
583
518
781
349
628
573
894
960
97
798
118
934
31
620
340
306
450
494
468
151
444
460
516
86
148
206
597
1
679
880
677
992
673
768
409
901
746
366
170
813
506
858
243
992
623
132
206
22
586
335
616
538
486
376
49
3
493
784
539
176
939
127
449
647
260
494
903
112
527
379
745
606
203
606
132
596
524
500
84
217
337
732
336
122
21
683
219
48
183
684
3
303
608
302
426
651
990
754
566
553
367
344
131
346
490
956
15
471
978
696
417
806
125
532
598
157
142
100
924
606
513
654
87
951
951
883
354
30
822
432
579
198
886
859
98
518
123
440
851
607
704
243
367
443
8
205
37
194
999
924
277
866
809
848
940
315
15
473
125
242
823
665
677
651
46
719
995
385
63
409
438
345
973
188
342
281
858
698
135
680
196
550
419
732
52
476
691
311
166
866
731
551
40
507
115
302
748
315
939
40
0
854
2
483
437
797
785
401
162
91
374
598
100
641
104
840
43
212
610
594
852
675
823
680
548
324
826
191
710
50
483
193
528
728
136
769
168
844
387
894
156
467
492
889
26
994
275
387
938
70
411
539
293
636
314
520
256
98
282
700
667
13
822
548
782
312
588
517
789
197
71
694
767
541
631
534
586
484
743
233
20
277
107
971
75
947
608
41
641
274
0
907
300
53
44
866
657
970
865
632
520
20
817
515
323
771
364
467
726
935
222
743
882
36
122
206
66
877
603
12
32
60
341
730
529
800
486
633
13
244
20
936
33
359
775
2
629
848
97
485
960
717
727
500
714
100
168
941
37
199
531
453
795
163
722
837
376
952
257
353
564
222
578
21
101
170
869
261
317
979
644
198
8
837
90
954
790
479
8
106
875
211
586
471
3
356
286
412
5
424
961
350
542
35
302
4
194
957
249
81
67
701
163
674
791
3
832
197
893
881
344
398
992
766
719
516
427
918
521
918
145
591
12
990
250
729
391
681
45
130
208
661
377
953
138
51
332
137
936
230
577
527
979
208
360
74
84
517
309
871
625
377
61
818
658
230
577
331
618
299
293
902
306
357
467
467
451
560
475
928
993
231
939
333
6
471
378
677
163
299
144
943
500
595
248
415
43
826
2
969
714
568
302
971
966
940
661
644
720
269
45
272
739
497
679
221
152
463
162
579
309
69
753
576
413
32
592
532
269
435
59
579
893
78
978
314
309
989
302
841
346
918
23
976
921
319
146
809
965
758
112
788
626
662
16
179
252
606
978
123
374
351
912
910
118
82
505
82
66
81
482
573
331
657
823
68
743
791
250
717
398
17
336
798
669
8
164
775
428
59
354
689
501
653
8
621
220
1
111
848
757
608
204
188
14
639
735
583
961
854
99
299
934
440
528
733
92
22
434
152
684
245
14
214
918
680
5
968
724
660
805
845
98
665
385
288
118
307
250
933
869
188
89
186
584
39
887
55
647
117
102
190
426
293
0
973
675
11
420
902
673
296
861
29
710
465
157
174
850
27
698
410
738
674
701
653
459
971
960
8
683
302
288
78
966
79
938
650
690
449
64
649
992
399
55
710
4
8
326
499
118
831
806
63
353
881
842
668
892
381
464
456
24
278
970
530
2
349
381
937
515
822
784
166
5
362
471
595
989
903
424
247
974
204
445
580
285
38
903
495
951
590
711
317
972
20
622
393
412
79
138
678
410
335
446
949
2
487
281
260
753
623
815
429
3
199
340
410
332
534
519
316
576
103
360
247
442
210
490
739
262
663
469
325
429
285
524
587
151
143
71
716
815
952
20
818
179
967
1
65
104
247
149
781
106
495
557
305
844
26
141
183
198
814
491
717
40
93
226
798
93
4
914
61
513
365
91
894
193
67
472
830
195
103
838
633
60
875
149
304
289
715
154
798
0
776
336
753
612
804
467
542
181
24
3
227
315
96
449
611
554
73
644
389
208
879
280
276
615
933
211
103
331
865
613
460
444
278
71
409
269
678
59
419
153
612
65
161
807
863
110
760
779
270
387
173
948
344
115
719
521
425
798
700
137
742
880
303
758
535
133
148
55
546
457
13
584
814
498
33
313
273
935
879
227
62
890
754
370
251
768
523
4
774
919
130
920
47
159
490
942
7
555
577
191
586
685
943
779
418
330
686
478
742
337
512
299
765
416
987
113
787
695
380
430
783
342
551
885
553
815
420
252
501
103
760
651
306
443
728
749
450
389
969
361
631
100
105
404
784
109
832
841
65
434
449
680
60
319
823
101
879
691
331
689
150
263
232
655
382
82
525
378
761
239
255
886
804
59
984
241
202
32
921
47
356
394
10
906
116
192
460
122
103
332
134
435
167
100
809
71
66
304
927
785
78
474
335
859
561
990
981
455
838
825
687
796
571
81
19
175
284
168
157
267
975
551
407
109
259
41
163
402
438
466
492
458
164
142
286
786
535
50
615
95
970
782
153
393
513
452
27
699
725
344
565
832
276
440
874
196
902
962
235
3
298
208
468
298
690
520
421
148
110
313
184
986
866
526
182
927
899
798
550
520
874
122
510
299
984
609
141
269
16
16
18
888
166
229
648
773
893
6
919
875
319
863
933
78
488
491
507
929
629
649
64
176
763
112
74
343
388
150
166
258
21
222
25
771
584
650
878
990
734
486
869
133
364
735
254
529
446
937
940
575
750
721
419
755
664
723
638
679
894
477
33
308
893
510
942
730
702
361
93
423
295
315
609
721
607
759
568
309
668
603
869
3
533
629
340
977
413
557
917
356
591
22
340
1
12
8
76
265
370
293
45
141
150
3
5
51
277
539
389
0
3
333
163
172
307
459
419
0
696
442
33
628
950
555
801
49
297
204
978
842
439
868
456
214
585
187
669
562
491
213
163
256
949
154
505
714
754
183
266
371
970
40
848
10
787
834
728
87
317
91
25
518
37
310
449
331
24
93
84
660
747
530
163
719
348
643
684
561
345
341
828
722
598
869
643
154
71
549
855
656
650
129
174
858
629
19
103
582
482
108
115
524
892
493
357
901
71
398
29
881
54
610
212
149
921
110
359
534
479
578
70
226
417
668
728
66
639
509
614
922
249
620
662
33
710
337
791
110
16
636
180
86
74
575
637
71
620
106
734
101
200
590
440
26
23
604
173
240
785
890
758
867
764
231
211
605
16
228
359
579
640
704
67
827
951
798
259
465
299
118
47
503
751
637
268
368
52
180
555
9
923
405
204
356
160
231
366
466
562
154
215
339
166
159
136
866
848
373
736
16
155
502
318
407
978
286
305
231
778
972
904
194
574
383
657
464
189
195
201
300
102
694
421
508
347
835
420
890
330
798
272
504
245
274
940
920
661
884
720
941
101
358
317
34
297
356
622
634
948
961
59
689
325
843
993
755
989
839
395
41
776
57
509
842
545
3
206
7
668
164
552
418
472
388
964
777
999
751
719
743
179
596
722
632
91
55
761
821
539
294
195
468
689
265
252
657
599
778
100
743
140
849
157
326
143
516
362
359
862
786
211
1
63
386
454
221
143
163
630
537
32
707
510
83
357
967
32
786
795
388
221
112
889
448
55
40
204
110
26
478
801
807
572
258
79
441
844
44
811
216
551
754
746
561
615
287
13
70
32
633
984
615
139
375
965
168
15
635
65
390
156
165
682
659
788
734
532
891
190
658
266
623
232
187
184
778
518
18
982
923
648
182
4
39
527
668
898
498
209
108
19
494
906
865
253
586
516
209
396
786
213
991
71
999
675
16
91
416
214
994
583
241
592
91
709
523
76
89
881
737
633
368
916
580
907
647
270
157
34
834
63
4
637
696
407
318
454
595
572
749
182
201
232
640
935
202
54
33
753
286
998
344
671
32
336
66
34
97
619
922
144
563
117
285
583
18
196
409
142
675
382
25
203
182
900
344
630
248
499
123
895
591
99
355
118
958
29
90
30
803
539
319
908
372
720
541
624
615
0
683
764
885
684
873
459
85
329
495
258
983
906
774
53
558
248
833
954
26
173
934
634
159
903
431
452
998
330
589
688
342
406
806
869
428
964
629
75
395
252
884
226
321
837
989
178
922
129
686
431
219
844
29
891
6
438
457
247
804
232
48
238
943
918
217
241
532
31
773
492
170
417
678
55
173
515
664
5
63
35
260
935
211
795
4
887
251
913
535
20
136
167
117
119
935
73
410
69
82
544
129
267
110
176
4
916
661
853
275
261
954
612
934
880
563
856
608
890
138
933
575
723
439
585
10
782
838
198
496
608
490
536
595
886
642
800
274
832
630
251
462
65
674
840
275
397
510
98
432
573
15
433
857
797
197
175
22
945
74
419
444
919
61
850
820
536
505
427
15
162
885
443
830
311
484
434
6
814
547
435
307
730
899
814
533
652
265
507
380
340
771
355
834
735
783
182
109
310
930
548
863
941
886
975
220
622
87
748
128
118
853
320
280
510
918
118
314
347
450
743
203
490
197
309
95
630
57
94
394
530
99
528
899
265
623
561
720
99
259
349
650
646
118
4
151
9
47
900
357
933
838
202
153
298
127
450
289
863
390
512
576
493
618
157
388
601
155
21
957
94
182
370
311
326
861
909
55
4
895
870
535
745
916
298
886
978
8
299
177
195
494
993
458
119
862
554
177
864
675
105
826
554
962
746
955
315
247
669
43
22
821
89
457
538
532
828
166
899
711
109
576
319
399
660
36
242
975
814
1
866
856
756
242
64
65
941
375
655
663
838
411
141
139
128
238
764
535
475
423
172
998
810
36
461
198
526
301
483
978
160
970
927
396
650
368
448
617
225
168
706
880
725
478
999
56
458
63
817
772
823
888
967
316
795
143
704
166
851
11
15
958
690
148
877
106
456
4
547
393
186
543
585
26
422
416
840
707
917
126
890
652
633
140
717
625
805
271
534
693
942
717
885
656
162
45
783
377
326
384
0
173
996
252
13
818
475
631
595
928
820
103
226
405
419
398
909
577
571
521
808
405
621
189
86
44
3
333
971
605
710
248
374
303
678
136
19
254
191
606
207
920
522
401
730
294
726
172
233
63
777
236
681
9
206
73
335
792
498
697
654
425
280
135
682
475
7
621
14
734
773
867
985
913
115
717
983
41
136
439
786
77
178
690
537
55
421
358
304
617
318
203
284
66
39
188
366
515
264
824
882
14
600
34
110
837
106
538
97
232
431
508
835
288
222
560
68
599
290
769
435
478
686
554
950
3
9
812
152
578
87
249
142
794
133
814
459
471
14
862
180
471
164
354
171
182
783
5
393
533
632
49
517
333
952
202
988
452
286
215
168
423
998
5
465
161
91
469
542
122
934
398
509
733
627
3
15
19
172
65
498
476
158
697
965
331
745
990
797
45
385
315
32
0
362
510
676
744
468
625
339
824
937
778
510
896
160
15
370
978
545
446
409
69
950
747
743
610
16
840
454
236
267
516
628
896
252
542
997
905
27
102
370
466
347
11
11
471
442
948
719
85
366
542
653
499
977
395
38
835
452
367
223
284
192
45
559
127
551
441
36
73
754
292
221
710
310
534
367
841
899
299
38
3
380
808
656
572
186
321
545
850
622
666
795
173
746
932
296
30
496
549
933
274
507
651
671
771
715
81
417
578
967
847
155
411
18
646
497
609
306
270
839
630
522
238
948
84
454
921
312
631
583
241
53
575
842
226
63
929
114
209
658
821
24
199
989
975
214
877
824
569
161
19
422
803
154
339
836
304
450
840
915
8
992
541
690
404
297
828
268
625
738
112
533
822
658
151
15
77
228
472
11
33
176
575
384
132
7
3
384
443
221
57
372
95
559
905
871
980
995
453
115
661
290
972
756
528
680
582
844
179
296
668
594
417
284
261
702
790
523
763
833
692
473
129
484
931
726
234
527
32
292
989
453
132
82
268
242
601
289
334
471
181
439
32
960
69
9
970
551
765
8
432
388
174
627
816
621
88
663
112
33
765
870
603
665
221
560
999
158
641
406
346
506
910
960
286
959
675
85
360
428
56
493
461
659
285
336
190
785
455
418
861
693
76
200
275
899
103
65
809
757
247
160
438
363
941
893
141
102
816
460
929
759
831
156
122
111
910
868
73
705
342
259
203
827
951
367
131
470
562
555
510
260
30
14
224
921
282
771
33
152
249
411
660
58
203
198
2
20
50
532
691
818
820
813
854
407
767
155
125
156
956
233
795
753
347
84
805
286
733
456
493
669
550
610
87
939
98
31
138
283
390
290
279
82
617
795
773
401
481
808
575
899
172
878
360
334
202
109
538
270
74
130
670
756
44
532
868
40
862
815
303
900
42
530
479
773
366
886
223
119
645
938
508
744
415
625
333
924
9
284
754
801
495
72
99
649
992
784
982
557
857
64
442
259
827
275
951
595
727
73
706
434
0
521
288
260
293
371
18
224
404
131
383
509
997
868
26
465
263
245
425
587
123
277
601
161
579
65
28
433
101
490
360
962
855
268
91
300
12
0
130
491
4
736
526
581
338
95
606
178
87
936
1
910
556
748
298
431
319
30
805
84
551
59
514
694
31
870
270
4
369
784
413
645
216
928
441
484
48
3
451
323
777
45
884
277
233
329
826
590
417
310
952
90
410
756
994
572
300
922
464
474
119
577
694
13
127
364
684
886
299
534
632
747
323
737
227
150
734
360
738
447
840
864
733
632
320
113
346
402
504
971
102
491
91
548
55
245
100
846
242
710
461
80
570
860
833
348
66
200
371
491
231
280
795
652
131
126
437
736
367
149
577
100
479
835
139
707
16
211
575
768
736
437
71
187
153
310
929
457
314
317
78
151
594
169
375
596
213
982
12
383
621
972
31
145
668
339
29
805
305
815
823
651
324
0
98
686
513
385
242
872
103
65
20
3
35
80
338
895
455
667
757
262
551
33
379
781
529
359
873
685
459
226
798
862
239
896
984
204
574
25
890
192
739
432
727
673
387
755
630
735
5
656
181
21
349
260
231
124
136
592
351
628
147
165
136
229
935
823
844
192
351
410
952
262
616
341
447
103
725
384
496
381
775
382
202
899
789
699
568
754
71
176
696
120
714
324
528
78
639
637
104
829
441
285
29
94
524
434
617
661
946
714
589
927
852
704
403
339
153
338
218
305
42
885
50
33
707
28
256
662
98
546
989
636
797
171
93
1
133
320
118
50
562
720
25
365
142
460
45
724
300
986
370
292
760
280
542
741
652
830
539
979
980
396
667
310
32
660
585
51
303
724
130
899
878
96
774
203
399
695
572
270
343
131
439
340
730
114
735
356
693
117
316
440
720
491
783
495
415
797
461
378
109
704
513
560
257
215
221
220
577
907
902
97
219
647
665
26
266
440
952
526
997
503
291
601
771
937
304
335
675
751
355
222
385
780
465
7
870
631
187
980
957
267
302
653
821
167
9
821
474
717
630
770
825
577
794
964
708
166
39
22
732
567
338
856
276
34
324
602
834
356
41
815
219
285
817
113
104
491
132
178
24
773
59
72
464
159
715
827
304
43
638
221
880
367
400
524
379
317
793
540
794
931
403
296
744
236
323
42
830
456
546
939
611
491
619
400
320
506
143
42
716
175
267
709
566
849
708
646
594
838
283
555
481
236
655
44
259
883
455
904
808
268
44
481
745
188
661
287
393
76
520
162
144
619
418
562
395
320
575
4
101
646
876
254
149
268
353
771
539
476
774
812
239
73
4
773
698
660
404
614
417
150
265
780
507
70
551
151
572
804
40
697
46
375
24
445
810
358
573
986
935
988
657
882
426
92
595
676
931
246
184
500
885
773
601
11
173
239
3
471
580
942
943
528
423
38
13
268
217
859
757
119
359
156
344
449
51
846
751
492
750
53
345
988
323
863
792
472
88
654
839
743
857
5
896
468
76
44
174
949
997
74
149
3
498
13
223
155
360
692
19
913
612
225
918
415
985
534
33
151
589
297
628
202
615
812
360
382
422
645
831
541
127
844
8
926
925
1
9
756
666
760
777
765
751
207
968
626
104
108
755
505
185
650
376
118
703
695
230
745
290
500
173
135
439
725
884
15
965
404
314
841
946
453
571
588
752
662
740
442
180
277
859
499
818
243
233
286
83
321
575
220
165
950
90
447
415
575
696
783
304
326
975
817
155
860
713
810
539
932
176
763
224
780
42
455
473
0
691
374
709
395
137
409
0
528
622
624
44
158
975
15
177
433
67
759
377
23
11
199
762
898
486
307
633
139
813
900
14
389
589
355
257
966
260
128
555
962
689
897
738
578
852
759
533
980
358
91
55
487
459
516
487
330
93
494
821
716
407
742
45
8
593
329
547
85
34
798
676
986
640
951
213
999
330
403
128
681
914
211
259
603
323
45
214
851
705
905
649
308
176
33
905
723
987
234
7
132
65
107
328
452
651
315
244
921
370
18
275
32
74
578
167
344
778
372
129
73
103
948
391
681
728
658
905
616
6
229
20
862
3
505
895
297
796
154
508
543
623
943
649
409
955
732
201
604
384
63
516
983
65
501
187
8
463
113
956
665
566
348
332
793
479
747
646
708
618
185
715
26
326
204
12
755
881
460
110
68
945
124
985
69
278
521
20
581
988
14
147
138
401
337
4
717
947
984
138
116
897
680
170
896
842
57
296
408
665
21
12
912
804
235
629
343
492
498
851
324
814
401
60
317
455
654
753
9
878
33
186
278
71
851
533
312
681
200
393
33
444
448
101
83
154
330
138
779
250
387
763
783
947
640
342
4
269
463
662
359
908
720
115
222
666
482
200
774
22
936
530
403
905
112
472
893
820
518
625
469
10
363
797
633
0
848
204
210
11
794
788
846
415
888
6
21
64
467
231
1
4
345
869
605
897
2
628
784
331
769
707
7
596
614
448
889
557
605
94
697
606
97
467
632
739
157
897
892
128
921
685
993
485
944
598
552
359
497
121
119
769
126
642
315
731
325
753
606
228
607
465
891
744
0
194
209
204
983
852
515
538
693
688
545
408
730
510
832
920
527
386
843
129
654
651
804
104
950
266
328
476
985
969
4
819
37
832
397
415
925
902
165
602
249
48
306
729
234
827
90
93
648
195
480
146
772
939
401
217
162
685
793
793
804
463
685
899
113
967
742
821
148
170
787
10
579
1
678
208
674
344
123
834
229
352
821
331
393
62
381
880
774
396
120
180
801
790
759
711
210
555
69
752
41
953
451
200
442
968
434
99
943
251
172
323
475
34
231
190
294
61
34
925
707
907
36
197
52
836
7
486
106
741
449
243
287
520
889
802
357
180
394
90
270
513
310
985
843
607
458
985
207
80
26
526
153
627
762
990
67
955
325
418
618
83
332
33
498
469
270
876
990
747
191
600
43
963
199
64
912
102
376
971
740
884
68
651
361
418
766
226
194
428
14
819
48
361
200
953
214
213
904
992
81
214
196
168
921
522
801
722
995
136
0
515
352
377
453
192
845
152
66
61
582
546
119
378
0
341
128
101
2
992
70
194
832
113
101
583
122
600
363
170
463
987
502
776
888
589
786
397
568
132
69
32
849
81
606
143
894
188
758
315
22
3
137
941
564
19
834
10
499
236
615
803
5
461
230
240
330
125
299
193
113
477
614
367
85
34
725
147
468
133
42
781
664
155
105
183
613
674
737
903
325
394
1
74
695
892
4
491
136
1
689
579
319
253
394
808
122
27
79
215
456
375
360
856
51
738
371
987
658
827
942
198
71
227
944
225
620
634
549
22
493
222
740
607
191
662
11
161
387
342
480
15
567
563
981
657
837
441
719
916
532
77
420
649
420
859
643
653
240
423
460
516
499
679
880
287
541
285
204
13
190
270
77
126
349
555
851
709
200
411
636
981
936
147
802
499
218
262
59
855
943
401
2
671
420
273
642
911
863
673
137
974
871
576
435
457
780
562
976
584
503
107
60
947
971
66
291
479
862
36
571
93
97
479
323
595
917
576
328
549
130
0
532
35
48
8
935
932
34
742
215
18
541
379
154
721
420
0
792
403
546
113
933
9
486
371
572
875
462
108
650
33
147
291
786
257
469
277
207
700
64
785
403
660
657
600
288
340
896
701
288
872
968
162
10
720
648
884
509
121
459
828
964
824
925
496
122
912
858
99
483
708
380
980
807
545
89
397
551
222
702
980
575
240
724
512
889
935
13
793
237
701
345
978
7
100
788
740
672
920
778
262
765
621
324
238
374
8
592
807
491
125
909
910
243
771
516
582
132
388
578
676
475
89
320
8
743
689
38
65
64
187
141
741
573
107
180
215
739
873
124
14
622
639
109
515
515
420
837
7
242
786
161
572
491
501
5
434
843
527
167
547
338
143
66
373
562
94
107
184
293
378
453
654
677
79
797
253
982
610
655
2
92
1
367
12
601
709
242
983
364
176
673
407
924
872
270
889
783
946
883
294
285
122
597
2
590
110
565
84
62
625
612
288
945
755
126
620
768
568
386
430
70
890
844
937
752
968
93
328
876
544
341
476
607
270
116
72
175
933
208
83
217
976
31
990
922
420
255
476
318
189
83
558
161
91
914
320
926
960
204
986
867
597
283
965
484
126
643
186
147
80
844
295
208
76
429
954
589
998
437
771
630
845
895
493
5
645
276
909
826
634
966
94
758
924
497
585
919
4
835
571
337
385
261
272
20
241
312
855
855
958
14
284
712
37
309
34
457
290
41
4
1
422
161
889
157
512
216
492
371
439
398
597
377
420
636
904
375
65
129
551
187
429
501
488
33
510
97
762
264
158
263
27
646
240
938
596
396
789
415
39
667
671
886
445
22
645
244
603
147
473
122
56
541
424
664
228
50
13
120
951
601
0
2
18
354
525
738
273
536
154
22
11
816
814
865
419
680
110
762
241
331
368
861
327
682
71
272
547
540
753
518
118
831
109
267
261
339
845
243
29
429
285
554
397
191
962
790
581
543
64
868
677
568
4
253
507
428
116
818
545
270
418
268
97
213
876
641
385
390
423
726
530
627
357
760
1
211
142
676
771
45
7
699
835
448
704
873
699
547
180
97
149
412
449
229
43
658
769
64
965
463
866
830
727
114
272
202
751
84
400
685
451
487
4
754
592
767
104
594
826
52
289
921
134
190
237
574
334
238
165
492
950
349
794
485
442
951
32
586
636
351
201
378
122
820
646
744
571
867
566
515
42
31
931
289
386
0
589
721
715
710
389
533
209
5
874
84
800
764
863
307
874
373
94
509
329
821
384
937
181
514
844
313
944
554
690
14
190
489
961
456
78
186
14
625
359
566
54
510
632
533
791
643
406
150
404
130
170
520
829
261
756
5
497
923
861
834
195
541
896
878
955
480
902
83
538
541
721
593
812
604
820
8
346
872
519
117
122
145
332
19
760
746
713
326
864
86
641
76
578
972
337
100
791
11
666
774
996
19
72
556
22
487
576
859
210
987
668
368
508
203
842
871
837
514
21
479
82
973
47
312
663
659
100
814
5
130
908
556
47
625
787
922
686
7
894
278
89
521
601
166
38
328
179
428
448
816
708
143
0
620
223
559
127
541
36
495
277
952
517
322
203
632
388
732
450
193
926
29
879
891
192
472
636
121
572
278
693
379
765
130
388
150
254
254
562
112
209
667
205
676
356
917
740
535
355
186
15
685
256
416
271
482
764
460
382
453
832
915
33
123
76
232
9
574
861
272
16
314
258
267
25
714
514
312
343
794
568
326
818
7
556
890
958
453
20
56
96
419
239
770
558
451
619
195
96
665
642
307
615
845
619
4
128
661
550
517
92
427
14
534
251
316
365
220
146
393
127
741
636
163
683
727
39
275
384
743
441
26
151
193
920
955
710
652
102
426
400
228
272
456
861
794
239
871
519
364
20
156
848
908
904
393
930
300
503
335
41
712
202
3
181
890
893
586
617
741
346
398
327
408
546
237
658
296
860
454
901
320
757
323
649
316
658
476
659
293
50
330
607
328
587
684
361
142
553
707
805
22
371
365
23
356
136
94
880
771
116
117
365
282
70
340
346
531
600
978
838
2
616
20
670
226
402
439
863
156
830
734
925
690
121
696
935
662
44
37
514
916
132
668
265
211
176
111
431
835
432
687
568
628
683
318
269
606
875
11
554
480
552
505
243
84
130
790
4
486
235
19
406
931
305
580
795
713
771
700
289
970
791
769
594
223
766
258
969
335
663
148
2
283
96
4
489
0
478
820
874
418
776
599
30
933
636
233
612
54
639
354
368
544
2
202
196
118
731
282
149
51
154
770
219
651
279
887
59
366
806
972
431
456
393
721
26
634
194
321
502
770
961
865
309
799
642
799
387
867
684
263
908
440
192
479
628
740
64
169
54
278
979
240
493
57
60
896
107
912
254
759
471
756
839
312
713
861
298
59
793
460
25
447
476
869
116
576
758
888
966
134
522
734
688
679
1
36
614
429
153
694
109
916
636
537
139
59
761
489
226
255
474
713
135
823
569
389
930
30
380
617
199
899
28
424
508
330
251
514
993
450
737
240
424
931
435
686
837
568
472
428
67
126
749
183
102
591
869
274
359
648
790
543
119
5
322
876
764
490
738
255
510
801
389
281
332
507
567
15
141
417
604
187
186
185
130
300
3
374
857
500
509
879
24
239
716
271
800
393
167
151
242
35
904
531
930
327
604
509
450
973
173
515
193
107
239
835
654
344
52
12
749
4
938
905
59
641
946
530
173
663
208
305
794
85
2
118
541
923
223
568
437
829
50
586
723
254
724
101
781
225
724
650
664
438
286
852
793
28
723
25
613
333
748
316
615
759
68
4
714
775
495
787
509
21
722
465
595
777
528
2
100
910
598
241
805
47
614
209
290
55
95
242
163
746
427
155
662
996
19
800
825
982
816
410
328
751
551
225
199
131
515
297
286
175
689
186
503
391
956
34
580
196
482
563
234
872
50
552
944
284
451
37
746
874
383
244
814
314
578
845
942
639
276
609
956
275
864
930
103
774
541
542
732
48
732
64
61
4
196
138
270
12
534
915
65
0
138
317
547
21
496
27
892
725
122
143
949
668
648
635
244
730
539
781
148
820
60
324
165
60
827
906
598
404
400
390
411
36
250
48
380
704
131
581
101
519
586
775
809
199
75
409
862
956
202
32
657
398
463
92
925
790
782
374
484
119
736
799
121
173
414
361
884
819
24
946
370
490
308
498
995
746
735
487
352
235
672
577
61
980
283
867
154
123
576
141
496
939
65
69
61
931
200
357
862
588
137
572
762
418
406
930
551
865
617
8
202
182
251
478
65
55
610
536
172
757
816
267
178
876
443
432
109
752
758
260
631
303
744
861
516
113
775
82
997
643
824
610
21
955
424
397
698
42
266
560
637
320
607
940
896
892
492
548
876
484
614
329
380
0
565
3
748
180
315
271
860
991
500
511
940
562
289
845
758
951
776
612
232
349
232
914
948
195
152
0
141
450
536
982
135
298
883
351
163
979
134
548
258
654
30
783
106
237
194
602
935
371
113
927
672
320
555
618
575
585
851
22
286
59
24
914
155
126
156
499
428
818
307
324
22
454
245
273
531
421
892
63
269
807
84
828
48
1
871
33
661
203
224
580
504
354
84
264
170
112
428
412
66
420
888
240
756
5
18
447
219
571
283
756
205
646
476
221
977
850
331
261
220
3
161
71
108
898
713
525
544
81
842
873
738
346
786
651
174
179
20
74
433
61
641
570
303
129
912
981
935
333
192
948
79
880
481
391
186
73
904
933
6
447
814
133
46
367
865
318
435
510
316
392
775
794
442
827
682
231
228
205
975
960
649
256
890
831
879
952
3
332
643
338
467
208
581
146
109
4
874
612
861
656
393
167
377
128
2
560
321
989
478
551
735
658
269
183
879
192
565
103
260
33
635
623
492
878
54
578
797
483
443
57
308
88
779
594
144
921
219
892
162
794
773
438
520
5
587
417
742
271
127
647
663
786
129
961
205
178
758
614
310
385
347
436
509
481
953
521
858
847
791
653
23
15
14
442
644
268
66
45
611
957
671
19
779
60
76
593
785
887
350
605
108
66
3
487
262
5
442
151
400
9
495
684
68
319
570
349
288
919
855
833
560
522
777
445
757
837
634
879
661
592
749
12
297
613
234
628
245
984
513
91
178
880
363
59
206
803
704
771
531
943
563
813
707
328
225
629
899
365
402
916
606
365
166
10
78
473
412
549
351
977
932
973
429
432
742
549
994
549
243
781
297
419
921
197
197
251
458
335
634
421
431
956
911
843
133
40
5
221
391
63
828
665
999
333
334
475
92
729
539
989
4
5
486
911
3
164
439
598
804
100
159
720
554
69
595
615
637
936
72
539
45
382
849
160
458
487
174
2
653
42
362
478
176
906
418
666
550
818
859
272
488
389
472
367
77
357
780
406
560
441
570
618
983
183
448
884
296
620
760
429
492
516
64
147
941
179
762
145
907
78
36
466
866
155
91
554
21
450
742
952
321
794
200
228
767
5
31
654
294
844
888
562
747
845
858
938
65
452
251
486
227
82
3
947
170
645
639
409
163
761
241
695
723
182
933
294
447
179
900
524
531
58
892
592
240
791
45
241
471
420
841
811
954
383
76
250
588
192
190
326
168
236
187
488
259
119
316
647
305
658
96
274
549
383
342
408
968
958
89
366
536
839
846
98
148
851
529
873
802
314
103
270
840
199
961
249
981
9
59
553
388
374
542
353
846
370
58
611
804
643
125
330
265
848
895
234
551
633
404
743
88
784
368
505
911
270
443
41
285
92
676
63
847
515
846
902
728
725
962
609
711
878
976
233
947
108
330
103
92
959
622
71
896
835
73
579
33
408
3
81
8
868
527
233
4
492
525
37
653
821
37
696
805
265
721
120
980
394
808
684
867
143
456
870
8
571
803
777
110
595
644
2
128
541
190
34
994
849
107
49
628
30
142
928
235
307
246
237
799
401
288
403
395
786
357
204
253
910
926
583
726
567
343
912
659
508
443
221
181
556
506
461
247
711
552
410
202
874
501
766
440
312
800
165
298
286
682
705
256
433
201
517
123
343
923
11
544
532
212
977
164
627
377
429
173
973
803
51
94
852
26
387
618
780
968
303
123
138
572
584
445
467
910
895
926
502
653
932
22
37
265
51
130
479
673
747
604
896
348
867
980
771
394
804
176
652
362
707
343
700
473
16
386
4
812
238
824
248
851
57
480
73
775
55
53
472
777
767
255
575
592
22
192
553
78
700
889
426
544
421
610
399
287
74
24
737
837
901
271
343
93
514
0
47
149
285
283
134
975
631
46
918
106
106
169
434
44
480
22
588
231
874
840
888
203
405
997
382
769
571
308
619
313
911
585
130
555
539
238
262
922
47
1
276
933
722
920
657
459
822
166
201
248
475
955
136
682
144
293
703
317
153
521
678
840
252
883
4
961
461
295
617
348
249
870
864
998
11
759
488
385
314
15
393
269
122
346
231
692
321
485
416
673
104
944
283
478
352
729
211
501
976
888
138
432
979
409
260
155
505
43
233
647
267
964
198
547
77
30
778
499
165
3
200
772
522
178
900
536
45
937
907
128
338
26
865
592
732
308
529
702
486
931
298
482
7
357
399
549
962
11
779
607
415
472
435
896
326
56
104
495
926
491
41
94
418
630
491
218
4
250
333
318
835
33
487
359
875
391
731
190
762
7
207
956
200
453
726
0
295
13
287
407
692
180
20
29
780
756
904
695
65
536
344
570
166
922
573
924
270
683
973
774
590
542
14
987
539
624
199
338
60
974
191
340
726
461
718
350
205
275
408
404
368
218
239
884
829
912
16
161
27
517
344
47
80
380
129
628
220
317
394
216
770
15
733
106
603
749
213
759
10
760
93
452
462
54
439
67
687
434
484
882
323
995
943
0
999
874
99
729
535
736
925
143
807
991
49
420
939
298
341
67
626
459
332
463
157
173
336
193
499
916
959
432
51
876
70
279
940
520
84
894
629
685
950
655
465
997
393
692
65
589
338
464
134
540
708
682
734
619
203
388
642
134
591
187
170
144
70
655
527
410
242
526
277
8
471
308
162
404
451
492
11
463
541
737
580
778
468
26
188
149
5
509
787
724
511
657
233
795
295
512
801
1
680
488
557
747
9
565
605
384
974
285
282
377
566
960
529
665
454
770
946
155
625
640
3
292
722
719
347
948
652
753
354
937
825
194
737
477
119
463
807
582
384
470
232
39
531
352
45
320
586
567
166
815
118
64
473
720
56
134
4
648
783
324
690
371
672
688
883
353
667
287
511
464
351
307
442
891
188
373
147
255
239
135
880
259
25
683
990
584
998
65
303
576
405
188
239
532
898
262
767
264
659
848
52
11
681
167
223
141
925
635
477
138
355
777
552
348
461
262
13
631
767
446
568
617
320
724
837
15
711
498
704
125
702
520
625
916
406
580
680
879
521
534
80
541
490
543
793
248
845
468
11
824
180
45
18
964
196
437
594
195
374
558
986
848
193
13
786
972
758
776
994
226
840
689
724
439
972
340
783
45
750
374
327
681
347
131
132
634
745
63
86
33
450
997
551
33
32
366
12
367
548
112
224
304
760
823
193
959
200
171
340
413
295
963
548
197
951
330
884
133
424
501
157
910
744
415
302
766
419
826
557
147
99
984
180
166
98
795
368
459
35
298
772
417
144
526
142
278
385
678
541
340
432
810
836
395
82
332
681
985
195
560
754
841
27
796
983
113
230
72
850
63
585
705
419
48
965
45
714
438
17
7
602
4
557
596
947
653
426
965
140
328
630
184
688
796
854
75
566
65
82
227
778
861
20
397
270
56
324
788
295
27
262
944
960
615
71
994
745
1
830
290
870
491
616
711
4
225
721
21
74
307
720
426
696
282
217
235
436
488
190
12
587
92
897
992
754
823
570
370
828
365
915
724
646
53
767
281
164
271
70
5
406
404
458
596
803
82
125
597
981
162
852
97
857
555
703
924
46
199
862
751
17
958
595
203
459
148
598
663
258
720
145
211
56
94
921
474
87
423
298
115
824
541
195
963
476
291
103
505
4
64
487
945
431
37
46
171
565
534
673
127
566
864
525
229
200
181
662
655
335
339
950
85
147
247
821
944
353
512
80
617
166
469
69
719
887
834
12
950
850
837
841
808
96
478
196
828
557
687
913
579
872
69
267
118
335
145
108
458
24
494
1
507
893
117
206
173
80
488
225
160
361
879
989
903
14
733
781
230
441
432
596
486
643
810
952
133
984
86
595
883
402
543
486
758
659
381
304
26
491
739
835
764
835
14
633
33
290
13
150
707
80
372
424
717
821
590
988
834
20
652
544
653
662
733
19
740
355
4
971
808
649
185
0
183
61
403
823
88
672
608
404
258
583
141
127
603
770
336
737
672
37
184
790
913
375
561
33
110
232
127
919
745
12
317
157
856
676
116
869
226
515
875
523
960
200
281
436
347
9
563
498
33
69
262
311
640
892
647
630
5
749
481
708
510
849
4
16
374
412
178
832
164
487
10
526
133
76
227
440
656
865
798
403
52
649
235
422
620
412
235
320
515
403
691
448
591
33
104
593
4
22
257
172
813
746
719
329
260
480
580
582
502
457
16
38
2
706
878
509
328
204
317
8
383
265
994
122
708
807
675
993
417
166
227
477
385
70
792
338
639
34
45
688
71
129
23
406
533
515
21
272
572
742
98
329
881
15
897
304
758
391
398
404
648
943
90
77
150
789
40
554
16
853
836
175
209
530
840
67
813
280
95
349
77
362
939
355
614
211
108
392
304
437
760
233
69
558
88
839
114
426
164
329
245
250
559
171
50
474
595
682
78
277
267
270
315
30
848
212
152
157
748
124
62
1
143
710
267
203
464
996
453
453
628
594
273
357
12
900
992
677
169
476
878
494
552
202
936
226
978
419
589
953
946
166
428
476
64
213
789
494
839
601
976
123
160
998
660
59
175
647
255
645
920
190
530
293
788
917
971
365
27
615
951
879
68
792
859
687
797
127
375
210
747
748
175
568
881
353
505
223
734
250
868
160
638
539
522
368
267
373
217
747
132
243
215
362
461
483
872
859
739
687
627
74
765
550
312
4
580
59
0
246
898
83
701
320
766
842
720
690
924
571
725
853
154
236
17
218
940
501
4
605
184
131
768
147
110
345
843
541
992
224
179
708
752
273
260
384
30
324
69
809
0
729
636
65
818
26
621
773
993
968
297
762
851
66
960
846
558
359
344
473
516
147
722
62
102
508
258
726
11
1
158
283
301
757
4
925
5
897
735
106
955
367
905
25
58
546
279
797
241
785
399
48
340
711
595
772
168
755
105
182
133
518
80
4
509
52
958
413
57
306
568
924
543
240
984
69
698
366
172
248
834
90
148
351
344
517
390
945
150
807
520
520
86
617
797
232
203
748
786
957
847
298
32
998
567
861
526
851
789
895
317
883
478
233
210
59
869
462
909
345
140
319
64
474
821
105
779
790
45
769
503
367
567
923
212
10
112
590
474
433
37
589
311
62
726
208
185
410
35
295
891
163
2
839
307
21
750
712
379
674
166
22
653
110
47
171
444
101
259
819
363
138
92
882
345
5
576
230
191
124
900
46
924
29
522
429
510
161
157
144
191
474
949
91
418
396
423
979
156
528
58
697
571
12
25
302
737
772
196
723
286
448
354
382
360
620
393
661
698
940
669
308
407
177
217
618
748
745
721
19
18
218
111
973
501
154
845
363
252
8
107
343
351
653
293
168
73
1
101
801
966
35
612
962
970
344
906
793
249
892
11
479
43
186
426
742
33
362
763
295
881
908
452
410
273
426
980
16
525
371
807
231
483
481
815
645
31
338
751
934
550
414
407
330
232
330
339
13
496
717
985
620
951
628
983
135
956
173
532
134
325
7
881
692
482
801
250
478
100
33
848
810
144
925
783
213
755
73
915
307
429
685
19
103
619
578
22
93
817
537
868
577
842
22
699
496
909
19
959
503
212
477
475
130
719
74
772
771
845
21
420
545
771
682
737
402
246
424
831
126
335
553
752
204
631
142
51
460
703
807
953
610
227
879
268
787
366
636
871
359
879
137
359
523
212
272
243
862
207
835
209
975
69
145
519
229
777
116
568
686
881
784
3
460
78
985
994
325
180
736
455
102
22
908
215
182
475
736
891
568
317
708
140
792
222
123
303
616
5
626
103
369
895
732
120
319
854
416
373
497
804
773
750
897
203
426
378
17
254
293
931
193
303
431
771
737
665
946
934
941
684
952
358
503
63
819
961
730
981
509
632
298
490
826
509
197
182
83
402
311
655
146
15
930
417
45
7
607
528
787
78
539
410
556
485
372
5
997
569
501
59
171
483
244
69
983
984
698
79
282
4
477
80
350
10
676
988
288
134
961
762
673
856
197
763
790
457
201
885
831
829
725
104
678
823
950
16
449
901
355
61
15
742
922
478
44
837
112
694
42
106
620
306
169
364
181
158
654
767
262
654
271
635
291
760
852
632
165
538
153
831
835
3
545
225
356
13
653
242
777
654
266
169
304
826
448
84
174
429
109
25
404
382
90
966
614
35
304
555
175
49
153
468
967
219
276
208
959
591
41
748
804
753
618
9
808
531
825
370
807
743
17
318
402
146
58
826
409
601
747
499
416
172
74
350
184
23
14
681
599
148
952
934
327
681
727
145
993
942
98
374
783
11
28
38
384
14
22
521
416
222
421
589
433
873
288
245
284
596
678
753
337
216
288
328
916
59
453
261
109
51
422
893
373
385
839
596
215
446
50
791
115
296
710
764
822
18
435
41
32
40
684
263
349
392
1
827
569
4
427
558
731
31
419
565
59
356
605
121
158
930
490
26
373
108
210
23
353
148
499
33
794
11
342
33
320
557
486
104
655
447
522
229
82
713
307
886
781
4
144
471
217
370
886
64
929
603
386
739
164
789
970
870
308
200
449
808
10
727
741
669
237
579
752
76
555
241
398
402
1
46
968
676
759
713
278
279
992
660
505
736
189
842
621
2
658
940
220
153
6
341
396
163
474
601
15
221
252
4
986
273
888
425
692
229
623
740
257
41
735
498
224
371
19
912
865
571
822
438
54
507
179
749
325
133
884
50
910
949
748
704
810
989
92
494
211
713
784
889
656
559
319
672
203
33
879
990
538
442
429
0
751
644
205
589
379
147
995
719
320
4
319
411
729
238
236
226
533
927
387
710
375
346
366
90
741
268
14
338
26
1
2
979
624
375
690
637
976
4
669
691
3
439
98
557
304
610
423
211
687
540
33
40
830
869
870
665
126
379
875
855
740
4
21
19
56
201
774
295
376
579
977
437
501
658
576
553
318
57
76
511
268
66
94
749
950
166
76
525
212
848
66
85
877
252
118
466
642
118
61
896
758
46
369
42
298
108
240
999
666
329
909
489
635
996
19
656
163
267
457
366
216
929
651
45
257
835
142
926
656
20
702
95
997
881
915
890
490
186
904
287
761
722
918
129
862
543
414
489
42
96
305
834
232
671
913
314
638
992
293
943
336
136
467
795
827
603
807
592
675
24
739
367
462
396
209
190
255
758
450
526
573
313
244
263
130
433
845
3
596
962
449
446
771
271
294
684
796
459
800
662
997
132
924
371
68
118
96
155
295
481
520
838
367
211
413
185
61
231
825
792
659
316
57
266
4
238
493
708
177
5
52
855
887
820
437
32
998
600
29
101
727
667
36
338
267
516
445
359
194
615
627
682
407
36
870
435
1
553
607
55
822
294
691
571
11
732
748
493
790
375
61
103
85
10
606
642
128
917
276
806
910
260
689
188
889
352
153
996
38
224
831
406
588
660
722
58
397
551
167
292
902
858
403
248
64
571
885
207
943
392
527
246
386
20
772
68
691
956
67
11
113
750
701
724
3
654
413
372
219
813
991
192
512
582
870
132
780
486
570
547
921
295
242
444
453
618
63
277
211
161
803
866
420
279
348
402
96
738
942
562
257
126
721
253
896
49
234
352
614
601
712
829
678
363
292
741
243
569
219
392
970
581
987
783
524
960
67
569
15
201
10
62
0
394
217
907
212
187
0
865
778
533
826
979
795
697
990
183
63
632
413
928
46
