13
992
258
459
342
691
823
545
691
945
190
464
852
107
458
924
141
901
290
618
223
914
613
579
62
457
52
690
628
253
554
163
380
369
807
219
333
997
879
811
896
291
813
172
162
802
984
596
471
433
640
905
808
757
41
180
780
954
372
771
414
276
58
33
994
46
593
903
151
155
564
760
98
146
154
974
800
465
35
934
470
961
119
430
364
951
75
718
63
927
707
12
405
837
808
877
563
55
555
37
943
300
221
511
570
460
827
599
317
308
303
212
460
577
176
670
100
692
831
282
917
296
238
98
804
932
578
140
419
187
398
780
675
644
204
801
601
557
128
590
610
159
935
976
101
643
223
717
403
746
982
711
804
461
96
551
803
391
160
92
799
700
512
82
984
463
296
496
448
351
44
15
922
348
725
294
519
206
127
921
272
804
36
314
433
877
457
733
223
538
305
196
246
321
794
647
656
52
508
723
121
441
27
26
563
814
254
149
199
689
132
994
752
354
779
712
761
277
143
147
987
85
678
829
289
822
478
45
71
800
292
21
964
390
434
931
340
900
367
36
695
652
94
433
549
955
717
926
92
762
51
327
591
834
232
230
178
29
842
166
748
918
587
82
636
722
827
592
1
510
107
922
905
15
39
460
584
374
198
746
112
980
131
735
701
913
686
418
671
454
692
176
36
61
87
0
277
521
903
719
968
572
879
344
100
626
724
173
70
270
702
684
508
910
861
949
219
476
68
745
578
470
756
105
491
273
586
415
371
76
812
209
352
177
801
217
456
782
740
35
62
107
462
861
759
778
973
763
953
448
223
50
395
712
634
475
104
380
387
140
837
665
507
787
217
836
425
357
12
824
146
133
289
447
729
239
672
946
365
823
702
113
574
524
580
481
976
59
456
98
177
285
424
513
511
402
244
733
542
924
535
91
17
712
464
581
451
532
230
407
109
256
913
485
820
444
783
142
113
889
352
804
819
330
990
987
76
404
883
539
906
330
858
865
154
919
421
910
491
837
889
407
511
923
183
486
174
426
679
381
742
689
148
735
340
714
269
533
369
22
187
415
368
741
444
19
111
406
600
304
491
823
485
59
201
11
406
936
194
889
784
517
668
200
285
194
822
175
733
765
143
6
426
915
935
647
704
467
494
381
399
364
269
183
568
315
81
855
476
580
90
89
955
99
39
448
861
808
997
728
768
910
117
656
576
101
57
83
358
192
200
700
320
11
899
431
895
89
608
612
474
940
34
464
316
5
407
249
834
610
913
102
952
43
700
556
528
212
390
397
633
489
335
749
655
934
390
352
464
585
757
216
668
792
116
621
244
234
807
349
290
207
222
186
766
527
466
966
701
27
158
558
440
334
731
517
771
648
428
441
214
693
809
579
792
841
361
426
731
392
74
62
554
750
621
444
912
599
957
348
187
314
595
93
509
755
947
145
525
842
824
336
672
496
393
453
107
922
230
637
565
112
387
94
513
487
524
315
651
294
755
712
834
245
451
988
307
354
228
95
952
888
55
786
618
991
617
166
994
182
942
525
120
796
277
790
521
852
644
164
691
437
897
322
864
179
437
102
411
474
716
543
393
595
589
415
283
836
709
974
917
655
456
900
11
209
157
147
648
293
232
322
881
355
25
998
79
99
240
215
687
309
172
0
11
853
686
686
996
739
94
326
635
555
28
155
291
392
462
137
150
403
183
198
429
210
296
68
516
38
610
678
843
354
91
752
44
231
747
264
739
668
999
692
401
47
573
474
740
135
136
287
513
541
720
813
677
542
789
822
805
218
607
644
472
346
431
917
984
494
459
368
959
251
94
722
574
273
975
55
635
989
741
649
445
96
599
534
696
3
806
445
352
512
511
542
302
64
766
658
409
485
547
891
207
22
849
75
884
716
463
267
531
196
959
55
320
395
210
450
560
860
819
297
17
535
754
395
976
686
238
753
615
119
145
914
514
69
385
390
44
305
731
609
55
833
818
571
983
78
417
775
324
735
52
726
410
935
444
666
459
703
95
78
78
591
128
621
510
284
965
86
151
825
440
749
224
928
568
476
463
905
549
60
199
957
887
989
2
331
92
720
816
948
246
848
54
822
267
652
322
855
323
987
51
244
972
887
999
852
767
897
522
54
293
606
754
601
272
290
265
192
758
65
79
515
448
135
149
244
808
609
418
268
167
989
548
235
838
727
244
253
10
172
987
168
41
118
133
217
763
957
254
901
164
497
719
357
509
177
952
551
599
759
394
497
715
259
502
233
854
355
429
842
714
694
579
643
501
771
128
450
463
728
991
249
710
430
771
734
401
687
539
88
110
447
748
656
952
567
367
254
784
244
749
268
741
445
549
123
896
469
0
884
753
143
420
784
912
962
20
362
770
265
615
381
979
748
451
638
473
668
54
447
193
897
525
294
671
364
796
644
950
688
844
421
874
923
179
409
660
352
322
997
755
838
943
816
383
747
601
571
550
155
534
956
889
973
169
734
314
938
120
834
98
905
460
23
42
109
266
52
276
84
637
142
679
333
814
683
650
961
781
328
521
995
204
141
417
321
917
116
243
185
342
90
858
200
102
95
562
446
751
644
90
231
437
290
110
492
906
679
339
101
883
811
192
92
607
523
707
115
213
443
849
376
253
202
860
673
677
251
911
218
527
862
399
945
183
246
381
756
27
692
156
562
265
781
71
581
324
77
134
795
465
961
616
25
977
431
650
183
616
707
769
744
649
695
761
707
38
961
265
133
788
713
711
935
200
419
652
122
718
413
172
655
320
783
371
672
299
708
516
866
763
476
664
569
4
892
534
807
522
989
114
102
916
646
524
432
15
651
901
395
137
960
959
51
86
375
515
502
631
336
261
974
16
997
218
29
420
417
52
441
792
453
99
463
388
651
772
411
212
339
853
570
192
247
562
750
867
115
299
567
154
195
684
457
12
586
959
878
818
402
381
219
255
23
94
346
476
372
542
852
968
569
136
703
895
901
101
655
260
344
209
769
516
405
18
344
359
844
879
372
443
33
141
666
338
272
912
853
212
774
622
447
30
150
386
875
13
835
890
293
532
689
958
44
118
671
315
10
455
951
114
705
526
343
392
334
220
777
463
839
210
467
291
860
147
757
280
803
883
208
995
115
801
116
800
32
281
336
344
610
432
456
87
822
831
58
444
964
679
995
957
652
695
602
83
543
446
115
418
422
599
877
820
184
877
638
346
596
63
539
802
231
920
677
398
738
34
878
544
827
192
754
588
537
417
644
14
654
480
820
945
367
226
293
273
634
858
966
526
881
870
80
690
497
951
276
438
655
196
903
722
706
465
2
747
271
319
158
834
211
118
90
304
584
104
501
343
594
533
676
884
69
480
716
591
915
229
286
783
605
573
719
957
693
699
88
464
879
931
255
865
404
114
985
941
763
546
627
390
783
201
815
114
846
361
123
914
731
477
53
612
667
4
15
609
476
685
656
310
584
683
580
388
142
201
995
427
314
972
500
637
457
868
192
500
583
653
45
792
725
436
854
185
616
545
392
124
893
929
869
749
925
106
245
909
300
427
239
905
277
204
35
43
619
184
930
739
467
510
846
569
384
334
579
93
445
607
267
176
315
329
519
562
246
873
623
871
360
658
405
959
406
244
254
227
550
940
958
976
813
723
152
160
726
189
985
621
639
50
692
703
680
15
490
147
439
694
131
961
661
295
366
947
449
250
849
276
443
844
207
206
231
981
811
51
6
621
487
969
525
5
191
143
965
127
407
213
802
278
168
782
319
948
62
189
649
153
608
601
59
638
837
82
609
652
779
253
333
450
940
528
674
325
668
661
135
919
214
461
854
199
965
656
629
693
344
500
297
87
356
323
107
885
711
540
720
461
571
211
89
550
33
109
822
808
254
335
805
786
2
797
524
78
100
900
683
420
112
947
53
129
708
371
857
602
508
95
359
917
471
546
620
16
6
543
109
885
850
216
174
61
57
773
473
39
597
734
556
87
326
40
773
538
178
348
263
892
554
600
696
571
457
189
154
839
281
993
163
664
544
514
787
53
179
982
102
372
229
419
85
953
546
263
965
748
578
273
155
749
782
298
145
922
773
401
264
701
632
919
723
11
258
128
359
648
730
463
854
706
162
354
259
692
351
462
652
953
435
975
965
470
948
59
33
521
839
699
992
968
890
62
275
428
403
394
280
710
525
98
212
884
300
873
344
657
197
860
746
539
24
361
986
384
34
977
797
734
769
532
884
117
133
371
68
986
98
125
379
504
281
279
920
782
830
801
837
727
274
94
852
563
582
346
770
448
347
59
297
889
15
352
990
435
714
297
440
574
534
838
127
47
189
484
210
178
706
841
908
382
633
49
187
878
541
114
859
773
817
646
892
301
115
579
889
43
39
788
823
935
770
107
694
610
964
797
509
261
378
619
558
936
934
840
931
718
672
465
887
110
974
762
675
802
109
647
838
114
827
430
553
618
801
61
541
553
731
593
515
579
817
379
519
825
189
173
429
7
521
195
694
874
967
673
576
264
738
94
582
678
278
866
432
594
327
493
491
226
501
950
741
10
338
554
852
744
612
10
446
384
274
87
669
529
689
961
668
670
422
84
906
283
731
85
769
361
44
159
469
545
647
865
79
113
107
663
45
255
174
199
824
575
508
677
827
325
868
615
914
189
793
891
888
710
165
190
644
443
288
239
429
640
323
40
624
463
101
982
269
165
596
205
76
648
363
301
926
550
465
199
476
250
350
385
73
926
680
50
666
506
890
861
870
171
285
476
570
860
203
200
886
215
499
399
68
158
64
501
388
127
154
336
942
889
481
558
915
421
183
373
20
697
53
457
287
813
56
992
533
881
498
3
851
921
55
565
483
355
45
482
674
39
19
399
485
591
504
518
329
96
314
32
338
49
580
663
128
620
466
809
14
679
92
247
483
356
408
621
31
949
873
875
334
352
396
541
822
854
99
353
895
842
254
48
358
133
898
970
996
35
360
92
215
775
914
47
552
544
495
207
967
60
610
869
294
465
875
264
211
328
311
565
701
791
486
204
365
78
887
785
367
983
434
591
20
732
377
721
633
916
100
422
272
767
777
34
945
116
989
859
953
196
77
698
485
553
61
156
719
924
41
846
332
848
713
8
808
515
631
855
2
958
402
732
798
394
788
193
214
359
591
913
780
759
217
162
309
809
932
307
294
133
971
80
664
793
413
864
125
230
179
358
319
585
906
621
476
167
877
716
284
232
474
21
252
91
956
917
320
895
570
347
961
691
211
174
772
474
171
954
134
255
125
697
236
407
500
620
336
760
593
615
602
687
675
786
137
396
36
852
471
979
313
72
548
469
441
350
65
157
22
130
936
738
43
579
466
347
27
260
258
319
303
661
862
641
288
76
537
969
99
132
61
119
262
826
181
496
331
638
308
669
836
703
551
921
622
57
26
502
100
72
242
341
452
208
966
129
885
909
26
552
656
704
919
365
639
231
349
736
983
994
151
736
420
786
619
168
14
161
110
936
229
220
103
56
794
983
961
508
5
399
889
442
161
317
611
131
950
716
238
62
969
739
820
854
58
97
159
516
787
25
372
827
244
452
416
633
211
214
423
889
236
938
985
41
183
982
130
434
390
426
313
285
949
909
695
979
706
797
279
658
514
591
256
158
543
673
515
398
104
402
639
699
883
960
373
519
764
139
99
848
23
225
466
395
421
301
944
368
994
370
247
419
593
197
566
873
7
272
672
76
282
145
193
554
599
680
292
245
530
419
745
707
240
563
366
379
183
256
982
548
316
5
245
945
9
64
94
948
413
815
533
219
435
257
252
88
335
350
339
116
607
369
241
629
415
96
583
838
398
631
762
183
60
903
418
451
70
64
750
979
402
94
148
284
675
353
968
684
72
879
177
720
203
819
982
176
578
793
405
251
839
503
312
428
195
490
974
852
709
791
354
489
400
724
357
226
145
354
418
41
661
628
448
793
99
493
796
626
462
20
315
194
732
359
761
961
275
996
34
254
330
946
826
581
415
522
316
6
902
937
759
248
48
788
636
816
549
990
995
688
432
683
304
635
366
395
856
985
482
20
350
352
930
357
551
552
910
119
530
713
231
367
445
159
812
18
347
684
433
613
449
370
109
620
498
86
878
48
412
414
947
271
229
90
531
281
266
348
785
140
76
392
300
507
460
909
528
531
601
961
952
505
856
153
695
885
873
60
869
148
562
753
364
104
554
745
822
941
547
117
489
891
325
494
491
672
282
120
419
380
792
829
621
634
305
497
564
14
24
483
741
485
217
700
776
238
134
838
93
662
987
338
573
973
570
104
760
438
126
508
304
541
836
730
757
927
582
357
970
747
903
952
277
5
589
792
482
522
317
484
176
250
798
246
718
237
945
445
375
182
898
368
161
880
223
170
52
511
6
805
862
378
917
990
897
307
21
14
709
418
55
824
168
208
33
63
280
282
243
545
943
478
187
560
846
935
16
818
745
740
496
257
319
166
336
291
352
655
179
184
343
972
238
121
104
975
819
261
629
895
968
343
166
576
353
233
542
762
375
65
389
227
989
526
888
982
251
661
633
860
790
824
709
953
46
27
930
665
379
229
817
866
883
851
111
358
528
261
743
152
559
633
687
883
877
917
318
2
299
499
541
147
100
328
58
727
949
931
845
659
879
971
342
803
967
206
851
622
722
917
209
126
822
327
223
923
461
284
119
437
129
264
833
85
186
667
310
321
362
518
844
932
194
546
770
787
553
524
95
127
543
242
64
461
762
464
666
71
752
607
163
549
366
805
984
828
759
357
562
626
435
722
877
795
418
717
214
557
145
963
708
324
1
120
530
828
747
169
621
193
536
139
533
876
122
618
274
965
500
92
415
91
385
822
259
994
416
595
79
293
52
891
140
702
728
835
600
280
86
926
876
462
363
627
164
108
385
550
143
91
344
933
106
958
767
212
591
354
570
676
564
806
804
158
830
242
733
893
837
129
163
788
723
44
724
810
987
859
319
616
99
164
80
688
446
341
931
676
870
535
952
502
596
577
109
150
48
782
307
381
84
304
92
368
722
43
672
170
641
950
3
669
804
547
47
321
336
170
504
230
268
650
664
576
235
811
810
106
623
983
903
351
358
499
66
988
607
771
18
738
589
524
713
634
605
393
516
382
694
164
30
956
159
475
572
328
749
149
43
804
777
932
776
213
455
555
774
463
328
273
84
168
359
433
195
621
686
975
352
781
404
126
507
249
795
248
237
157
205
319
394
841
920
686
931
214
763
311
480
604
665
582
56
745
332
129
215
951
741
532
7
474
452
381
410
627
93
749
413
695
429
435
547
401
914
466
665
370
637
106
937
654
375
319
474
843
897
383
215
601
310
208
962
326
107
968
970
53
15
188
490
780
850
540
520
139
458
96
746
335
625
992
755
501
206
614
775
659
975
394
830
424
729
928
854
464
34
531
498
293
940
673
435
860
90
503
2
984
876
514
173
546
691
680
916
471
851
280
85
149
670
648
845
578
237
288
435
352
37
903
688
30
734
462
938
251
253
43
595
243
134
504
206
713
816
989
1
125
506
908
655
670
844
338
368
690
229
3
670
210
687
49
210
670
228
588
704
644
157
564
537
876
639
233
807
522
829
23
145
890
285
972
938
351
499
549
889
581
854
376
918
947
445
810
45
342
575
365
626
142
615
767
897
11
9
8
993
277
615
352
221
305
384
388
132
686
162
386
490
388
667
143
889
357
876
82
19
575
705
948
655
200
404
290
684
642
67
730
342
962
729
218
621
526
866
39
836
795
442
823
938
98
179
190
505
630
531
501
292
298
650
81
309
680
825
642
632
331
683
738
689
591
597
823
248
913
491
298
625
223
393
764
811
722
81
38
687
86
756
377
407
703
583
450
749
877
731
9
400
826
381
787
555
523
784
286
486
923
760
474
111
133
358
702
503
671
913
351
966
780
433
351
150
298
414
28
792
108
222
581
827
60
957
548
438
766
25
504
33
429
349
46
982
712
152
862
822
374
563
757
66
643
582
773
983
269
268
665
787
480
209
966
542
429
858
165
384
218
944
247
29
46
942
62
159
279
133
171
579
441
112
736
274
50
853
585
980
660
24
406
720
333
183
488
709
273
980
225
531
727
161
898
32
661
554
124
47
720
413
564
950
456
419
334
111
391
625
709
274
288
678
958
562
541
616
42
911
170
784
728
420
484
923
904
496
270
790
921
76
58
157
916
880
837
332
497
915
386
780
572
621
254
689
234
801
410
207
620
605
422
718
214
762
890
961
761
831
294
504
31
196
163
614
634
325
16
529
346
141
441
341
564
925
832
174
863
748
43
877
115
436
729
444
836
24
356
156
64
754
222
827
952
960
946
392
900
602
236
152
20
768
446
153
876
505
172
854
580
497
32
684
654
928
311
281
375
41
10
845
484
11
972
837
600
120
34
671
221
216
778
398
433
486
334
11
919
827
767
505
92
416
856
166
278
489
785
938
529
274
967
201
935
14
939
856
605
303
758
93
39
466
841
557
497
932
750
956
0
945
72
890
301
201
756
682
433
290
434
713
636
760
953
412
929
897
321
726
483
62
126
836
162
723
278
465
292
515
508
321
287
606
519
52
292
835
420
595
917
444
305
737
165
834
867
71
439
293
156
347
567
323
639
28
110
551
292
436
186
430
733
564
979
103
30
226
16
179
317
284
100
152
129
188
937
891
932
372
227
930
967
542
384
649
880
407
755
910
8
819
17
847
540
448
743
273
916
905
69
114
880
771
760
778
401
969
628
306
90
334
196
469
676
19
480
514
31
256
587
462
632
635
239
964
795
767
861
665
197
435
925
594
521
657
231
596
94
207
266
620
73
114
844
41
609
159
683
27
605
464
457
218
210
94
665
586
805
981
605
650
299
533
149
525
893
511
499
153
476
82
640
572
720
566
108
283
269
162
358
53
833
876
849
859
615
933
540
567
95
905
490
533
574
267
295
814
338
90
437
9
863
902
459
198
479
159
865
643
823
292
440
351
558
958
534
36
869
345
870
201
575
99
163
933
146
974
216
407
88
156
541
678
85
833
290
619
462
440
244
311
54
499
165
369
100
748
964
934
519
96
662
30
872
848
806
759
991
961
551
653
386
398
46
591
338
774
53
211
659
981
6
179
508
989
14
527
849
731
566
55
305
377
826
572
697
539
704
744
349
752
816
272
553
728
871
511
291
547
278
340
575
711
119
315
88
565
731
13
236
128
903
339
425
74
911
935
937
98
693
412
295
131
957
694
612
678
446
235
582
718
965
705
635
293
383
321
728
507
169
19
672
299
347
388
895
847
766
500
363
583
583
337
265
990
462
252
865
804
733
124
168
642
872
928
352
49
66
278
449
317
993
937
706
570
258
810
256
728
835
100
996
420
164
145
603
771
587
146
743
657
182
124
234
660
279
115
723
963
980
757
383
518
931
133
566
856
826
528
377
163
176
889
560
383
166
955
17
843
294
102
458
180
909
785
276
392
743
836
30
939
685
812
790
513
496
973
23
680
235
942
800
338
892
700
212
607
494
315
482
288
685
178
796
704
944
351
468
861
813
803
367
6
582
834
95
904
35
466
241
951
612
686
351
181
944
2
814
475
996
551
618
716
952
328
663
928
932
190
923
973
185
170
783
709
864
65
141
802
197
289
160
696
485
595
901
638
750
601
771
918
270
515
410
408
153
777
710
691
564
871
320
760
35
199
781
755
506
554
337
635
285
262
435
900
869
385
588
942
824
752
469
588
651
976
783
95
616
426
919
422
36
148
606
894
915
990
185
906
360
206
600
231
406
172
618
605
625
533
230
973
179
414
525
258
890
454
507
319
885
588
843
910
166
391
330
724
576
320
285
966
201
269
75
509
276
280
811
141
338
706
503
98
67
280
329
569
389
423
927
358
31
877
484
322
110
478
355
843
457
888
637
994
820
579
224
556
856
184
371
117
666
799
671
274
801
373
880
526
258
853
950
669
512
396
30
808
991
925
354
858
923
831
159
397
719
23
915
372
432
49
337
326
658
343
825
754
463
884
315
849
330
121
447
2
540
756
920
70
123
374
407
42
637
734
305
567
459
580
722
738
691
951
89
556
429
206
610
601
328
945
873
75
327
344
279
753
619
94
837
538
245
646
764
358
715
639
782
165
196
334
226
722
519
387
749
826
683
929
768
839
834
153
890
522
631
587
907
85
22
867
224
20
370
24
738
54
54
847
265
814
222
562
459
703
180
439
451
83
149
726
467
302
408
904
123
908
314
896
560
651
953
470
883
229
717
235
431
828
483
321
506
324
739
679
101
156
141
896
704
2
594
673
439
778
644
534
190
711
700
913
607
266
596
283
235
427
702
52
312
28
889
624
882
822
235
264
645
729
149
678
528
319
186
435
752
555
8
665
716
834
357
421
754
158
95
884
403
665
204
42
919
701
330
580
588
400
122
382
598
859
359
692
511
376
445
154
992
389
971
79
80
73
459
45
380
638
111
869
381
25
953
187
232
467
520
282
644
56
900
689
750
528
178
421
869
131
106
108
719
791
912
153
836
248
218
909
293
283
794
987
862
763
351
18
208
336
759
404
259
296
142
228
498
257
21
325
26
836
623
855
37
696
425
137
505
108
531
376
739
614
225
82
463
412
153
450
131
724
110
812
869
289
656
479
54
825
759
541
422
662
852
551
617
447
316
596
854
269
253
267
468
937
303
699
635
418
897
561
408
108
216
856
404
988
628
256
496
498
480
158
619
486
340
59
536
743
777
852
15
554
266
909
786
422
75
392
192
668
54
944
252
390
434
621
143
980
989
366
257
949
454
477
864
200
368
396
451
446
599
172
957
0
842
104
113
870
302
359
824
7
592
85
526
987
451
296
508
680
890
517
904
772
653
699
557
582
424
889
840
351
705
256
831
335
665
823
807
491
44
914
275
91
493
539
585
322
794
222
104
302
863
240
893
522
25
981
754
61
99
763
288
230
465
594
893
12
77
769
739
661
587
80
163
75
568
578
965
611
176
519
766
436
643
739
136
817
923
134
183
665
786
232
174
536
994
386
359
112
934
258
131
112
121
342
795
83
54
521
410
828
497
234
483
226
832
674
138
654
906
157
691
104
706
255
756
919
998
637
585
647
484
769
316
304
580
170
335
323
367
674
534
283
905
281
803
203
406
777
464
292
847
73
59
944
286
731
551
898
53
620
118
193
284
611
734
152
215
20
726
749
524
890
242
369
140
72
44
805
604
414
654
815
341
395
27
711
878
298
42
624
174
727
264
737
298
544
123
723
953
808
229
982
380
416
184
110
111
661
398
715
713
70
318
33
450
618
497
620
118
255
810
163
555
218
223
58
776
199
693
124
951
931
420
123
286
119
277
39
598
437
832
616
336
834
166
746
909
820
779
709
227
593
758
162
224
816
894
650
482
677
961
787
840
449
216
612
694
33
70
488
121
447
277
192
763
152
941
191
103
596
860
591
955
816
412
746
931
915
836
402
740
799
209
665
435
565
690
241
960
972
49
21
772
30
130
114
145
246
490
436
400
516
358
252
621
595
672
619
546
422
109
147
914
38
663
623
729
270
134
117
648
429
659
385
194
677
824
905
954
847
221
791
255
638
360
257
759
893
505
255
124
919
577
591
146
680
980
958
650
150
561
768
679
17
314
35
405
393
273
855
398
438
456
181
483
396
537
236
526
959
72
217
480
928
819
785
65
61
1
322
282
737
2
638
57
101
806
141
585
699
392
832
734
568
208
162
858
741
806
448
304
538
782
920
183
389
241
618
479
452
651
882
423
925
7
451
729
345
756
860
579
740
274
342
626
505
275
421
166
376
453
694
343
225
725
396
786
459
478
160
800
138
884
218
857
823
341
447
421
76
465
433
27
151
503
745
423
300
652
475
242
82
482
328
880
385
141
276
34
323
714
152
504
795
213
516
970
812
913
286
127
410
763
624
185
802
925
977
668
952
930
867
226
224
96
654
846
666
579
592
2
491
988
78
578
765
921
26
230
975
965
154
252
778
337
364
767
29
574
61
489
559
56
983
24
794
795
474
993
899
907
589
402
692
145
163
629
245
465
688
353
247
653
486
842
166
967
192
84
862
852
900
904
53
21
200
835
458
247
267
983
342
713
184
483
746
988
346
586
4
428
217
241
321
769
304
935
742
786
793
18
833
924
692
224
407
508
753
461
212
809
215
3
432
549
651
913
576
166
403
331
642
773
588
1
812
785
767
429
352
217
663
580
406
725
735
673
746
123
91
645
827
426
506
660
167
430
656
141
973
676
410
443
780
39
210
352
61
535
159
719
422
371
826
921
18
542
844
696
585
89
747
151
726
602
86
335
187
497
748
414
694
327
523
275
721
680
884
363
978
612
2
495
44
632
380
103
504
637
166
768
809
228
389
690
290
479
489
357
102
781
922
474
721
604
986
76
632
152
496
387
310
435
777
458
47
45
277
625
368
105
291
445
851
2
658
404
9
197
900
228
970
943
523
766
157
981
615
804
116
94
517
246
981
941
821
725
457
387
118
126
89
748
175
594
745
45
963
98
103
661
826
974
139
66
170
463
468
938
175
437
433
549
652
696
501
405
475
899
797
183
860
495
477
218
527
920
816
294
814
178
633
397
942
86
580
582
911
371
973
592
650
711
847
671
727
428
45
219
907
876
548
247
941
894
681
225
390
71
43
118
559
530
893
190
463
437
677
520
334
933
580
163
632
818
850
978
82
59
231
863
343
388
40
886
376
538
552
719
487
83
760
632
955
575
256
987
585
726
842
274
110
190
908
237
296
245
830
245
170
259
831
168
365
726
367
83
477
882
792
514
553
931
9
541
928
305
693
206
460
912
865
363
508
453
135
20
631
457
715
626
660
786
776
377
32
557
834
423
414
427
274
518
232
16
342
556
753
202
742
178
143
957
444
282
953
599
931
117
78
596
481
344
153
351
153
789
233
419
303
92
745
466
878
808
458
363
664
712
990
708
610
733
984
798
551
988
663
282
358
92
190
245
102
976
58
344
493
771
860
239
438
460
33
344
596
606
710
224
967
620
224
232
349
91
79
291
960
879
646
327
152
386
839
227
781
181
929
109
258
672
652
484
444
674
43
685
915
454
838
276
894
693
324
884
59
36
722
881
492
444
611
970
825
651
724
453
118
617
809
551
571
48
436
771
757
205
787
42
271
171
802
278
900
46
563
517
156
356
201
985
449
807
480
6
601
507
930
833
811
782
969
187
998
48
761
943
384
480
487
326
387
619
163
303
867
307
169
51
501
836
974
814
671
186
271
400
511
144
368
599
570
964
195
608
451
865
44
648
964
258
148
112
902
80
38
362
917
488
83
502
605
54
589
837
160
257
409
710
869
52
96
749
547
982
264
784
408
837
541
705
515
377
55
139
455
799
249
276
449
483
737
87
551
444
589
926
1
56
899
439
445
245
420
480
129
840
267
673
812
334
919
258
728
878
68
399
798
334
929
36
233
625
650
279
528
907
550
541
905
621
847
840
890
659
446
264
730
315
991
870
61
86
447
856
489
941
992
301
921
11
16
51
38
936
786
742
515
988
106
960
34
429
308
972
892
714
582
896
363
819
224
669
458
734
504
306
338
14
501
584
436
841
355
527
111
896
202
91
565
714
624
943
971
545
370
755
865
686
142
250
99
750
714
783
431
63
258
798
894
280
56
707
849
663
472
775
518
403
834
162
619
446
103
532
346
413
120
736
132
519
836
40
730
654
831
704
985
142
798
566
882
686
742
661
721
608
338
136
758
234
873
424
182
151
108
46
320
279
39
340
492
182
621
514
339
600
100
200
513
807
179
729
533
782
450
921
593
725
666
34
76
947
147
528
226
658
217
48
539
715
915
995
758
619
719
215
182
467
106
547
667
437
242
194
924
148
498
555
422
282
276
259
932
255
94
739
285
727
818
583
947
725
681
777
637
974
22
575
122
731
733
75
315
59
547
494
74
59
889
90
357
610
746
197
890
559
560
470
605
358
707
114
382
85
685
779
443
851
630
229
169
102
819
808
486
842
300
671
435
144
94
342
395
929
771
578
339
462
384
80
945
412
575
481
820
669
509
29
554
421
484
722
533
645
63
161
61
493
702
715
183
990
760
352
272
794
315
118
656
24
667
253
861
380
840
435
121
79
248
732
111
17
241
344
144
169
308
980
848
887
96
604
23
246
652
406
743
373
715
730
834
588
21
869
609
139
400
422
670
417
299
715
931
50
445
574
870
22
984
799
277
90
688
183
72
789
650
514
841
178
246
569
730
407
134
377
447
258
493
290
822
388
496
891
327
151
627
941
321
440
822
523
690
733
834
846
529
722
700
625
552
194
352
277
291
944
93
443
105
160
789
67
31
363
887
60
415
775
195
995
12
744
595
814
360
946
573
857
363
406
857
521
262
45
193
922
934
204
410
470
191
724
521
583
176
748
123
377
423
102
902
444
343
203
436
566
398
75
892
685
539
198
619
973
663
626
319
654
302
297
425
447
142
45
442
777
540
475
772
689
307
56
874
242
829
65
783
337
677
962
173
352
890
535
477
855
39
348
523
769
438
733
809
498
932
462
447
925
866
100
545
142
136
558
776
324
558
772
862
714
32
446
133
34
275
525
913
801
940
748
907
182
621
327
246
458
210
668
489
863
277
233
280
84
741
947
793
728
366
427
626
31
211
541
689
749
243
290
922
40
11
392
115
91
827
562
311
715
269
126
56
410
92
870
459
246
367
0
333
455
773
93
515
849
480
83
213
515
46
610
431
676
356
907
268
878
520
783
674
390
42
835
31
970
568
505
227
784
996
910
295
134
533
789
743
804
375
590
985
342
157
910
55
421
768
400
651
159
277
627
637
808
821
465
826
142
319
621
319
976
671
642
325
109
121
727
932
371
739
942
468
703
963
589
63
434
654
957
950
804
175
713
373
636
33
750
754
702
569
919
119
138
330
82
795
708
177
463
522
578
391
992
916
969
474
298
819
603
466
821
213
805
750
140
527
361
172
595
681
989
578
936
116
373
59
289
108
208
110
869
566
20
907
942
677
356
853
733
773
186
354
327
787
664
565
593
345
970
543
783
770
865
870
684
230
850
528
701
609
276
618
358
749
136
853
47
999
820
835
173
534
996
297
243
962
90
993
407
457
397
25
778
958
857
682
390
430
845
481
730
873
923
851
186
637
900
905
664
451
990
652
341
819
833
242
270
467
724
751
183
467
397
385
357
750
247
510
48
700
589
479
359
698
622
571
43
587
619
908
403
948
201
503
514
306
684
177
107
202
639
247
949
105
325
816
12
877
96
953
879
251
924
269
981
106
566
19
751
545
80
224
709
287
248
76
151
154
27
327
200
47
451
454
194
642
292
303
509
63
579
244
17
966
558
723
968
908
883
442
998
330
935
467
307
212
403
396
760
835
923
87
332
846
217
911
315
90
495
950
717
515
50
161
598
544
313
866
124
163
453
398
880
445
5
716
7
752
576
656
37
349
251
951
816
846
588
713
847
920
626
643
947
772
524
138
951
611
12
549
693
765
470
597
732
37
58
700
664
71
44
312
508
628
921
604
399
159
382
11
260
601
306
453
595
229
46
538
795
666
974
451
202
259
275
281
367
684
854
952
193
181
602
250
487
149
137
136
308
732
162
2
84
680
314
862
39
8
683
729
783
386
478
113
917
289
867
329
24
609
70
821
209
359
865
871
999
954
419
213
848
316
514
617
286
758
203
641
287
797
87
256
102
243
231
209
367
597
992
81
733
199
470
311
679
587
64
877
565
596
149
742
192
229
806
112
533
314
684
575
560
795
997
714
497
932
82
451
706
211
951
879
380
756
263
248
87
338
82
255
889
215
402
438
648
504
616
849
465
794
714
813
100
404
610
20
31
642
419
849
590
130
727
923
625
978
186
280
864
837
564
598
288
987
216
355
199
899
486
454
613
522
19
556
518
155
147
477
656
99
94
682
863
306
727
167
929
132
859
969
187
814
977
583
832
798
200
378
527
238
280
883
590
858
511
788
593
249
84
647
817
171
390
489
610
67
735
137
662
941
57
168
308
316
634
965
545
257
607
145
477
687
462
934
945
669
420
931
119
59
417
48
284
561
593
557
779
813
219
170
260
648
313
868
460
528
419
312
721
852
199
793
815
885
618
15
565
475
47
447
927
610
494
361
680
70
997
997
504
885
839
814
770
860
796
5
352
176
938
46
665
313
970
930
664
733
368
903
571
352
535
24
458
464
726
912
139
988
44
589
269
71
553
140
532
125
633
254
743
432
298
22
196
666
773
449
802
488
472
889
161
742
407
756
649
552
928
994
609
848
988
532
821
980
259
127
201
844
95
690
996
740
350
909
703
659
423
560
68
801
582
262
937
564
803
302
243
632
935
83
506
903
645
42
518
709
319
915
993
579
433
446
234
554
337
519
774
314
874
14
652
290
344
663
324
656
606
51
855
15
929
724
62
774
103
875
411
752
568
42
465
821
752
548
673
837
937
859
378
394
991
414
352
279
139
865
460
284
49
274
413
309
323
507
646
739
62
413
662
511
824
624
469
465
320
203
804
266
674
985
6
82
614
469
613
121
759
517
850
19
918
179
290
593
961
217
188
812
694
105
983
823
365
751
102
495
105
881
23
640
21
52
623
713
5
325
884
672
16
470
503
125
52
950
893
347
664
138
279
747
555
242
343
743
227
640
159
81
877
400
536
267
90
152
326
160
541
499
854
2
532
271
682
67
476
30
599
467
329
975
816
508
953
307
404
253
277
645
139
6
515
62
267
90
606
91
316
943
775
872
263
425
251
404
283
363
192
999
933
529
506
283
744
284
415
760
523
276
431
57
203
761
147
346
995
354
896
161
807
455
424
318
87
338
273
915
633
793
697
218
45
294
11
658
499
13
458
246
267
204
905
474
686
512
13
450
981
111
515
444
531
982
709
216
972
101
346
949
561
537
572
847
571
313
776
765
199
543
277
396
295
252
769
160
823
732
971
370
815
319
5
155
704
841
776
472
756
134
878
149
518
63
174
989
98
514
639
253
893
641
457
74
915
40
621
154
539
446
836
801
860
20
287
296
456
591
4
762
474
604
111
933
451
258
538
559
984
639
390
307
414
454
783
203
367
319
235
464
269
655
843
141
662
918
382
347
357
995
292
39
872
252
157
978
833
345
416
907
368
826
36
689
733
198
990
444
432
218
308
225
700
993
673
612
686
268
5
681
858
520
166
395
13
695
169
561
896
569
656
535
91
527
40
949
246
647
315
365
938
155
148
150
373
576
408
778
815
901
918
65
524
505
181
750
901
421
244
322
535
653
947
805
554
443
502
216
345
267
613
236
979
352
477
88
971
670
996
268
565
278
77
929
588
336
528
690
784
811
597
729
121
192
434
675
461
271
875
430
941
731
358
127
28
764
182
516
100
735
416
606
912
999
73
329
647
5
759
834
424
429
537
149
452
983
347
85
498
18
603
695
937
234
59
38
559
186
341
361
846
420
690
303
622
964
640
553
718
815
601
235
550
718
69
650
722
418
502
771
642
504
753
421
191
620
671
222
823
290
318
787
479
421
355
265
280
519
641
331
763
358
283
148
732
581
999
302
344
590
625
514
338
26
113
405
823
482
960
250
317
527
691
361
446
187
706
49
368
200
893
468
58
59
410
172
895
325
580
47
274
235
944
355
663
548
516
872
802
964
516
631
546
204
444
62
976
312
168
277
864
535
505
427
693
611
877
17
536
732
455
411
720
446
90
200
528
53
290
48
467
351
12
419
593
533
85
806
603
465
790
743
638
151
714
389
537
339
546
758
490
825
748
785
5
344
50
175
479
576
227
488
323
743
703
305
795
641
286
462
484
952
520
561
734
831
510
79
146
660
328
455
284
121
247
993
603
494
250
214
707
657
628
395
901
864
749
579
355
412
946
834
987
747
937
370
931
801
837
850
256
999
657
112
827
927
558
972
380
775
569
816
416
608
799
368
357
330
649
434
300
574
747
419
613
880
173
516
870
9
540
79
192
832
233
447
667
384
485
155
164
311
733
372
427
178
640
463
299
768
982
25
823
737
770
146
265
868
290
245
981
133
987
348
6
68
154
917
120
1
272
629
253
613
597
676
115
313
492
500
210
619
128
714
258
8
237
393
112
957
132
18
844
63
410
973
801
871
512
678
979
224
558
730
64
681
118
274
16
655
547
446
14
168
819
310
49
682
48
894
996
373
522
740
29
609
934
229
949
332
703
973
80
538
320
750
228
551
410
886
504
580
374
202
977
913
881
794
974
597
758
937
304
227
276
140
742
878
487
910
135
406
455
799
354
162
261
395
544
635
33
791
546
19
874
783
240
42
603
417
888
894
31
25
217
733
32
237
550
361
757
362
737
520
329
562
837
484
569
506
494
790
213
335
330
506
436
514
879
495
343
479
363
391
889
368
907
265
526
140
597
705
25
131
899
521
932
597
267
464
628
208
514
79
977
104
285
409
826
764
412
355
986
331
643
469
8
893
701
606
985
187
792
611
805
407
71
777
523
455
786
578
973
206
863
74
695
593
771
173
737
773
619
749
80
17
471
965
995
97
893
975
41
699
362
689
191
266
92
228
928
830
417
643
9
941
501
55
323
991
613
904
2
334
299
490
76
256
630
66
64
331
151
22
968
332
73
682
383
933
176
755
853
586
980
575
838
214
726
18
968
354
420
245
502
504
733
931
515
150
651
881
678
52
664
25
778
644
836
258
78
824
80
844
495
424
308
756
329
680
632
960
815
842
330
946
871
733
750
396
331
432
814
121
742
88
194
757
355
630
58
502
303
391
442
500
439
418
922
666
868
917
532
138
178
116
954
582
391
837
106
361
373
951
617
65
623
991
628
411
361
522
413
64
889
527
906
827
641
322
603
963
894
203
708
809
654
711
496
878
425
662
291
870
700
674
523
286
214
150
953
566
773
300
304
288
479
798
649
423
418
391
861
77
453
234
350
864
307
480
705
8
531
866
958
267
273
518
762
469
194
601
603
658
735
76
792
760
609
108
115
257
51
562
663
466
436
727
192
816
634
998
913
416
180
577
821
583
320
314
536
98
353
545
661
557
826
641
105
763
302
598
513
328
259
624
776
530
884
793
796
607
232
20
893
180
965
621
831
312
225
770
54
471
301
521
883
357
764
983
933
288
725
717
495
819
643
481
49
714
861
738
408
271
667
167
777
403
546
409
680
52
729
625
59
962
770
544
682
399
761
38
234
659
658
365
62
978
318
415
904
738
94
246
263
30
432
100
762
723
502
885
105
764
283
103
93
808
588
149
489
31
168
167
301
863
510
476
796
238
411
323
208
240
59
859
12
222
583
244
888
46
723
328
126
851
694
838
18
396
634
795
277
542
661
53
68
361
703
379
978
363
931
780
663
574
57
106
878
395
638
984
407
619
39
160
499
941
119
892
3
141
719
395
310
961
204
56
349
629
519
68
107
558
502
528
978
885
976
902
285
437
331
954
765
736
592
794
902
141
802
43
596
853
260
369
956
992
849
863
743
268
260
658
176
762
630
370
804
962
920
821
131
737
195
611
367
298
824
486
473
890
650
345
127
938
12
5
682
73
710
77
45
591
858
271
535
660
591
567
317
259
64
838
141
5
351
696
266
521
49
709
26
165
856
344
740
299
58
139
987
66
659
22
643
557
518
971
831
158
334
706
739
115
33
303
779
993
763
252
619
81
479
772
47
956
47
78
663
503
774
871
864
102
890
602
21
403
560
946
12
716
893
59
494
914
316
924
119
560
10
177
765
499
693
142
818
404
462
699
898
212
919
115
603
727
419
40
180
749
734
587
327
490
529
588
683
545
492
965
200
481
83
769
10
284
578
264
933
943
553
426
212
148
809
664
118
579
855
597
686
390
127
890
482
616
738
174
364
91
444
444
41
750
817
45
612
350
913
470
673
840
832
840
707
654
0
845
750
232
821
662
724
783
506
137
971
861
579
152
447
156
698
786
816
766
247
372
443
160
393
180
772
708
787
462
356
260
650
151
687
869
666
728
68
126
187
50
937
883
813
851
462
822
724
155
950
415
769
369
103
691
626
246
869
528
555
148
221
242
408
138
520
528
212
555
846
466
887
237
597
197
751
950
705
378
738
336
937
417
832
679
348
799
250
975
37
624
337
89
886
472
502
619
484
760
868
657
556
587
797
716
9
498
526
507
280
773
283
642
303
873
202
509
367
180
406
663
327
940
85
771
785
100
849
762
14
863
138
146
579
155
558
50
609
727
715
430
530
648
670
36
151
472
828
76
130
885
695
370
662
162
178
584
165
888
259
268
917
353
738
999
360
258
244
14
444
528
363
847
48
63
367
92
39
437
139
460
821
256
296
28
628
971
492
206
239
144
284
738
401
75
934
156
538
979
387
789
696
514
752
787
561
604
540
583
538
361
784
306
574
37
673
34
374
361
968
435
685
522
27
570
495
676
548
302
850
335
366
701
227
239
826
675
717
520
402
576
116
554
737
140
251
350
558
205
487
213
249
70
419
690
283
571
980
970
596
648
402
646
750
737
649
318
301
984
611
940
462
316
250
850
473
49
238
38
778
773
26
456
265
802
157
331
546
489
463
759
424
176
354
296
96
475
380
612
864
195
672
272
790
661
953
276
525
897
247
222
841
591
53
991
480
821
438
770
104
919
335
555
144
265
773
373
897
139
905
428
550
61
298
173
333
828
60
284
592
993
423
762
328
413
644
412
51
765
458
138
766
612
285
552
431
48
504
27
937
741
490
979
934
600
879
606
984
448
286
958
181
596
150
168
235
678
494
873
262
643
927
365
600
658
732
634
777
752
203
191
111
585
326
943
897
308
783
973
815
716
368
494
943
382
464
472
492
240
611
499
143
850
865
880
236
99
444
949
489
848
971
584
917
880
794
793
197
610
329
253
318
774
522
886
952
320
265
314
877
910
471
612
928
750
616
949
663
172
26
58
711
259
194
170
521
79
295
975
209
508
931
233
51
542
975
704
769
396
348
432
901
377
455
35
962
177
626
693
878
525
942
844
339
843
566
52
0
413
137
114
618
921
779
259
109
643
452
574
533
731
859
153
107
552
126
184
334
762
558
482
927
887
196
727
529
587
400
639
548
128
431
818
261
779
463
374
13
155
221
584
161
470
146
567
702
223
592
97
788
692
400
707
434
352
19
557
703
893
712
901
617
368
261
474
144
793
171
376
935
847
961
220
279
861
660
207
972
459
429
252
456
889
515
832
301
376
548
965
864
940
167
698
668
961
96
124
106
376
837
745
353
366
928
891
869
5
391
222
73
516
59
165
88
238
206
301
95
668
26
571
507
920
359
44
270
463
965
61
68
322
616
312
429
380
60
354
681
582
29
96
292
65
610
959
967
845
330
583
901
375
400
465
102
479
240
856
547
965
359
924
284
408
128
607
44
972
940
928
924
998
262
580
258
561
31
782
838
786
640
998
197
639
25
751
910
421
367
834
210
262
213
728
665
541
993
77
61
225
207
488
659
457
300
59
917
316
402
180
39
452
335
955
328
487
911
952
322
533
352
51
208
599
512
892
725
93
263
127
46
219
647
759
383
255
559
177
4
896
511
34
739
469
197
204
361
831
501
946
765
172
326
912
0
204
289
507
37
462
268
465
339
957
26
784
981
309
92
130
89
243
443
184
136
693
669
958
204
304
108
591
40
227
808
449
984
580
260
300
127
466
204
983
203
588
644
203
238
280
719
990
869
315
792
563
551
7
509
917
106
374
400
937
313
511
643
474
434
781
237
942
253
252
872
956
685
924
79
579
455
456
971
393
145
351
172
235
268
979
648
582
604
776
117
455
251
300
957
670
772
794
412
268
19
917
568
417
503
559
280
739
290
160
34
130
598
743
58
93
396
176
9
481
802
387
112
691
174
486
981
813
925
627
451
775
67
100
615
638
94
105
904
92
5
298
53
609
774
288
249
837
427
863
925
116
492
72
531
178
815
13
244
531
95
19
17
578
451
381
69
709
387
932
871
561
109
765
208
210
933
532
548
772
860
358
866
574
610
59
777
473
489
413
919
446
444
261
544
389
449
239
205
538
882
226
283
102
807
659
66
349
418
716
512
894
226
261
244
71
489
596
561
18
378
828
669
777
213
235
877
142
195
320
261
5
585
986
120
332
640
757
347
272
500
107
24
391
586
692
350
944
421
973
773
341
746
922
539
200
229
647
643
388
500
833
189
733
369
330
645
286
98
74
674
887
101
695
88
654
78
968
520
396
936
744
618
319
727
739
88
127
453
658
954
86
918
730
172
613
124
765
835
215
113
610
565
765
731
531
374
456
57
492
522
209
838
146
446
788
173
805
224
284
500
348
807
150
55
199
999
200
703
265
21
536
111
581
852
932
582
236
563
911
656
8
922
852
40
933
52
443
795
152
959
999
240
152
369
407
190
670
609
460
840
553
180
166
434
250
480
723
317
241
897
534
614
38
890
821
78
638
38
701
854
849
608
413
72
986
96
191
486
493
885
686
102
471
649
112
706
864
644
670
796
763
88
683
188
811
110
190
198
842
401
665
697
269
424
752
287
563
344
769
33
654
645
487
74
832
293
226
313
16
83
652
530
172
13
444
105
839
899
194
193
478
958
566
941
515
721
808
90
698
464
959
230
172
896
986
751
690
318
25
433
328
681
386
323
727
575
346
184
160
471
889
425
683
366
916
216
383
251
963
491
854
453
956
538
83
638
20
143
596
514
632
996
811
633
327
252
774
763
678
670
605
977
965
384
140
75
180
549
830
909
619
108
973
739
454
918
807
717
537
89
742
165
971
492
820
357
185
691
760
596
957
46
46
463
266
89
94
118
788
96
174
49
370
892
844
699
965
104
16
785
200
36
588
16
139
475
962
295
973
341
639
716
740
994
363
749
408
379
755
250
949
395
503
306
526
208
775
956
115
807
404
467
992
433
548
803
469
513
832
938
281
144
762
271
961
194
713
457
581
815
935
877
505
762
71
126
187
297
732
457
510
333
888
113
143
443
727
429
83
79
70
198
573
353
249
468
316
343
980
685
437
160
372
357
596
708
415
218
992
417
704
838
91
216
207
710
126
743
991
748
392
545
940
292
852
122
322
965
57
548
285
758
41
576
709
574
955
918
971
710
200
75
546
514
537
980
28
913
90
342
824
619
735
297
601
332
921
433
469
41
642
18
355
653
58
895
827
422
404
132
110
700
895
269
315
804
533
207
994
903
440
62
206
534
382
683
796
128
192
233
505
5
818
908
191
541
928
168
455
270
545
715
113
293
990
609
812
91
687
263
130
547
687
876
944
163
135
866
898
564
139
61
329
870
376
737
100
36
464
275
875
536
578
425
27
543
203
361
618
678
774
924
101
252
582
212
46
45
142
440
735
19
506
624
420
299
168
145
378
934
843
330
314
253
769
536
888
560
774
745
646
111
995
810
0
415
959
64
364
775
612
142
116
135
294
698
628
259
67
201
594
531
668
191
875
864
217
928
399
202
972
805
648
928
390
979
972
213
186
997
712
619
653
503
582
135
929
717
740
738
518
245
285
369
846
89
605
474
715
862
405
471
653
541
411
811
442
677
788
251
901
830
164
144
918
182
750
75
712
854
263
728
253
539
733
24
218
804
464
676
960
953
919
928
547
996
357
670
486
747
633
965
835
312
535
914
542
792
801
924
446
951
677
503
310
777
934
972
246
299
938
792
707
535
137
896
460
328
931
955
960
841
996
879
320
463
911
44
412
671
745
251
463
310
954
487
558
875
651
352
9
53
355
740
570
456
429
518
923
901
311
480
590
29
617
815
636
101
44
668
696
930
280
675
749
318
456
67
845
973
231
964
768
292
124
118
595
79
158
181
846
815
427
71
903
253
286
733
294
698
614
715
104
768
893
458
965
27
195
777
555
51
340
299
266
701
946
16
79
461
938
337
530
18
619
636
526
240
916
499
125
983
764
0
701
112
141
102
951
474
608
659
354
143
168
192
943
492
864
945
253
83
886
248
459
257
854
208
955
118
349
523
233
683
168
148
1
444
423
594
927
758
424
176
332
482
561
845
124
691
76
44
399
91
766
338
536
869
884
393
153
99
239
356
764
886
276
562
50
911
183
627
775
241
499
116
821
464
341
97
81
38
867
746
671
642
980
36
96
801
359
77
278
498
839
290
956
483
495
674
454
444
565
182
296
680
354
48
351
450
252
718
857
804
569
610
523
507
8
461
691
520
452
325
310
175
398
345
642
7
208
441
70
236
186
303
868
370
27
274
463
616
607
665
934
260
629
63
378
729
203
102
712
903
107
52
540
833
266
734
977
221
960
923
987
214
396
708
101
35
358
871
232
10
135
489
56
353
347
368
774
119
630
913
453
772
21
268
433
359
343
390
165
754
347
160
532
602
188
398
168
842
101
78
490
773
611
745
544
363
522
841
679
594
632
469
859
118
346
299
241
139
64
465
907
70
812
43
647
384
296
790
31
513
244
508
170
885
523
346
965
174
781
430
554
296
100
906
507
388
779
358
255
741
398
515
296
920
648
963
964
35
213
934
68
493
717
255
654
705
82
741
715
602
224
954
82
267
141
217
296
130
963
839
743
661
634
289
706
312
630
737
437
222
438
754
433
617
515
947
227
687
338
851
246
18
423
823
482
526
878
235
114
513
484
950
84
296
721
908
391
28
755
419
958
402
776
746
449
620
324
469
39
172
640
5
60
486
214
89
125
231
868
861
341
869
468
996
460
232
79
954
959
287
195
205
855
249
394
310
607
121
682
689
153
820
618
96
538
868
86
760
961
785
240
14
933
547
958
675
897
930
937
550
973
726
740
694
503
211
804
146
392
3
850
125
830
466
272
38
831
212
249
785
684
74
907
816
636
658
130
30
864
722
989
635
534
977
37
751
340
745
194
649
186
897
216
33
481
593
934
922
680
802
923
886
897
742
774
172
51
277
741
416
937
784
806
383
665
729
261
433
212
572
339
778
347
91
935
96
341
156
665
636
638
647
925
738
473
240
345
70
99
775
290
51
591
779
194
671
67
133
426
426
822
362
528
145
233
460
292
161
282
519
280
697
4
567
406
193
449
760
953
121
205
59
680
588
677
362
400
660
889
221
920
512
101
612
904
453
580
860
205
41
201
642
148
206
334
823
738
99
293
164
88
567
165
9
575
38
993
218
52
702
493
232
631
19
541
181
872
207
674
125
70
777
598
301
710
324
59
940
27
933
894
122
748
422
41
136
899
161
695
969
636
492
271
483
387
951
142
901
642
197
615
507
48
327
626
934
300
355
652
507
751
652
54
817
426
425
70
778
312
733
63
693
718
198
427
808
3
496
449
854
235
976
90
78
760
568
74
185
92
298
471
893
638
629
475
872
994
734
262
305
97
939
945
707
526
306
880
862
437
501
54
833
359
863
330
974
237
862
881
20
649
132
680
644
649
442
901
902
841
616
691
553
776
536
158
334
279
378
674
247
209
344
240
36
276
284
420
729
664
117
169
336
626
116
465
755
861
112
511
817
781
386
275
590
359
522
570
387
169
318
503
864
401
991
766
632
389
380
87
71
579
238
766
747
598
70
854
274
412
894
889
583
685
539
50
831
337
578
8
528
303
642
523
558
738
261
570
656
329
453
84
173
191
930
408
8
830
929
568
453
853
513
825
257
128
11
889
17
860
792
985
554
803
874
174
372
376
375
827
987
930
698
266
222
646
391
656
781
427
335
39
154
210
24
179
791
498
744
412
149
369
931
197
976
709
793
826
515
504
841
88
691
953
588
158
831
330
911
885
170
502
679
715
705
183
969
123
701
474
736
250
682
882
119
68
873
933
821
971
440
897
162
373
558
590
173
904
243
75
202
541
424
86
256
559
188
263
402
783
250
140
413
854
229
332
986
756
202
667
253
848
305
62
477
228
986
965
623
346
29
793
942
585
631
343
963
113
211
706
783
150
895
198
725
968
366
359
725
483
259
15
466
843
265
772
655
574
410
215
368
64
200
595
136
966
647
44
353
234
141
432
2
835
632
264
357
968
715
43
651
601
400
89
775
967
460
453
376
377
596
776
499
825
588
272
943
25
209
444
983
150
839
24
714
403
72
673
543
787
33
222
254
452
438
50
406
152
978
252
442
236
622
346
67
448
465
764
728
923
824
826
993
923
199
248
395
461
623
74
0
431
386
940
711
380
509
468
199
922
632
540
206
151
397
852
474
67
270
445
297
136
57
323
763
162
607
502
215
130
210
714
248
787
836
889
625
764
297
820
284
52
880
613
786
686
396
705
273
378
289
624
772
716
461
765
857
200
826
598
440
960
875
604
773
347
905
504
322
672
572
327
311
841
721
919
760
955
913
772
601
342
589
178
723
561
134
847
573
970
691
699
406
173
878
30
671
588
688
106
504
499
615
382
488
497
752
980
94
470
655
720
491
878
538
187
170
231
225
815
833
386
590
556
135
367
196
952
209
141
410
207
998
477
173
935
921
69
532
937
737
669
397
137
54
290
37
875
55
881
483
168
431
52
31
942
777
84
423
441
196
278
835
995
141
276
519
666
451
743
4
128
87
692
968
574
570
584
687
897
927
782
277
218
454
625
599
469
855
241
730
118
775
785
4
87
22
919
297
415
950
692
216
562
867
949
541
964
663
87
828
490
476
775
399
139
828
766
524
257
186
253
157
821
576
752
241
915
70
297
471
567
249
214
299
110
364
893
619
507
327
96
917
944
135
505
499
625
91
933
319
11
46
410
650
675
267
548
716
373
703
611
314
238
75
182
345
56
159
748
219
670
680
749
816
155
970
584
886
615
772
217
151
75
40
279
696
974
810
586
174
545
94
343
640
70
803
228
727
740
147
716
256
462
552
251
668
453
929
408
148
317
235
545
565
360
763
687
703
727
203
29
948
266
206
802
266
59
910
252
42
743
350
559
176
119
695
74
775
550
932
736
818
626
522
887
955
345
987
463
886
595
493
231
925
211
369
805
585
480
643
590
309
30
932
399
946
517
336
438
958
815
622
632
117
951
699
672
961
130
828
938
941
235
190
657
354
309
335
594
391
348
263
330
652
86
128
313
449
387
271
389
884
578
130
423
546
584
645
362
5
385
559
413
124
70
767
100
345
525
294
366
419
930
239
669
703
68
649
869
594
12
375
217
953
913
312
8
274
702
789
566
885
734
445
543
80
895
987
489
913
718
598
693
415
540
551
527
55
650
594
169
719
397
369
767
406
768
802
727
466
151
80
414
11
804
361
766
170
34
771
682
990
433
530
81
698
560
427
53
763
312
562
602
100
808
43
993
709
229
112
0
298
659
832
123
721
250
732
387
486
456
223
709
427
661
243
888
335
410
613
531
103
653
282
16
965
781
873
540
323
653
900
219
505
812
910
842
88
705
758
711
971
513
495
702
61
879
168
289
206
429
427
978
797
771
663
60
510
879
552
725
657
537
58
294
141
395
884
584
918
717
990
461
22
657
196
24
799
990
559
214
692
290
824
994
196
747
784
431
938
786
334
867
814
391
294
702
502
165
577
333
815
371
905
262
863
743
99
783
244
724
535
631
310
898
980
801
908
58
18
559
331
916
285
772
129
131
368
611
591
318
666
680
985
48
160
299
144
457
507
168
509
942
366
109
70
489
759
658
39
905
777
518
163
346
347
717
978
44
541
204
723
375
958
796
707
498
0
880
793
929
309
834
696
849
351
20
961
917
517
713
392
729
648
939
215
520
9
913
565
675
673
906
961
884
278
839
90
725
369
78
949
409
225
796
251
415
431
708
936
52
23
881
831
409
619
330
285
995
456
655
424
531
733
85
501
28
886
728
301
833
567
154
895
195
157
768
82
615
916
145
583
501
222
475
674
133
614
880
244
88
715
488
342
360
534
768
277
740
109
822
30
731
913
631
596
171
999
341
56
995
737
429
479
804
981
252
584
409
633
638
350
176
296
616
260
868
371
514
161
796
573
839
229
316
491
127
222
234
702
740
921
910
35
417
215
520
717
157
3
598
543
311
443
855
983
301
807
308
43
76
200
257
538
428
184
925
68
212
852
551
892
73
802
395
756
668
174
635
598
474
183
648
882
278
392
962
724
78
878
628
378
284
151
955
49
645
237
109
76
656
921
658
638
500
407
516
268
244
493
839
341
77
918
586
944
1
898
378
208
438
808
629
926
46
91
233
835
882
669
918
298
552
958
25
518
721
331
849
95
825
414
449
702
666
490
164
24
721
236
602
756
725
667
126
679
871
497
773
355
768
759
104
783
654
56
964
290
999
861
282
751
341
703
80
735
428
685
873
291
711
524
638
694
882
942
445
894
323
957
907
689
62
589
814
124
483
971
322
711
665
885
599
790
75
54
550
374
582
373
365
415
245
415
343
201
139
228
692
893
138
81
886
714
28
446
236
768
493
461
555
573
590
799
217
841
447
791
11
681
338
764
12
85
226
936
389
411
589
599
691
677
733
205
735
464
494
549
64
178
112
153
979
59
340
54
587
9
709
218
382
965
9
122
633
442
658
732
955
910
963
780
473
768
711
942
29
798
217
129
491
694
931
903
141
234
471
415
700
464
993
922
213
660
708
245
257
19
75
814
506
559
317
119
428
965
586
275
640
529
460
444
296
793
384
6
87
574
968
876
162
134
514
24
328
210
891
392
650
259
119
904
163
616
937
668
689
489
843
540
355
274
976
928
897
867
328
291
485
776
253
869
601
369
457
988
461
171
883
448
683
612
226
374
723
81
345
470
192
158
306
692
905
630
319
854
475
975
374
771
679
396
658
115
120
976
839
18
788
934
550
426
379
998
672
997
640
618
786
973
316
975
426
915
565
150
960
830
539
392
60
522
727
901
527
224
336
526
666
255
363
323
273
585
363
256
270
426
95
274
594
616
172
516
771
518
321
73
331
888
443
926
654
405
924
608
616
436
200
217
453
514
689
367
84
121
833
264
113
372
367
452
241
992
817
474
874
67
121
368
911
254
225
651
8
7
340
36
793
272
750
196
577
13
445
218
878
803
863
176
686
118
564
685
92
619
293
795
208
842
991
642
487
138
331
473
301
147
505
164
805
468
107
49
62
244
896
100
190
351
188
420
580
512
934
554
797
878
127
635
590
319
820
187
741
431
509
662
137
678
581
655
684
331
949
375
511
678
424
348
134
31
776
501
962
820
564
792
867
758
746
772
209
840
320
919
676
381
476
840
688
45
72
398
357
718
152
1
992
358
128
706
14
580
776
342
810
361
508
156
594
755
346
316
28
387
775
775
76
48
175
240
890
976
11
100
486
332
349
715
48
490
380
600
468
301
524
799
751
859
244
863
865
741
966
576
37
282
553
733
605
35
410
511
460
720
129
437
476
131
266
921
240
713
167
224
278
557
220
15
536
518
841
16
137
482
71
244
371
590
499
40
80
942
286
226
698
363
288
82
292
712
633
121
942
667
900
162
346
233
474
401
25
426
977
214
28
665
613
69
802
510
180
326
680
360
123
804
817
337
140
746
82
372
574
62
89
679
326
113
697
92
793
696
932
714
546
37
222
42
925
624
489
291
165
450
767
33
411
86
541
771
802
853
366
970
517
861
735
344
462
394
884
866
468
416
417
951
785
152
175
86
491
21
486
993
346
44
646
170
772
515
805
590
826
102
390
106
450
667
340
949
638
14
104
204
336
983
474
3
704
913
940
620
935
800
254
83
885
677
286
278
630
933
429
361
775
713
370
742
657
637
617
276
87
614
808
479
137
366
998
545
35
4
145
255
863
538
715
150
872
284
468
733
461
883
766
525
763
953
453
688
136
968
807
551
198
345
34
788
300
388
467
784
918
743
762
348
408
309
804
884
58
97
823
928
278
710
470
373
147
395
254
521
227
358
152
958
607
769
341
317
869
983
604
256
417
459
979
161
409
610
679
625
688
151
533
171
167
346
448
483
145
410
921
874
287
483
904
978
27
301
932
605
166
844
219
325
636
736
307
746
350
737
335
793
804
296
728
595
434
148
314
269
188
217
96
982
975
414
908
365
586
67
272
268
594
942
952
631
78
748
29
589
936
548
845
81
717
701
217
32
479
454
354
210
426
26
55
632
210
534
602
877
306
867
556
245
327
683
860
860
140
585
623
378
587
511
987
624
61
825
414
420
475
352
259
682
147
216
438
485
556
484
657
675
832
874
481
665
980
944
741
109
775
500
911
932
868
501
473
357
335
128
261
359
24
214
615
665
79
399
93
881
888
459
360
316
726
196
196
154
289
148
102
498
935
594
199
164
851
377
407
225
124
424
613
754
913
728
697
234
10
759
190
998
867
692
939
967
3
950
995
104
467
86
651
794
774
557
669
337
632
708
728
462
16
355
339
495
801
899
688
827
841
144
196
501
722
10
853
732
94
266
139
804
332
490
807
676
837
900
57
430
669
497
86
840
707
420
598
101
730
920
764
839
402
105
970
312
145
501
373
752
615
16
308
290
994
481
372
528
14
546
454
750
772
575
295
353
805
788
382
566
569
513
620
561
217
868
816
226
712
891
337
145
755
740
734
621
736
470
258
527
967
140
358
817
364
483
791
883
86
541
153
249
853
569
675
432
58
578
691
489
843
89
12
399
411
741
285
408
827
806
986
246
950
448
727
927
12
67
631
652
227
842
995
584
624
314
529
72
634
812
899
119
297
712
750
707
31
922
786
214
793
975
258
70
722
399
747
920
798
889
472
226
452
849
446
294
180
756
334
851
905
311
506
586
44
942
377
803
891
167
386
958
349
479
208
69
167
89
653
744
210
262
34
720
655
523
109
495
931
940
337
506
908
800
365
722
627
544
897
505
840
115
917
773
693
108
8
306
87
53
508
354
198
825
414
10
345
740
117
462
244
539
445
182
682
674
914
896
292
39
546
558
332
855
373
653
997
730
930
729
129
70
182
852
686
804
110
957
751
592
287
904
423
537
730
152
454
637
998
160
438
60
602
747
595
722
239
873
805
405
508
892
605
899
580
424
784
125
208
802
329
124
447
797
600
969
360
105
375
872
873
210
257
676
948
633
260
420
544
574
805
761
594
204
540
838
574
311
286
183
715
463
957
621
188
880
894
607
416
72
278
676
627
637
357
879
830
154
284
901
868
569
441
969
793
275
974
448
746
432
441
102
163
291
413
695
295
492
193
787
974
672
754
673
564
714
329
656
579
617
373
373
579
230
834
702
527
607
583
497
730
274
193
815
914
682
192
119
164
802
904
674
994
575
229
396
700
647
592
538
958
439
413
135
346
436
163
460
557
225
310
465
353
17
779
901
450
582
26
857
596
225
429
954
56
891
364
243
238
38
914
358
464
539
363
457
21
756
641
778
586
269
140
44
604
491
498
57
138
971
842
73
46
4
994
129
736
723
131
721
280
227
57
997
845
781
790
344
36
870
746
488
709
377
515
366
699
31
737
82
528
782
410
950
521
524
178
646
83
522
552
612
619
999
598
922
548
471
387
556
31
962
891
64
813
909
146
313
572
332
455
844
320
759
687
428
138
132
313
5
948
926
139
235
839
350
830
322
171
149
762
22
616
172
200
665
48
851
816
99
863
570
251
368
139
284
32
667
610
656
629
723
546
102
239
403
365
876
173
130
997
658
169
427
217
269
745
214
984
949
478
839
143
515
187
485
720
234
727
690
175
967
117
641
214
212
541
299
797
706
425
452
299
309
765
569
942
111
484
880
771
740
172
342
506
751
319
310
642
417
60
342
189
194
946
866
254
697
676
493
354
901
757
501
869
69
383
836
826
577
71
877
885
557
246
574
627
314
38
616
257
208
0
634
191
918
640
346
562
499
946
223
119
850
948
204
879
202
569
362
911
839
337
423
207
165
424
463
521
230
408
31
372
935
487
78
111
422
810
823
500
624
930
77
961
239
549
532
377
426
923
550
386
556
11
735
690
307
581
921
80
861
738
181
215
808
603
804
870
616
955
775
736
211
677
752
32
209
467
840
338
653
770
501
615
420
39
765
978
9
592
771
654
183
0
670
4
341
901
47
233
10
951
166
913
578
757
632
884
805
751
453
129
660
95
984
453
382
153
558
897
303
801
315
443
783
834
118
101
219
222
831
212
855
404
737
995
110
875
201
821
295
914
973
718
251
344
438
312
594
119
154
127
821
147
149
552
880
672
468
949
711
35
619
541
287
731
767
773
428
328
362
101
711
201
381
306
833
812
577
626
664
623
101
694
402
148
747
526
36
476
138
393
734
260
225
11
650
460
786
691
114
424
56
812
923
590
372
404
830
534
191
343
233
624
781
643
561
17
753
367
624
73
856
511
713
857
990
586
479
587
635
759
170
254
782
908
722
576
68
466
694
237
943
610
604
22
714
105
355
995
183
692
537
64
220
993
362
274
851
914
290
972
921
214
261
478
332
172
946
684
204
185
665
181
886
213
35
55
935
577
643
91
389
965
919
408
823
519
396
844
840
88
245
817
837
453
701
879
183
715
412
834
777
417
398
861
229
873
633
305
719
555
996
541
441
5
185
389
653
969
320
932
990
427
153
370
298
721
13
462
45
850
429
49
127
110
217
271
801
515
856
995
134
479
816
196
957
302
664
807
706
802
170
936
44
407
491
951
44
213
681
56
648
619
415
8
7
95
290
631
19
765
136
772
224
700
409
342
46
794
268
31
548
959
343
691
942
322
123
677
340
110
500
181
713
606
573
766
683
222
742
359
425
178
950
285
755
902
749
410
850
445
173
379
841
527
145
991
468
473
67
226
521
911
676
238
268
403
794
120
513
278
417
748
593
861
649
300
432
224
798
467
243
973
496
208
491
885
72
675
432
692
62
240
472
935
195
693
413
956
667
502
395
672
433
256
877
20
746
395
48
704
463
851
265
981
994
460
805
902
439
129
282
713
149
391
736
849
757
229
50
192
556
110
866
758
159
905
19
188
200
183
986
109
101
399
482
756
295
907
384
632
581
887
711
982
968
29
422
667
918
275
457
122
106
107
824
151
252
520
603
547
586
289
793
862
908
242
151
782
685
210
850
463
941
195
954
971
929
698
897
548
338
444
299
882
719
646
915
124
35
613
643
796
132
592
1
920
847
613
473
934
732
786
361
375
891
413
814
656
262
969
47
630
349
689
567
598
862
6
406
819
744
246
697
594
438
698
825
541
613
602
457
507
298
321
543
361
690
696
566
485
966
437
199
353
762
285
140
988
203
7
223
362
637
720
95
138
167
732
895
961
904
776
367
844
291
302
527
258
104
170
103
533
323
370
321
617
108
209
962
369
837
860
433
41
547
68
890
847
719
735
369
497
802
329
330
269
168
866
855
192
44
164
117
921
759
567
911
876
819
433
762
575
569
51
540
465
70
722
250
628
829
600
962
774
270
82
211
959
837
557
650
510
245
740
219
443
895
965
324
80
125
417
332
707
353
409
858
940
669
481
84
318
280
830
294
428
21
482
651
247
476
754
759
202
996
862
699
328
219
30
244
759
327
363
577
621
732
644
566
682
520
257
850
830
495
844
599
108
904
748
94
660
986
238
69
333
753
19
862
715
874
872
564
78
527
212
785
899
554
924
563
105
286
18
91
419
176
349
362
163
97
320
384
418
566
99
814
59
23
731
332
754
153
459
917
129
412
112
808
106
634
184
200
236
661
952
516
351
426
514
514
283
433
843
62
268
772
337
645
982
604
155
478
855
831
56
453
192
641
554
469
491
298
778
995
385
231
62
426
365
445
627
705
994
640
677
982
895
299
511
173
585
384
844
944
780
2
128
991
203
85
970
501
980
441
554
149
321
675
144
989
419
74
735
248
529
141
167
781
589
262
421
710
690
395
79
644
794
20
741
102
327
95
985
526
451
528
47
928
503
376
780
735
655
308
571
487
605
509
795
874
156
25
542
199
882
604
435
997
924
372
879
795
143
633
3
847
598
111
654
455
635
357
865
580
767
24
659
969
124
11
408
623
168
678
892
552
127
55
425
329
445
440
938
444
783
774
737
384
581
63
441
759
315
388
250
589
22
500
12
571
93
973
827
951
461
803
952
876
76
206
912
993
153
38
248
835
135
924
350
813
65
758
140
365
87
45
108
914
225
625
839
961
725
978
302
379
319
510
668
891
167
823
644
724
117
407
801
631
925
436
138
345
407
502
265
39
874
300
150
304
556
9
430
85
311
679
122
667
553
60
63
383
654
827
386
211
492
3
115
135
209
767
83
795
948
615
337
48
451
138
414
488
854
463
134
871
266
973
60
172
697
578
124
312
289
86
780
204
843
73
987
213
190
410
112
247
636
407
919
66
198
613
424
750
138
893
602
20
339
841
669
56
158
521
311
845
78
75
425
372
585
636
868
207
704
63
689
313
417
353
332
360
832
255
273
310
153
835
379
590
536
450
498
118
759
757
343
988
465
246
649
927
24
301
751
436
533
348
457
756
547
436
798
791
229
814
351
510
713
650
272
491
665
505
673
744
31
688
140
927
167
646
376
295
942
798
736
631
739
317
845
279
692
985
931
902
222
528
532
264
984
536
752
200
69
730
62
888
919
401
332
350
500
278
46
508
816
754
665
731
387
943
507
104
803
867
842
24
229
490
144
825
828
922
653
305
88
813
61
54
706
550
136
859
800
528
797
561
889
920
985
817
114
688
634
50
687
123
492
328
320
888
527
575
169
113
103
271
837
961
344
21
210
712
971
497
491
8
502
436
294
358
284
714
560
779
28
691
974
289
714
561
913
954
788
765
565
140
27
564
917
488
968
576
954
288
475
682
523
860
550
534
472
639
314
364
938
806
241
878
310
180
52
817
576
622
804
855
963
297
739
499
951
411
881
451
697
690
410
84
97
4
860
162
858
110
131
142
253
938
642
911
739
610
147
882
46
647
368
66
521
133
572
945
74
890
653
431
783
723
585
8
503
403
421
836
416
873
670
332
682
659
264
812
449
767
216
373
105
46
648
535
104
243
825
966
363
584
884
250
32
515
506
450
713
766
759
553
400
105
534
513
337
773
279
454
148
972
441
881
356
160
350
600
14
290
22
256
222
662
230
693
830
929
644
188
268
798
197
910
894
990
921
769
228
371
628
17
571
699
833
258
858
153
429
652
154
270
274
440
448
545
85
936
722
270
667
66
136
446
467
192
343
927
901
332
365
229
458
603
365
180
225
620
359
411
820
142
588
530
645
670
659
825
665
475
350
562
194
732
814
846
698
529
466
114
644
884
14
533
240
147
360
635
949
174
493
444
262
803
126
325
941
453
551
512
680
250
116
756
57
817
136
629
733
812
561
311
897
572
232
572
493
35
742
686
387
874
65
235
765
918
366
96
145
840
209
65
832
342
76
642
438
838
66
303
849
95
569
363
363
912
676
294
888
931
740
991
786
126
579
416
267
992
865
807
253
786
791
512
666
185
476
62
235
836
297
573
856
544
323
205
727
954
78
866
448
649
158
51
973
950
703
769
619
733
142
34
961
207
258
285
689
790
567
886
953
410
223
296
242
406
942
809
338
454
484
641
432
915
80
236
792
292
888
291
57
592
698
137
780
627
619
718
466
255
38
809
457
755
287
652
830
795
270
927
744
258
575
65
491
669
236
235
71
973
723
321
46
730
445
739
577
232
909
925
48
244
995
478
867
876
134
534
693
731
174
75
629
236
991
906
199
561
220
651
751
885
394
689
835
53
239
373
735
913
690
945
921
154
196
443
99
131
510
570
79
95
361
455
635
65
465
759
159
668
11
86
801
355
339
576
228
78
350
323
538
538
112
694
449
898
505
317
687
101
965
139
964
415
434
359
402
441
275
368
914
542
982
835
101
69
106
428
535
976
754
406
929
221
565
525
956
541
85
208
923
867
407
867
581
915
496
14
753
659
687
970
446
70
235
369
591
104
483
572
676
434
977
664
284
924
760
712
555
273
855
986
763
7
462
811
741
62
555
987
240
515
543
516
121
862
807
301
586
180
329
827
541
983
474
587
778
865
476
714
234
692
843
666
760
802
586
728
921
9
743
602
645
552
911
704
780
886
407
29
83
319
668
203
748
730
626
407
290
618
323
243
802
118
763
230
107
77
321
327
373
491
469
64
117
902
786
835
304
391
119
498
274
173
525
473
631
597
626
124
753
125
97
489
806
926
953
916
148
766
743
496
768
178
22
198
308
63
994
234
385
