2
818
9
36
903
262
816
674
382
711
902
836
595
868
626
118
521
496
137
505
102
589
330
153
526
122
615
449
300
1
435
952
746
72
819
118
651
32
229
757
462
566
412
636
403
81
620
67
334
3
386
545
51
211
567
659
951
132
202
955
996
56
22
898
662
487
442
301
795
607
106
153
528
499
227
356
694
993
109
740
122
145
971
871
869
979
850
395
608
560
536
510
189
184
825
561
796
300
98
841
893
52
643
12
628
87
425
201
874
932
304
90
439
165
463
252
746
592
101
700
803
178
665
244
880
499
140
849
176
658
448
603
19
15
795
247
956
176
209
675
267
739
68
330
852
790
140
776
215
508
118
144
494
186
271
944
451
419
185
547
45
727
609
143
30
866
890
289
71
89
146
958
92
919
468
222
872
134
388
491
859
389
899
4
66
103
574
241
554
511
940
306
4
270
600
819
82
244
777
32
178
489
45
763
865
19
63
200
913
191
224
118
870
917
73
271
707
97
26
895
21
429
438
986
744
989
734
767
809
928
217
976
992
54
896
4
879
231
89
25
620
329
763
498
815
218
954
36
231
324
74
686
295
860
759
779
852
160
602
51
673
342
25
64
13
639
19
956
103
403
559
356
43
859
155
425
553
217
188
751
99
10
34
834
990
394
1
423
844
265
483
973
32
465
329
312
710
578
159
22
184
454
432
825
783
63
202
971
229
517
810
63
690
331
993
199
664
200
982
568
47
495
950
549
233
179
711
89
17
407
109
835
30
35
5
663
109
746
142
105
761
132
665
348
734
257
596
284
171
782
251
505
921
402
582
684
116
288
481
741
123
551
503
486
826
851
226
127
508
390
404
317
976
738
82
204
140
8
904
491
235
737
547
624
578
143
297
284
705
699
835
857
860
699
404
656
504
206
947
433
243
211
134
129
76
144
507
64
580
491
141
653
608
35
188
644
216
771
770
185
318
69
771
555
306
210
772
108
881
220
149
749
532
100
787
401
493
695
984
584
740
595
878
596
415
713
418
76
353
375
672
313
606
394
921
503
822
288
734
208
14
984
146
257
680
138
242
989
31
707
200
327
631
499
973
20
370
527
17
774
136
71
225
742
554
460
3
736
715
584
875
651
25
14
649
288
60
423
29
989
375
3
114
743
243
276
16
357
58
760
309
900
279
6
541
683
803
504
374
282
45
130
319
830
888
0
138
190
0
616
908
335
473
624
601
772
865
250
331
784
581
927
559
557
190
520
186
597
698
982
940
952
404
3
817
249
353
258
351
768
294
395
753
317
447
373
826
607
167
335
657
440
866
659
343
38
639
251
388
215
815
571
653
217
721
247
879
981
955
636
142
553
159
744
117
84
704
31
531
535
989
51
11
67
969
223
440
432
875
1
42
114
209
643
528
36
821
378
15
353
52
16
101
307
14
303
61
448
558
20
680
11
583
124
762
814
700
245
301
661
116
974
426
843
303
743
29
826
796
248
868
112
740
680
384
732
231
478
301
299
773
199
516
298
681
493
463
795
807
847
972
118
43
4
481
812
150
127
528
432
188
79
737
951
5
377
835
601
934
995
550
255
936
369
513
508
897
492
190
117
586
432
93
635
197
330
60
729
275
653
469
749
647
946
813
175
304
34
426
14
452
651
997
576
565
975
142
35
543
917
437
835
335
15
180
508
724
2
202
700
471
693
911
875
29
147
727
9
367
547
510
891
103
162
918
520
699
319
845
257
0
561
970
584
202
332
175
835
454
524
241
200
452
978
966
197
458
971
115
271
556
13
9
407
86
2
924
65
182
211
987
659
781
399
284
115
289
57
509
121
203
422
505
74
380
360
126
677
4
15
743
367
357
209
840
581
263
962
711
619
200
294
869
773
649
749
497
429
715
315
926
180
948
141
576
503
165
570
406
682
716
512
110
884
920
4
944
350
428
587
78
434
421
149
828
234
981
722
862
737
135
121
240
707
15
985
431
466
455
580
182
902
141
123
378
166
485
374
704
805
390
136
771
450
94
615
821
26
90
985
655
135
147
32
786
832
73
306
734
172
254
65
768
736
161
602
410
891
448
101
653
720
714
19
210
701
745
324
456
94
253
82
636
223
710
919
125
165
269
630
657
135
845
887
10
785
218
940
242
625
372
16
213
22
36
362
186
64
486
774
470
300
787
580
103
273
723
144
8
59
149
229
866
528
629
70
779
698
781
879
769
335
273
393
791
676
741
20
74
953
653
224
166
516
765
495
480
433
22
239
52
27
459
804
319
868
909
277
610
130
483
358
250
151
987
359
418
50
16
459
641
185
756
327
186
674
1
639
285
337
156
265
793
241
71
335
672
236
338
538
226
112
157
55
732
204
457
22
992
172
339
102
263
743
391
226
585
189
114
928
168
25
0
301
91
165
641
87
53
725
39
462
947
758
335
433
393
822
270
344
370
229
90
565
545
813
120
256
506
36
630
598
474
193
989
5
929
976
273
989
184
448
737
362
64
196
310
456
61
838
798
996
455
139
347
705
774
632
865
471
29
365
61
379
954
842
976
102
383
148
651
539
19
410
573
426
268
736
109
757
933
142
794
827
69
2
38
130
797
336
586
567
5
86
797
22
449
139
662
231
517
513
11
71
588
567
878
0
665
971
519
771
926
611
268
104
4
281
343
502
248
52
952
15
413
669
189
97
960
345
228
562
46
103
188
347
202
417
99
791
16
203
753
411
15
3
840
397
788
293
629
614
930
484
493
808
32
448
149
672
367
78
307
98
709
296
998
0
46
244
768
320
562
129
88
665
531
301
51
367
691
423
398
667
656
297
783
74
257
434
830
558
317
318
492
625
126
626
186
650
138
40
684
661
359
327
203
191
482
180
547
317
299
746
970
50
470
934
302
225
742
912
747
682
607
858
156
57
930
328
599
772
168
907
778
291
628
107
350
91
35
707
208
518
99
639
722
821
863
743
102
212
456
659
799
803
373
790
920
321
263
672
234
578
117
138
924
575
516
473
941
496
187
729
89
51
568
170
575
917
644
585
15
104
453
481
260
589
166
267
593
311
280
899
241
344
596
829
32
906
190
637
449
739
996
589
464
198
76
420
464
808
141
641
96
87
313
354
314
551
617
156
618
415
452
845
784
231
75
837
732
461
960
77
417
78
724
647
975
741
972
33
829
473
690
823
741
292
313
865
904
145
315
594
188
996
130
625
972
197
738
607
338
4
728
47
960
354
1
145
806
908
240
47
797
148
630
51
431
141
43
117
166
720
673
172
735
763
434
814
300
798
237
486
98
403
573
86
842
93
162
646
416
847
18
828
376
165
887
824
618
755
248
335
516
869
970
371
173
837
370
4
105
404
864
15
388
123
566
41
21
931
667
980
614
425
47
855
256
153
955
110
626
603
299
180
593
239
751
378
335
440
588
974
25
64
525
630
324
365
392
287
986
672
641
98
181
723
605
221
843
970
222
267
831
722
902
237
38
365
878
850
113
72
818
367
735
45
879
935
608
377
398
876
151
490
619
643
690
641
434
821
547
419
99
49
792
837
544
291
430
160
176
851
21
944
520
411
449
497
742
8
450
814
842
983
713
525
395
328
15
192
410
736
663
67
534
63
282
189
336
512
486
250
3
466
756
492
628
370
487
195
256
299
423
127
501
822
790
891
84
81
56
610
874
352
955
22
120
666
453
982
840
77
302
630
637
500
855
527
804
322
617
796
403
541
294
30
256
7
750
792
795
640
372
57
874
245
19
38
720
838
384
894
333
65
298
691
785
204
313
469
642
376
0
166
771
505
82
984
509
119
701
569
660
106
331
730
82
599
732
200
11
643
516
763
654
416
34
456
857
684
542
886
541
748
122
48
306
487
753
515
2
404
21
625
872
731
617
565
860
839
285
251
367
251
211
63
321
163
303
11
110
883
759
911
415
102
960
119
353
814
968
222
528
207
413
664
695
779
27
577
18
358
344
792
526
375
502
386
399
131
289
78
69
241
157
740
129
745
753
703
947
647
205
646
12
897
702
737
940
56
666
823
259
886
232
122
627
708
526
226
621
709
560
568
175
563
369
320
756
757
516
348
348
303
342
405
538
20
140
634
480
771
14
256
982
493
579
801
615
300
380
730
231
118
906
162
751
941
824
78
882
647
167
520
239
480
14
67
200
153
173
759
330
889
355
274
588
608
114
495
294
720
274
212
396
106
122
990
576
579
325
663
250
659
997
265
927
276
70
660
226
510
880
488
20
387
850
901
238
393
363
747
336
825
800
457
733
86
181
544
466
449
748
489
533
688
970
592
594
293
460
130
102
544
304
622
706
97
438
38
722
512
787
969
1
20
91
468
226
397
799
407
805
919
929
364
174
583
690
409
633
328
188
91
676
32
331
935
15
413
356
571
826
296
18
806
67
267
989
626
824
713
41
296
880
0
253
77
494
295
24
693
318
541
465
195
697
328
684
818
226
822
230
940
965
38
617
944
573
351
617
951
3
870
435
29
366
388
426
904
255
2
518
652
368
807
612
141
260
417
410
543
403
673
298
549
551
259
871
136
166
957
800
141
474
448
240
225
348
810
362
81
678
702
790
467
93
366
851
693
710
289
419
223
175
327
78
813
555
598
166
724
50
154
149
925
45
649
813
86
260
24
343
780
661
12
833
759
934
329
411
809
568
219
68
661
106
384
783
430
838
145
51
74
254
685
815
405
163
923
800
761
720
773
883
33
839
979
879
482
35
971
244
648
371
715
657
922
223
428
9
392
345
550
975
855
442
14
26
668
850
471
685
166
914
493
321
319
486
721
16
648
226
601
484
357
780
381
130
491
291
992
669
89
10
526
61
121
29
984
175
867
109
101
504
350
638
350
494
557
634
4
946
747
674
477
986
71
662
73
159
744
935
897
364
93
504
562
632
958
650
19
754
420
268
836
35
445
721
515
414
361
59
995
598
150
919
958
269
788
510
752
240
702
196
419
4
189
602
514
30
621
869
359
702
253
20
168
538
20
909
66
523
924
150
285
413
1
3
922
15
111
14
154
33
15
643
356
332
826
283
897
264
24
445
785
142
5
67
496
789
25
816
74
856
555
907
730
987
704
879
189
856
643
817
344
315
432
793
255
152
19
864
138
11
649
910
217
717
43
188
106
814
816
973
766
598
968
499
26
66
935
90
284
995
382
952
261
666
429
704
597
794
222
616
3
50
915
947
186
528
579
214
472
678
634
499
761
58
374
955
341
479
742
734
907
896
521
909
986
624
796
165
252
113
900
421
998
388
199
734
85
149
793
272
964
651
527
793
762
105
44
442
297
72
771
583
669
757
3
873
47
4
11
579
666
664
880
707
260
624
751
770
978
886
999
628
476
578
938
20
329
537
491
0
734
520
305
984
860
156
45
398
529
108
492
896
852
551
129
633
63
635
251
764
409
277
851
349
220
550
923
194
22
932
857
340
556
319
673
275
23
579
578
22
577
92
351
763
791
100
865
403
625
926
629
14
541
386
467
647
769
782
810
972
533
492
327
335
656
305
476
510
938
268
686
783
972
669
835
787
331
818
384
236
445
547
309
128
337
249
527
421
336
2
284
858
831
504
776
994
646
171
534
243
5
636
414
0
451
311
252
643
527
602
379
826
80
209
797
943
50
725
515
374
759
522
124
462
69
250
122
568
625
165
791
627
625
408
665
881
708
103
114
403
5
26
26
31
473
758
158
238
750
636
665
861
193
484
715
69
743
971
426
148
253
342
514
233
651
126
552
368
76
194
204
496
229
138
219
225
769
667
33
793
983
161
844
117
460
490
720
630
577
219
365
900
404
541
436
21
620
310
360
37
413
193
771
947
922
653
387
491
299
987
795
571
831
226
82
745
717
362
224
222
369
270
698
126
264
841
637
251
253
568
25
548
976
796
333
698
79
545
280
384
244
772
125
518
133
518
211
847
946
806
229
6
439
178
120
490
3
214
415
86
803
185
340
889
84
968
455
880
873
227
509
199
752
730
378
4
1
446
776
807
562
364
978
834
737
58
290
613
63
103
131
825
207
548
477
68
935
156
374
402
136
950
904
45
431
19
377
30
60
41
576
922
844
0
359
329
803
94
178
544
9
517
145
853
572
487
774
256
340
577
567
677
848
524
115
891
39
198
561
312
25
539
830
46
727
230
27
92
857
370
862
972
284
370
291
417
169
91
140
621
965
276
45
613
244
746
812
450
370
919
364
947
24
46
738
407
333
199
885
284
692
379
102
651
138
531
330
300
973
72
104
855
472
65
471
970
721
530
950
156
812
916
595
679
227
501
307
197
211
90
749
337
335
11
177
533
586
976
400
21
884
874
493
380
103
139
681
8
41
27
71
254
393
854
371
53
463
603
248
788
476
270
97
228
246
58
328
61
104
162
791
495
59
756
26
560
416
861
648
377
271
178
282
382
707
210
387
771
776
776
508
955
323
866
37
857
442
443
764
752
288
676
379
364
930
865
946
766
318
762
296
717
900
519
529
468
252
57
27
112
8
670
38
304
723
691
348
856
804
117
921
964
84
66
3
187
127
880
410
475
166
219
580
713
993
861
205
340
722
322
571
600
312
760
339
288
528
664
376
720
823
210
950
48
440
344
195
383
180
894
846
217
595
165
783
202
4
708
501
61
692
4
491
632
735
961
13
583
254
21
767
910
116
59
689
451
871
640
961
547
821
261
439
650
249
675
375
605
492
810
242
794
50
13
143
630
620
394
161
500
339
622
636
973
517
684
178
455
919
216
95
496
251
459
423
729
30
415
2
780
426
532
109
330
987
993
574
483
275
659
555
845
943
490
658
676
326
337
480
104
468
548
18
4
14
777
993
213
0
653
491
267
495
537
507
436
222
498
759
385
99
473
800
234
808
672
591
975
503
381
714
656
610
182
424
891
576
12
344
861
640
893
534
349
421
4
15
104
24
917
219
305
461
319
266
618
141
393
515
83
74
590
759
101
314
77
102
578
135
682
192
634
492
995
985
115
90
548
802
355
463
405
61
975
300
894
88
995
447
245
484
113
842
906
856
487
539
557
974
145
380
1
431
634
403
793
320
511
166
611
178
181
65
919
755
495
185
143
412
159
352
949
595
344
436
622
289
208
21
783
977
236
808
164
129
632
138
563
593
300
358
409
220
673
596
724
499
828
157
991
304
228
838
502
552
235
441
740
318
862
557
962
294
585
679
535
601
379
194
94
991
746
741
197
840
289
572
256
73
411
329
133
726
66
541
711
603
7
974
660
371
25
364
875
492
516
746
472
485
676
850
520
388
676
5
69
358
897
784
281
759
33
886
5
381
535
878
407
474
980
468
867
992
701
417
270
177
45
791
818
167
943
96
260
461
855
97
874
261
162
33
329
657
342
243
823
253
965
960
276
782
21
86
213
122
240
284
50
789
821
648
793
67
497
83
328
873
141
265
55
192
78
137
151
159
506
128
956
171
4
964
282
860
700
668
792
614
311
372
952
33
602
103
472
765
539
222
766
181
577
699
959
257
310
906
870
35
4
439
408
88
965
724
444
198
158
106
70
271
806
400
203
818
993
136
80
992
631
916
231
381
166
291
547
204
308
402
976
258
852
960
588
794
379
95
120
517
952
63
481
478
958
945
293
620
297
68
961
941
40
621
434
923
218
22
928
997
173
161
513
407
209
202
132
87
693
721
4
200
270
403
754
439
699
161
403
395
76
483
139
289
541
49
922
420
834
544
164
0
313
62
356
364
554
369
823
734
75
680
277
569
301
875
215
832
124
429
656
118
338
924
24
197
875
774
128
271
790
807
954
201
800
216
464
747
667
414
51
203
245
917
572
133
76
102
747
331
969
732
529
689
604
32
734
762
596
684
141
190
393
375
153
96
713
505
323
66
9
394
193
238
539
246
525
586
125
193
166
45
112
3
1
831
3
535
453
14
728
741
193
752
183
621
16
245
751
828
585
508
752
720
582
314
65
14
694
543
95
19
819
983
571
491
974
308
681
917
108
35
376
395
566
211
916
612
324
311
745
823
912
541
234
1
406
101
847
864
840
85
308
605
786
211
21
652
315
386
580
509
629
707
1
832
330
110
39
20
723
701
945
787
462
639
420
957
243
543
182
629
314
427
38
272
157
106
66
369
796
967
413
649
777
601
1
806
41
585
915
32
709
340
498
554
478
973
185
600
786
248
84
798
477
5
312
343
537
22
594
786
42
390
491
665
57
45
325
913
366
9
492
276
793
751
336
609
853
392
186
429
100
365
562
894
279
315
597
33
567
413
378
220
966
531
99
64
397
18
542
524
831
260
980
200
404
971
520
844
56
522
550
649
977
909
665
494
97
772
491
410
51
484
96
937
940
0
118
600
285
867
589
295
338
63
385
507
33
477
862
166
661
562
843
244
409
716
502
560
689
16
958
391
386
811
393
53
575
100
192
170
244
952
470
855
211
431
781
500
339
692
382
726
682
421
262
126
83
630
84
32
990
245
718
409
645
705
448
415
517
827
102
876
380
132
525
180
116
940
305
636
272
252
108
787
488
980
298
879
388
582
855
530
673
565
190
286
423
434
576
346
462
14
510
167
467
401
210
67
548
613
10
721
85
664
520
285
432
376
411
760
316
454
847
233
744
391
41
169
954
110
786
450
3
899
622
801
549
7
114
732
951
88
621
899
305
221
296
378
417
675
869
319
622
290
724
10
696
199
943
708
340
137
595
4
998
645
933
756
942
523
12
786
401
871
204
606
228
458
986
744
278
864
315
73
886
195
980
478
778
143
421
92
576
173
311
446
62
92
111
704
180
837
996
440
462
872
833
211
195
883
989
195
96
336
457
104
666
87
131
929
943
381
376
337
126
43
270
350
109
673
677
671
702
727
318
74
172
795
191
945
62
832
697
4
427
400
467
878
135
431
796
718
63
711
218
209
406
282
426
396
556
575
614
572
190
835
780
657
132
453
491
402
268
108
710
992
846
961
625
557
12
806
34
753
16
57
611
777
3
268
225
0
643
20
455
15
164
535
931
863
787
864
63
10
163
371
186
724
130
625
373
654
601
476
582
39
650
358
365
3
509
457
665
685
795
61
415
955
7
606
615
66
663
407
271
298
248
748
834
169
952
82
772
392
182
387
456
44
951
918
344
807
33
874
304
994
353
83
806
741
967
992
515
662
68
766
13
106
32
62
462
655
705
835
462
979
780
509
200
448
887
586
903
551
357
1
662
346
713
56
745
954
936
991
342
861
719
147
46
661
230
82
281
830
707
140
306
854
678
752
15
721
126
60
561
335
592
280
161
298
619
97
123
478
151
875
856
188
120
126
155
669
4
177
511
912
712
93
750
16
580
135
299
765
0
254
952
549
881
80
688
312
445
442
652
219
323
5
263
491
383
620
255
948
477
584
920
656
20
748
775
404
274
243
641
214
0
101
59
52
487
696
800
0
249
485
149
432
146
708
183
252
209
528
372
467
197
429
225
744
121
596
4
21
404
765
851
517
311
120
393
211
622
305
612
15
508
910
628
499
221
462
11
236
418
487
621
903
495
652
391
471
348
312
993
837
262
428
241
302
283
111
64
849
585
134
2
53
218
452
475
27
961
423
683
46
878
929
107
130
180
684
458
292
554
877
305
44
304
957
225
122
0
904
350
356
231
82
361
960
541
65
687
935
506
152
247
47
658
821
146
321
129
683
126
420
77
64
487
876
157
722
578
150
191
707
418
819
363
875
20
371
564
180
746
173
421
586
274
808
936
308
186
467
979
896
314
745
41
412
56
824
330
570
282
380
298
730
70
282
158
607
33
306
124
778
916
259
814
852
766
893
951
388
232
31
668
69
82
199
34
897
286
179
181
882
75
57
630
563
980
151
801
19
631
124
798
963
532
71
654
348
524
615
270
32
553
893
248
807
26
858
195
563
579
670
219
680
21
675
664
876
890
295
64
961
574
996
931
646
984
911
442
660
177
287
880
339
22
956
779
186
770
183
11
386
771
16
561
204
908
461
676
297
552
822
538
799
826
321
557
189
404
883
513
32
190
723
904
261
717
66
861
864
100
359
44
687
714
225
264
150
13
576
346
445
946
362
888
463
517
439
48
692
428
565
20
595
149
766
474
581
585
672
951
113
714
129
337
447
4
272
525
528
137
681
556
869
800
45
314
325
398
488
212
923
566
509
476
204
676
282
98
946
419
300
270
538
51
643
855
652
15
659
612
136
740
938
14
240
4
225
810
309
461
519
404
587
258
303
817
314
227
8
879
941
614
246
231
324
3
308
662
894
746
505
768
676
198
529
166
26
332
402
29
653
417
247
993
191
18
199
763
617
149
44
436
570
780
969
695
201
659
464
0
551
63
135
979
589
452
144
17
498
101
981
100
77
342
848
971
605
379
280
565
150
385
816
186
561
570
354
338
286
655
837
630
970
685
511
206
928
24
673
214
660
534
954
774
518
510
590
59
838
338
714
881
442
532
97
583
611
774
971
61
395
206
561
295
850
417
441
300
469
68
374
509
297
137
659
486
117
40
551
203
227
152
83
42
219
465
890
356
96
585
958
970
81
937
540
378
752
772
802
170
653
118
719
260
996
773
888
293
316
947
469
768
960
961
505
716
80
245
121
140
646
165
198
446
1
460
5
553
646
326
747
65
1
176
278
658
879
881
326
759
424
956
101
797
552
36
774
650
880
541
653
667
862
535
310
332
96
657
545
190
16
810
847
531
492
541
251
190
366
700
750
2
879
361
536
4
121
73
621
277
331
211
580
430
711
425
890
585
897
389
960
786
511
472
474
519
7
211
758
208
363
42
337
683
543
47
196
941
551
852
3
317
26
885
658
597
51
587
117
415
0
870
12
408
22
241
180
588
848
304
748
586
441
791
297
385
553
439
147
78
686
808
386
298
80
320
383
933
410
333
656
21
623
979
294
479
201
506
184
44
784
708
885
921
780
4
251
32
784
179
246
951
476
680
680
170
398
772
767
897
702
335
265
659
351
565
450
204
140
760
178
4
410
429
156
949
64
839
487
927
912
397
113
526
839
14
3
582
338
685
623
183
780
11
602
589
374
95
756
5
783
375
589
904
301
102
255
2
395
40
280
917
48
423
133
35
398
119
55
728
24
196
109
41
179
70
29
171
747
251
837
259
465
822
610
448
835
568
793
707
418
994
44
11
986
621
945
931
56
224
897
869
934
426
717
404
227
610
107
825
164
12
784
767
427
860
732
368
5
436
44
622
438
360
851
268
444
0
371
617
359
327
691
858
718
569
49
243
635
354
792
611
9
346
585
101
757
590
56
633
431
293
665
546
840
145
46
242
33
899
6
507
577
370
444
188
77
193
588
689
185
281
24
150
977
925
241
187
401
521
94
451
32
900
519
733
712
276
968
183
823
700
487
738
739
651
9
255
992
549
109
792
15
28
616
743
0
674
430
961
569
532
569
627
999
751
435
690
4
726
879
298
209
886
434
816
202
651
901
374
572
867
522
441
808
366
168
373
226
951
328
119
865
13
282
393
248
624
278
275
2
343
344
899
921
687
478
401
890
226
717
128
894
27
899
235
647
1
48
182
766
86
757
450
582
627
341
313
383
138
519
308
785
502
267
863
715
54
593
850
809
136
317
827
409
94
636
5
43
457
517
317
172
905
666
854
670
190
766
504
559
361
657
951
512
752
952
909
91
31
753
680
72
932
997
43
387
779
966
798
624
485
516
367
753
768
45
916
613
804
634
463
439
610
454
586
840
629
850
557
907
965
144
49
316
122
912
579
527
655
571
491
98
120
893
557
13
931
4
832
891
826
783
14
752
634
165
197
32
1
657
137
788
70
5
85
999
834
268
313
898
18
89
187
90
193
464
409
204
769
841
314
923
24
396
674
506
978
884
11
708
417
792
464
215
3
793
487
95
641
420
167
3
295
10
51
890
773
321
45
720
229
414
350
107
861
324
185
599
2
868
163
963
987
38
94
832
128
448
694
572
2
9
311
149
794
332
366
61
372
484
188
566
644
646
744
267
751
456
931
104
580
312
355
912
391
989
200
161
179
415
161
478
203
481
726
663
732
736
542
252
153
756
229
105
368
293
106
290
617
850
572
619
832
48
842
975
5
323
999
740
62
346
235
951
274
932
21
417
217
282
888
654
458
757
243
8
917
388
495
188
1
393
64
477
925
126
86
821
966
261
229
10
250
51
758
905
893
794
946
926
980
814
658
443
814
4
594
53
141
837
234
0
747
329
895
803
487
234
43
270
144
98
515
4
224
723
656
27
377
218
844
954
844
606
656
522
55
192
477
675
296
820
708
132
478
651
936
332
591
929
5
152
513
236
300
476
33
974
747
411
801
700
748
687
712
70
788
815
503
646
169
556
699
187
300
278
39
382
958
451
441
198
261
840
946
447
365
361
694
487
746
671
61
169
408
686
334
704
221
43
194
76
726
167
851
192
527
543
266
544
657
320
620
994
992
671
247
249
296
260
93
678
85
80
375
360
918
243
648
271
233
842
137
473
129
370
907
393
69
756
455
964
790
863
128
341
544
418
791
550
63
332
783
353
804
271
820
4
859
291
763
711
365
559
815
128
273
387
830
556
487
649
866
873
456
727
686
252
498
775
708
6
365
125
84
4
180
869
874
414
615
650
172
80
852
782
784
74
221
695
81
315
648
233
74
224
332
19
238
405
317
66
625
696
41
644
652
33
665
95
269
967
227
45
613
95
488
589
570
204
104
994
21
170
508
98
249
246
170
641
974
897
49
41
904
816
622
113
821
602
329
200
92
919
464
356
252
340
41
207
108
834
595
255
151
164
0
390
588
978
114
790
442
181
580
4
494
475
809
499
593
545
567
314
59
889
247
21
111
480
203
538
656
131
750
89
353
796
166
146
63
76
113
493
427
166
127
229
908
588
262
515
464
425
66
36
967
323
859
521
519
486
211
812
193
972
999
104
112
606
690
811
611
361
483
418
261
160
2
813
183
213
453
265
707
34
248
484
509
128
668
561
27
435
942
328
570
455
107
516
804
249
658
920
960
471
78
26
94
862
635
893
367
542
983
291
350
221
250
626
853
302
667
227
265
270
613
465
863
9
154
344
495
955
464
278
176
655
990
634
767
180
545
992
172
262
468
419
797
860
805
272
704
542
924
158
634
409
566
457
130
973
410
457
750
289
242
829
767
959
388
324
658
529
397
769
474
338
257
438
285
898
441
185
955
7
554
667
612
514
356
32
802
223
782
836
658
243
106
456
14
8
213
654
481
809
804
722
249
473
14
484
82
814
140
279
336
33
892
986
178
570
432
79
865
729
896
367
833
102
900
39
340
87
230
957
1
422
551
422
838
775
553
71
197
642
542
613
17
892
339
510
396
173
966
93
865
374
982
70
742
855
330
497
18
749
222
465
328
818
147
507
207
262
149
320
548
546
584
19
516
33
885
469
992
387
710
938
549
653
2
654
916
132
858
115
898
998
11
225
350
325
300
656
423
895
20
333
456
632
654
818
836
539
302
795
356
887
182
298
212
248
290
974
173
94
28
314
380
944
892
162
109
133
167
746
103
783
750
437
142
796
501
134
732
33
160
243
854
659
30
743
863
257
630
382
464
82
469
820
882
899
66
662
399
192
530
563
196
676
374
362
20
688
479
992
606
336
84
465
10
716
557
986
94
983
793
257
0
671
5
656
364
519
26
604
841
450
120
322
170
449
715
57
529
279
87
870
129
168
412
944
837
915
857
716
937
918
61
954
3
250
555
632
682
155
569
807
53
583
757
712
482
304
240
879
543
592
595
808
148
916
106
129
214
175
103
83
93
461
71
520
396
652
717
308
236
383
498
869
806
504
136
352
783
316
461
275
296
4
33
565
599
887
388
768
879
442
979
147
492
22
474
493
987
214
123
397
372
67
632
307
270
457
122
1
263
558
424
555
91
969
667
262
11
417
867
148
571
632
830
215
276
49
238
19
975
605
80
836
853
345
360
479
475
255
303
509
538
59
891
608
678
66
51
491
961
36
766
629
366
184
219
581
700
253
932
135
562
695
531
618
62
682
556
326
837
67
995
825
158
945
841
109
553
448
725
839
450
578
764
974
564
835
159
42
589
374
173
243
532
37
82
132
575
3
84
562
678
825
543
589
115
656
837
139
350
998
762
19
599
983
617
557
199
645
742
346
261
22
874
961
684
359
118
913
731
879
892
866
764
455
141
244
52
931
420
200
808
242
582
272
252
748
2
336
921
547
357
156
123
933
894
303
500
946
13
783
218
930
196
530
202
289
717
560
893
596
881
332
69
157
83
858
841
308
919
571
943
97
434
12
460
677
219
682
716
6
429
437
179
162
926
611
955
684
326
235
85
149
417
328
306
990
755
292
656
85
732
10
903
490
76
370
3
288
112
331
75
112
27
894
82
257
965
68
525
779
110
820
46
283
353
511
988
855
33
595
543
704
845
883
340
173
692
668
321
13
476
0
821
472
0
293
640
232
942
311
931
914
474
284
107
266
758
130
605
797
223
714
170
421
46
415
162
958
410
95
750
0
632
12
332
626
83
6
486
444
696
429
289
719
233
325
798
338
726
764
937
910
842
259
247
256
228
340
541
902
630
998
672
147
834
510
576
495
842
186
931
267
286
245
441
248
180
106
354
242
377
848
275
168
100
772
940
771
557
187
9
91
974
254
325
97
4
492
106
659
187
314
765
188
66
284
963
537
561
417
245
953
650
117
912
199
428
737
997
245
2
268
167
553
355
130
3
909
868
888
187
902
841
69
566
203
609
334
99
424
332
10
516
869
0
791
899
161
1
391
679
515
700
468
599
164
728
63
849
231
409
653
135
110
162
186
125
391
533
948
760
90
98
818
359
391
185
482
17
271
151
125
226
429
360
11
81
651
80
576
629
369
661
669
749
93
610
485
591
376
601
848
189
418
445
645
777
144
532
12
173
543
417
879
598
569
721
922
8
270
129
914
691
934
472
13
90
0
607
906
84
795
973
216
376
35
890
416
634
498
937
26
70
506
691
7
445
353
763
323
2
649
312
431
98
132
204
260
203
705
225
715
690
753
3
908
11
591
662
838
920
528
930
467
440
800
592
814
747
49
771
773
881
243
398
660
491
3
204
12
96
957
902
619
655
269
55
399
863
454
338
177
815
399
305
396
817
815
919
479
908
817
341
283
550
194
851
396
554
26
311
533
596
851
645
603
676
29
154
16
751
18
104
997
965
651
581
797
73
909
673
547
792
446
844
85
357
328
746
186
20
5
168
586
977
462
176
833
542
980
861
521
787
48
586
966
810
494
890
436
4
271
230
237
461
176
107
190
0
377
777
4
434
181
121
104
136
928
758
627
918
685
479
553
133
45
834
489
227
281
285
396
295
445
946
80
530
550
804
384
953
753
164
500
631
568
0
881
653
571
353
28
534
402
973
365
318
631
26
37
242
391
781
823
246
78
473
224
459
180
848
165
58
465
2
88
226
348
978
647
505
993
842
154
752
561
3
487
30
976
508
92
739
518
127
584
726
739
813
351
440
687
813
997
877
287
726
207
208
651
294
755
696
75
822
43
248
845
196
771
16
401
930
637
176
149
575
271
49
670
387
957
8
809
755
343
855
395
627
124
939
968
603
448
169
937
292
385
293
646
172
710
775
156
724
428
950
944
375
360
302
303
325
597
360
845
942
61
962
843
575
772
188
32
392
339
62
451
619
295
344
487
882
169
759
375
889
595
978
912
923
839
122
89
555
147
669
169
143
384
785
404
835
722
378
399
857
147
163
283
132
510
389
936
343
396
521
548
376
883
481
805
353
742
807
831
941
971
44
323
222
69
144
1
283
11
707
436
242
792
620
555
415
517
923
326
37
415
5
266
235
520
100
576
646
37
125
313
289
800
250
914
588
620
835
279
153
457
40
227
481
983
275
490
997
482
279
369
848
3
952
495
532
702
447
64
149
437
902
270
708
428
132
3
348
194
489
896
740
806
583
805
262
950
831
635
895
444
486
26
4
267
160
266
436
42
63
731
417
0
466
213
603
506
826
377
214
999
236
808
177
628
711
758
259
912
480
570
508
73
339
558
993
867
283
4
738
66
76
950
6
225
653
26
738
719
11
41
776
63
51
697
90
985
533
746
278
212
554
5
221
952
918
364
669
45
774
819
782
10
666
831
950
718
351
950
27
5
151
516
437
148
238
110
820
463
4
163
496
320
47
304
968
631
34
31
499
893
601
789
838
495
333
170
978
870
723
317
549
128
888
65
109
273
897
636
533
179
918
47
925
795
281
896
501
183
856
375
299
403
854
57
153
754
754
167
44
473
507
23
568
767
637
599
320
31
745
758
519
726
119
203
716
761
345
271
320
660
842
132
533
440
16
207
892
540
440
551
826
115
889
834
645
830
147
90
569
503
839
85
41
0
992
479
5
3
101
775
433
123
249
752
774
339
614
904
430
541
466
94
521
29
636
432
238
961
384
360
531
892
304
22
780
404
569
2
5
862
424
277
9
808
129
195
65
292
212
270
527
150
149
110
37
739
419
541
737
1
9
643
939
300
924
355
692
104
85
854
221
620
354
64
124
212
746
601
246
284
550
942
4
307
597
691
0
688
459
68
27
368
131
26
735
184
51
293
598
972
190
931
102
975
899
11
49
913
47
334
303
205
858
195
179
2
55
208
123
612
397
848
967
14
789
323
482
634
939
16
448
82
957
221
195
455
724
174
148
893
32
62
971
989
931
202
482
0
858
927
389
387
895
161
551
82
488
64
205
573
151
268
943
871
121
349
868
371
645
352
437
475
368
621
121
171
807
254
482
383
243
664
832
655
541
168
717
365
491
69
407
23
523
618
399
171
296
329
654
684
685
334
263
29
294
711
219
262
941
596
251
722
30
378
759
486
915
452
650
474
35
40
62
439
74
770
628
201
541
474
730
619
202
74
704
956
260
193
758
69
821
928
955
297
893
909
418
7
678
615
621
3
69
346
76
33
565
591
523
378
41
597
593
494
433
959
7
948
369
169
794
336
612
464
786
440
158
499
246
805
533
64
824
628
982
815
552
10
491
365
24
166
999
77
389
891
127
3
989
889
755
576
370
937
514
554
609
187
739
604
61
244
612
766
698
316
401
892
521
991
990
539
26
882
148
3
884
402
787
314
323
393
697
642
278
912
982
31
515
291
145
882
977
547
151
378
255
453
521
947
663
782
460
631
32
19
625
970
653
669
93
461
797
474
310
63
200
457
696
30
637
941
25
32
888
357
493
691
106
236
105
950
476
336
40
826
884
288
419
435
942
304
259
0
486
619
770
215
786
952
861
238
286
625
27
495
88
317
88
27
590
293
734
635
150
107
795
152
823
846
526
22
581
767
923
650
877
814
990
3
5
576
143
354
37
636
523
953
162
507
143
668
955
462
747
980
197
289
453
141
870
166
478
856
7
797
379
748
629
798
723
495
654
285
710
759
578
936
625
304
805
435
47
180
998
167
8
2
723
0
697
209
516
196
247
80
960
963
938
91
97
987
33
20
116
65
321
191
259
827
0
402
714
258
295
320
222
910
388
692
428
264
161
555
682
371
755
19
974
232
134
45
858
260
879
525
691
469
170
4
437
658
267
988
610
4
322
315
132
861
796
159
234
155
802
528
295
550
631
966
807
530
356
238
188
2
12
87
631
305
261
974
850
0
924
220
372
196
881
92
12
237
142
767
746
266
578
162
966
242
779
771
943
177
29
201
168
967
278
871
920
844
489
366
708
347
7
183
156
513
240
166
134
237
704
867
362
25
496
118
33
652
742
357
696
762
586
34
806
117
242
413
211
309
42
130
294
831
684
770
266
622
393
722
538
300
198
730
756
83
577
519
113
693
200
907
274
420
348
980
785
429
143
979
911
341
726
838
232
940
256
174
231
505
152
528
1
76
143
163
866
926
306
983
113
54
30
733
65
212
15
340
413
264
3
135
765
404
771
795
319
680
340
683
59
238
475
448
74
135
519
164
153
983
804
129
774
235
57
406
136
962
588
319
247
372
460
699
897
962
232
591
125
831
86
753
742
843
832
4
325
631
549
467
151
805
471
16
795
91
179
290
860
823
246
594
545
510
76
1
890
42
2
192
499
298
379
157
406
20
98
539
350
773
791
15
691
875
178
207
434
970
880
133
784
128
784
100
709
563
528
471
312
798
975
524
262
137
73
0
970
607
627
754
309
638
481
101
901
309
68
48
70
664
450
298
60
59
939
512
725
578
713
999
26
81
367
4
276
955
424
242
70
347
226
201
261
580
252
165
512
355
610
988
761
541
611
55
93
239
22
452
33
666
499
524
337
183
568
252
844
399
122
381
334
793
421
753
987
765
227
83
683
643
662
819
731
807
634
842
19
951
952
11
866
219
879
449
699
177
360
3
861
4
696
463
518
7
64
398
153
928
874
433
880
606
65
890
878
731
58
73
952
904
683
1
937
323
554
587
302
450
940
155
288
575
45
461
759
995
878
94
790
727
572
805
922
837
910
319
195
673
589
123
164
196
504
320
184
467
65
501
329
925
576
199
521
987
429
558
334
14
603
555
15
27
366
675
894
328
320
359
745
605
502
115
570
446
475
302
689
583
12
623
764
66
19
364
88
813
942
345
693
201
642
512
359
537
478
503
753
562
901
27
769
123
104
707
59
355
22
648
145
925
350
151
676
948
582
649
255
229
92
947
630
47
203
325
720
435
575
446
856
168
98
285
267
460
333
210
230
605
239
79
148
3
588
729
221
723
242
887
216
571
182
976
168
378
665
24
925
864
603
584
849
14
528
418
99
139
165
797
175
585
241
32
405
297
417
751
904
34
150
344
293
587
339
188
122
550
884
722
349
740
228
883
64
82
1
276
903
165
176
875
680
998
138
457
137
494
171
821
235
731
921
5
701
187
712
994
695
80
118
260
160
11
727
625
118
50
591
377
317
177
252
252
943
12
142
188
234
106
827
78
286
238
503
211
0
242
322
5
68
353
67
351
145
122
919
389
492
934
427
697
827
296
379
960
192
3
579
11
895
779
817
911
78
570
83
727
694
660
790
89
851
594
189
428
582
88
868
628
626
444
487
824
76
967
913
570
984
994
340
171
746
675
913
880
201
951
11
853
278
84
381
99
246
15
511
26
321
392
924
756
48
96
688
374
387
649
676
174
603
911
155
487
606
411
91
300
912
319
103
223
580
328
857
739
104
295
420
131
607
14
642
845
382
346
977
799
310
611
597
633
557
833
45
750
222
551
208
152
674
440
794
827
253
298
982
67
565
555
545
774
197
933
607
482
688
77
243
678
586
685
662
5
232
3
385
708
642
269
887
579
59
679
290
522
173
598
874
772
451
533
132
3
838
789
844
990
363
289
217
372
449
623
480
720
206
361
328
918
844
689
44
913
156
304
159
886
258
394
370
339
180
9
539
566
488
221
33
664
89
130
224
925
329
131
717
425
491
64
398
5
21
517
123
92
318
442
812
794
133
752
947
300
952
625
706
54
13
913
536
222
710
453
573
894
478
205
176
40
297
153
449
937
762
918
65
63
271
945
744
103
689
509
101
205
680
55
704
15
845
8
249
950
580
361
638
0
642
92
778
308
638
37
773
939
748
559
179
37
924
178
938
78
654
960
15
529
923
670
268
925
208
986
690
561
801
819
764
265
647
501
19
821
841
726
145
757
39
39
730
758
453
9
289
280
290
821
616
491
49
578
4
309
229
51
159
942
391
20
299
453
501
94
317
148
326
601
449
863
517
824
265
618
814
743
47
24
541
331
567
205
182
657
260
893
978
843
909
93
922
239
979
38
716
246
37
136
622
329
16
286
573
895
358
293
178
148
95
788
943
695
371
566
328
3
302
156
2
160
807
615
101
879
260
35
228
260
30
11
674
584
320
790
741
532
78
448
259
31
68
68
409
379
876
347
78
70
945
742
233
45
22
64
322
75
528
386
262
608
72
327
749
310
564
603
650
0
703
34
106
339
86
61
73
784
51
637
807
288
98
66
810
529
127
647
762
943
402
216
523
968
460
697
68
590
52
61
260
112
618
793
577
608
265
677
814
63
104
201
641
250
98
853
457
469
144
977
870
710
218
273
72
616
271
318
657
574
250
708
880
660
662
710
25
274
830
859
160
912
343
61
606
798
839
121
844
513
47
212
423
341
449
880
586
424
605
949
420
508
26
48
147
614
41
720
806
957
631
410
942
587
393
271
177
358
334
243
703
73
129
520
755
199
633
210
254
509
734
607
238
876
113
122
423
818
450
623
801
470
500
587
392
995
652
19
150
39
197
665
636
329
534
498
719
239
163
950
547
172
8
420
644
353
50
794
479
129
4
996
339
976
307
5
583
999
916
326
562
46
693
227
609
760
173
536
756
142
585
26
530
31
716
633
725
494
19
420
607
302
82
509
541
474
145
765
455
303
866
235
458
795
99
377
2
153
146
174
11
369
431
859
136
647
595
802
833
541
368
442
256
57
236
179
948
798
707
660
777
528
262
944
966
252
36
521
395
722
980
851
337
3
20
431
696
18
729
200
146
61
984
916
469
626
515
620
38
265
192
251
512
418
434
306
871
976
790
628
810
994
719
954
52
173
716
833
896
228
456
755
970
104
445
145
58
906
263
307
873
484
63
11
181
127
19
45
812
639
906
12
660
871
692
267
496
770
206
682
820
754
486
68
708
563
480
28
179
219
508
932
985
899
789
443
558
269
19
119
164
116
136
424
311
354
416
683
233
753
63
801
10
520
453
944
213
66
89
239
19
675
147
948
993
477
151
971
682
563
64
216
53
91
254
138
692
393
519
675
566
455
875
648
967
505
954
520
33
563
907
373
8
55
488
911
904
48
343
924
3
346
77
789
646
514
754
756
359
143
974
77
536
572
925
162
179
383
694
937
649
478
848
704
438
614
64
127
337
678
498
273
846
32
341
849
798
893
339
347
198
797
144
650
118
719
816
874
677
585
937
50
783
230
4
312
106
30
858
565
941
400
23
132
92
264
4
163
187
202
912
342
115
149
377
791
636
30
344
823
823
499
281
667
593
74
690
619
962
405
602
399
439
846
163
615
69
324
781
430
648
75
992
116
8
101
8
988
333
384
327
828
159
160
25
318
360
680
176
274
66
278
705
877
75
843
78
200
576
133
577
965
471
121
115
777
6
156
196
712
713
452
647
684
137
69
314
777
333
118
513
91
936
542
651
31
809
285
951
181
572
884
585
831
400
786
772
397
161
213
53
824
270
203
234
251
269
435
280
724
748
3
650
278
406
62
663
759
64
926
55
459
853
985
184
283
257
613
829
218
50
694
504
657
666
514
607
220
899
362
681
957
353
0
1
375
277
526
922
517
780
448
890
333
825
925
600
37
419
221
508
816
335
271
247
138
16
486
833
626
91
650
874
3
773
920
876
14
173
413
572
997
735
653
299
575
553
453
14
446
597
617
645
158
684
648
435
142
516
105
4
45
730
121
554
262
781
637
534
665
438
488
143
8
219
206
786
348
338
279
667
135
74
349
897
250
717
696
532
619
589
772
867
595
916
196
360
518
193
837
471
733
726
280
603
399
777
670
532
230
398
824
315
328
542
431
660
69
126
643
90
661
553
384
284
224
164
526
373
866
325
450
406
167
867
737
429
265
600
234
975
835
596
236
521
326
318
67
288
726
157
4
832
522
442
472
912
560
282
935
576
871
635
362
573
65
722
67
803
659
240
638
153
332
924
72
801
193
505
152
749
52
505
136
186
382
266
421
910
725
30
24
270
322
957
759
667
606
232
211
77
818
902
185
606
252
119
683
851
81
896
164
744
880
835
400
425
144
807
916
702
193
803
232
425
854
678
10
567
984
760
703
336
48
525
877
608
326
856
354
476
295
219
680
764
877
748
949
542
340
382
949
0
736
126
806
508
656
904
584
967
136
873
989
310
341
822
247
753
269
577
470
130
650
539
4
173
428
515
422
238
601
789
174
585
915
1
893
557
949
490
879
922
164
244
234
862
652
210
668
790
736
6
966
984
388
362
610
942
505
319
854
983
73
632
324
388
834
15
131
23
478
40
174
14
186
111
495
286
383
293
673
480
66
957
201
724
501
146
435
220
646
830
144
155
143
939
4
785
584
512
733
273
436
468
723
119
113
782
14
330
134
733
430
938
218
96
767
98
518
201
61
587
924
345
150
6
93
713
907
35
128
69
486
223
779
366
698
98
965
57
963
210
38
313
704
704
662
531
76
484
356
26
45
504
418
837
340
305
205
146
327
816
527
84
501
411
312
395
432
680
769
277
110
91
481
86
388
12
95
198
984
22
132
762
774
600
881
149
706
184
303
393
884
982
517
286
795
14
325
667
7
522
147
392
132
516
477
590
491
50
797
225
235
806
686
813
33
576
713
289
551
845
771
925
533
868
522
91
122
594
895
619
298
562
63
555
147
270
74
589
651
168
198
846
55
96
120
732
437
258
221
607
180
884
669
931
288
304
139
402
993
865
104
969
451
86
338
356
49
655
298
287
145
161
643
260
36
976
542
562
687
545
259
751
777
916
534
921
131
649
314
183
47
303
963
685
66
240
704
342
250
530
71
769
419
341
969
303
121
339
277
258
24
960
528
312
292
192
0
327
839
437
465
918
467
975
32
492
3
328
400
341
242
488
168
64
492
864
275
208
354
904
793
287
157
959
925
429
814
126
387
886
850
262
26
614
47
418
869
13
345
555
778
498
795
147
71
226
888
784
8
453
183
116
985
663
677
950
132
458
436
884
570
707
421
231
837
349
813
44
118
93
607
234
889
643
584
786
891
510
193
653
756
20
199
870
293
288
646
1
754
198
62
93
267
220
114
430
804
45
108
371
942
71
745
4
325
15
895
223
925
138
222
890
749
547
172
961
101
896
473
835
804
581
38
212
199
748
959
970
727
840
258
234
7
140
579
85
846
876
324
112
144
74
558
544
417
356
781
191
471
59
890
410
46
596
23
625
190
987
284
623
60
511
814
594
161
133
299
109
377
183
489
739
692
582
1
737
789
30
232
351
319
596
313
696
671
942
590
55
304
36
927
533
460
962
674
343
459
180
153
317
400
535
771
438
293
803
62
382
889
154
429
208
978
462
419
206
978
412
7
122
638
858
994
416
572
567
127
243
953
981
352
33
681
737
594
317
423
53
429
40
204
260
276
208
207
215
254
429
18
575
699
438
201
592
432
108
810
72
103
46
623
834
599
599
841
202
107
280
41
58
296
42
217
899
669
447
237
141
522
804
367
842
913
142
767
681
11
533
202
300
499
565
467
742
96
389
765
798
326
921
4
261
91
8
464
513
288
636
80
273
68
279
492
2
594
245
729
830
417
938
713
377
601
887
781
482
994
675
701
115
926
21
0
441
637
895
642
326
96
867
4
665
171
497
991
161
161
440
476
389
226
55
412
365
67
553
916
457
18
269
157
670
933
466
744
1
904
79
583
661
379
768
365
131
34
36
648
839
318
583
945
135
84
310
681
212
232
107
178
598
699
959
980
244
972
366
149
191
134
83
291
157
490
445
14
677
443
34
758
349
734
220
795
591
360
71
564
376
184
947
150
635
278
87
772
979
993
526
597
257
10
289
333
154
482
375
307
959
14
719
56
33
749
119
936
99
589
810
242
328
456
752
576
228
498
975
655
153
69
370
107
831
934
174
275
953
21
783
713
127
132
823
344
894
862
456
2
715
317
130
639
797
65
785
397
211
122
56
307
218
448
531
896
486
583
159
320
968
82
628
721
98
635
884
621
767
139
200
329
478
260
55
132
139
364
900
640
561
240
463
91
972
735
841
879
356
565
78
443
849
911
733
851
573
598
304
721
3
347
377
521
18
627
546
979
121
455
343
330
449
55
726
534
203
732
459
379
426
833
217
799
778
312
973
583
216
746
489
13
31
136
124
979
15
25
13
400
933
172
417
55
23
536
250
207
397
210
380
562
384
370
978
141
199
40
575
75
452
14
46
757
14
390
765
562
23
668
843
538
472
828
169
359
727
678
688
320
793
801
166
730
165
271
484
538
102
455
59
167
783
889
192
443
534
172
614
663
387
245
902
773
392
704
355
84
297
670
487
428
749
68
564
833
184
309
27
756
915
289
152
12
874
692
352
646
568
714
271
111
675
509
444
130
192
880
822
552
971
787
8
509
317
65
534
754
875
287
296
469
788
46
535
269
45
554
232
590
725
472
134
441
2
65
677
586
722
199
65
578
79
290
12
821
641
769
895
827
71
127
142
21
120
640
535
450
412
618
483
39
463
555
49
3
130
60
658
413
743
601
193
449
908
495
914
494
627
690
318
454
367
883
193
531
17
360
995
477
789
317
170
233
952
914
760
866
892
955
619
0
56
158
46
157
439
367
481
542
24
320
218
256
758
2
816
486
391
381
884
618
518
881
94
754
602
678
359
394
522
339
465
886
304
329
539
307
108
9
663
753
908
196
825
192
159
498
334
709
38
575
146
472
625
476
982
89
775
334
147
155
896
326
911
950
553
848
439
515
78
926
196
380
541
630
692
54
722
1
7
828
115
627
246
286
101
170
2
568
48
345
475
405
382
605
11
517
237
20
757
612
291
498
184
788
931
998
483
204
32
821
922
467
636
841
684
909
128
11
964
314
801
277
503
735
157
603
332
968
951
238
185
666
395
282
352
386
173
321
516
324
765
530
174
687
652
394
182
688
520
762
835
292
962
393
298
8
434
460
0
367
894
104
650
951
340
324
546
606
33
767
251
384
466
303
448
569
907
632
74
600
953
345
302
702
154
58
824
131
204
797
280
94
69
665
327
416
284
560
69
26
409
575
344
151
229
521
369
153
513
750
152
941
985
267
835
140
913
835
912
551
207
572
37
359
178
304
188
920
844
113
830
231
746
704
309
337
292
790
206
885
712
591
487
574
207
948
304
793
554
77
341
878
808
540
657
765
800
615
791
808
515
306
254
100
432
33
921
319
452
915
501
476
25
72
635
655
544
549
318
404
243
85
10
946
262
374
568
391
37
750
983
903
970
402
748
441
681
393
198
742
850
903
367
674
684
65
90
79
283
130
211
450
123
850
17
605
355
442
444
78
349
943
5
462
278
918
878
570
2
577
467
607
929
552
215
837
224
979
186
356
403
230
998
958
67
406
534
453
115
162
86
639
226
672
92
222
688
960
21
481
824
857
530
635
19
644
969
52
100
279
903
730
440
989
863
855
7
606
180
117
170
99
933
261
758
840
791
789
210
594
623
285
321
528
4
19
4
355
525
165
759
549
719
382
946
309
145
515
881
130
998
378
613
687
795
786
581
6
10
529
66
503
53
304
545
359
30
894
606
332
686
133
662
476
991
74
554
123
332
575
349
12
935
719
778
564
814
406
568
691
671
739
738
953
12
122
892
71
497
597
355
599
893
313
68
233
157
604
709
589
151
932
46
406
925
469
309
29
905
921
952
402
278
918
308
162
942
349
993
138
57
538
572
33
777
279
903
238
546
337
36
383
282
72
70
259
207
991
758
781
616
601
768
354
453
205
259
919
359
454
73
747
855
591
828
507
257
859
183
877
207
137
509
944
536
950
975
415
290
584
966
78
924
475
339
236
449
845
226
577
65
689
570
902
270
605
477
302
188
5
982
106
990
810
682
933
60
293
832
146
789
984
546
100
756
210
200
790
509
872
549
607
155
859
885
226
658
736
447
227
976
308
543
892
217
258
165
65
181
883
817
393
551
528
85
79
941
625
970
113
33
743
851
891
68
853
764
328
570
412
970
308
606
968
838
100
331
551
834
269
823
215
469
849
80
643
273
8
72
387
629
159
0
328
877
374
440
755
294
469
3
532
549
982
984
120
371
659
19
347
123
540
179
286
485
897
992
874
485
60
728
594
483
19
994
293
869
680
130
60
423
904
564
525
826
14
912
157
668
599
951
497
370
283
408
488
377
825
657
565
968
258
912
295
359
922
220
502
988
855
404
862
24
907
42
231
122
614
702
295
511
514
34
267
365
682
515
652
255
303
17
57
582
775
329
168
515
234
274
681
901
534
452
55
349
433
779
921
966
1
944
644
65
662
861
619
457
293
373
990
45
1
572
140
285
347
684
989
64
683
339
935
306
183
240
90
632
911
414
115
450
118
878
507
830
88
394
185
418
354
720
131
347
863
729
298
191
545
802
611
0
846
481
97
231
420
59
916
385
257
491
394
888
14
905
120
322
449
549
939
415
84
5
4
251
85
312
832
408
20
219
218
190
882
988
821
246
479
603
435
971
408
176
753
166
206
374
245
308
266
609
292
259
644
114
222
70
632
451
446
535
662
68
759
519
767
241
48
205
842
761
107
325
250
898
977
76
236
341
387
504
728
277
349
189
404
827
715
845
537
696
456
132
41
18
861
299
294
787
23
647
954
554
495
450
886
453
120
403
658
733
468
258
351
118
80
424
811
958
149
748
625
612
3
422
8
563
140
31
129
725
654
840
201
365
323
398
669
573
880
335
558
915
927
534
234
478
22
760
748
500
287
91
326
322
622
215
731
233
828
55
671
591
354
192
426
204
951
789
601
299
278
484
394
247
340
54
108
351
737
72
268
734
101
465
34
768
296
500
516
91
919
779
318
653
15
723
411
13
474
465
527
439
580
359
115
606
857
59
529
99
45
442
615
821
357
4
334
924
8
826
941
198
988
665
213
169
537
511
97
167
78
678
905
187
362
315
902
773
204
455
103
842
152
541
507
976
215
155
56
817
611
736
395
31
713
288
165
771
633
925
165
623
820
592
316
37
783
100
466
686
312
349
3
852
179
773
776
541
125
402
992
820
102
187
109
883
306
119
935
371
620
764
338
33
435
748
113
28
144
86
202
307
748
99
183
735
319
494
511
951
751
392
139
873
733
92
743
699
395
714
764
741
790
921
165
443
33
946
120
107
367
446
192
579
410
517
405
535
139
773
128
650
276
807
778
208
357
892
448
546
208
3
180
156
13
263
33
870
420
666
670
730
815
640
18
991
482
193
51
750
31
996
155
357
112
26
549
353
243
575
115
993
671
461
50
575
221
402
622
579
948
2
353
187
187
107
58
433
177
84
134
748
122
8
718
646
401
909
993
114
141
299
651
210
874
595
983
454
594
419
739
608
459
454
127
199
572
870
385
116
568
240
562
187
127
111
380
82
941
33
431
33
618
32
184
996
214
393
741
389
151
335
105
536
341
630
380
474
158
300
480
893
20
998
137
506
760
181
458
510
544
55
658
352
114
26
986
578
654
594
82
905
262
318
953
639
100
345
203
842
743
468
221
422
848
600
655
420
367
804
342
297
30
859
946
420
489
848
18
121
215
130
41
569
307
817
164
642
996
524
933
188
318
320
701
284
366
796
112
582
913
104
539
367
71
567
271
38
681
974
610
84
700
217
4
717
126
572
277
52
286
907
588
536
424
97
614
681
196
960
493
896
248
153
214
525
580
397
57
154
92
551
33
758
131
319
493
247
426
935
128
6
750
442
951
896
373
514
315
278
688
208
0
3
809
539
552
374
238
308
259
907
630
47
764
258
261
959
132
525
631
878
917
257
84
368
571
56
47
276
738
797
7
487
387
33
879
649
146
213
774
161
885
603
903
776
475
789
30
170
549
10
686
719
58
539
234
526
116
8
145
371
695
155
862
668
3
667
903
771
109
36
185
220
768
932
42
881
976
381
757
803
336
73
736
21
887
614
398
118
780
16
447
960
245
834
829
999
326
154
805
224
73
132
349
667
864
655
445
776
173
119
629
614
486
771
386
889
8
925
577
711
39
258
944
263
426
426
846
835
531
636
272
217
19
404
710
964
503
110
457
42
606
262
470
327
46
923
100
839
658
773
126
127
698
703
632
943
401
233
495
560
5
176
777
984
439
22
769
12
290
80
293
41
452
746
611
561
778
483
167
539
916
560
543
719
116
119
283
674
966
442
142
588
992
118
193
833
594
134
168
717
880
698
283
416
660
377
310
4
682
179
20
633
676
419
539
88
266
599
461
380
330
670
649
45
206
671
924
735
86
216
226
274
846
626
178
801
496
528
87
820
303
740
170
608
478
195
905
460
706
929
331
586
192
276
157
474
895
146
939
3
44
465
444
112
529
970
199
246
374
362
95
919
896
49
320
305
554
856
635
34
407
596
963
268
3
615
406
855
435
40
1
296
44
215
428
291
642
866
953
749
982
155
576
396
658
255
758
774
320
101
818
889
838
517
610
860
595
71
460
732
724
751
458
840
794
419
410
996
521
87
456
883
229
19
47
193
428
20
861
744
270
64
336
220
250
423
862
347
484
978
154
356
111
821
852
117
824
521
998
218
220
421
370
785
201
405
362
362
220
933
232
509
1
154
284
858
970
908
465
856
16
820
63
863
844
514
435
772
594
459
96
442
562
500
808
524
990
166
937
661
855
289
985
60
737
738
173
638
493
645
109
873
679
943
818
327
579
814
13
492
163
999
735
865
744
522
520
191
99
232
346
4
780
756
304
221
3
822
25
54
130
224
772
818
287
740
13
894
15
290
482
225
612
191
323
883
463
828
858
217
189
496
36
0
475
193
201
328
883
380
850
3
879
8
255
30
182
131
403
475
327
767
736
440
803
780
104
278
945
872
3
894
100
390
105
65
414
85
927
203
570
2
110
703
405
26
273
119
403
883
427
33
216
38
93
305
140
725
648
566
970
463
474
970
946
874
477
368
341
89
842
910
520
802
286
466
163
38
81
91
254
907
409
916
11
614
280
114
281
681
23
242
913
182
189
616
202
805
376
959
322
653
163
7
994
5
754
76
700
100
443
618
505
492
46
577
39
390
742
261
419
470
367
179
342
17
17
876
630
776
168
491
866
518
314
915
384
625
243
906
941
680
4
310
634
101
530
990
847
8
180
11
278
648
668
200
879
231
581
14
884
9
578
637
178
507
69
294
263
445
746
610
892
821
380
160
93
42
459
255
876
139
426
546
517
313
877
974
890
156
190
315
239
585
195
631
83
589
749
454
112
708
617
336
720
848
161
509
640
357
460
916
370
230
719
179
250
461
344
377
579
225
687
593
233
107
122
912
309
759
856
35
888
437
726
954
547
368
827
710
944
641
813
693
179
609
437
768
327
406
538
850
274
312
294
310
581
377
566
15
106
420
923
698
800
0
213
42
472
135
83
25
323
992
529
175
185
757
935
337
739
206
734
721
855
735
103
982
246
175
583
123
148
836
886
433
295
321
795
53
642
808
567
878
529
316
703
959
834
562
4
872
812
134
887
420
187
267
927
592
937
179
448
899
187
861
939
660
4
539
885
724
19
559
15
85
51
911
967
857
154
382
195
969
545
714
541
727
481
17
288
272
436
158
379
961
76
199
350
794
337
173
594
45
787
460
636
265
579
672
976
568
14
375
167
933
416
670
747
934
194
482
10
355
228
878
663
718
647
796
801
382
906
728
394
847
14
449
747
730
106
748
486
272
20
11
662
350
216
415
728
26
934
143
918
701
668
796
968
711
13
686
688
464
956
704
649
719
610
689
57
874
678
191
260
760
371
151
113
321
340
58
805
980
165
343
932
487
398
407
624
931
569
0
433
643
299
65
911
240
844
561
812
703
81
823
252
383
128
721
170
79
637
355
247
288
927
147
65
910
962
708
706
981
896
420
445
874
221
539
241
934
359
734
989
469
664
699
82
843
330
151
407
571
961
90
358
302
991
892
590
126
328
966
619
5
315
274
57
90
844
537
39
807
127
935
952
19
250
501
632
64
548
525
93
516
234
437
651
206
208
251
64
105
239
492
977
988
532
459
570
19
949
414
665
742
479
334
722
827
161
83
845
741
490
299
479
216
905
163
566
256
801
244
698
401
573
916
50
960
907
627
702
376
193
377
624
669
217
801
150
879
151
802
513
951
363
679
555
922
783
115
800
783
78
522
29
540
487
560
645
357
978
461
813
900
107
270
34
33
981
579
901
114
609
179
60
494
407
895
338
100
33
799
32
445
739
112
468
3
75
769
373
375
368
33
632
386
529
978
695
160
65
267
514
63
8
3
971
932
555
318
26
619
110
512
739
799
519
403
936
324
439
909
662
453
65
85
241
100
74
710
377
388
577
3
761
711
559
608
891
943
878
756
617
3
73
267
375
14
15
688
325
652
121
207
450
786
865
123
148
48
510
360
522
495
574
479
918
262
497
952
764
205
628
992
850
118
446
39
7
578
331
3
471
854
125
654
154
775
969
73
888
19
0
267
79
343
618
54
150
939
776
50
452
567
807
720
520
244
29
32
981
920
331
628
173
200
774
128
882
252
649
660
575
913
748
286
778
375
825
744
938
534
532
100
349
262
276
479
356
132
4
839
869
955
73
827
429
453
63
758
777
760
598
126
727
2
211
600
281
71
298
408
808
438
816
86
62
59
651
318
330
338
413
662
872
475
337
244
180
828
905
526
60
196
868
265
380
369
382
415
615
982
343
780
198
70
12
254
568
720
837
276
410
311
41
975
59
25
206
229
813
59
302
76
572
965
966
592
626
273
511
340
981
320
877
966
876
950
103
484
747
541
670
192
859
720
774
593
742
112
443
19
458
699
390
594
1
520
825
855
398
687
719
69
647
323
147
281
30
45
888
832
33
19
908
987
819
64
85
167
176
941
118
45
63
623
505
604
113
862
659
291
730
3
72
379
100
330
452
654
535
125
212
539
315
663
142
168
26
59
210
231
741
458
422
938
465
672
863
183
26
527
479
863
764
549
5
268
263
34
934
3
918
151
932
831
293
302
275
762
372
526
466
849
751
93
856
65
673
4
443
250
64
972
61
137
317
483
984
599
997
769
892
945
450
379
242
701
373
341
593
459
382
739
320
67
421
235
20
561
349
158
506
275
561
239
206
328
547
496
930
307
27
49
389
4
9
882
804
737
286
791
626
346
754
250
935
309
548
55
476
402
575
320
392
615
490
211
296
534
954
66
406
739
724
210
405
686
161
204
22
289
387
826
425
307
113
110
330
522
490
7
706
686
742
239
432
657
675
820
11
161
913
509
163
615
165
424
530
785
636
242
209
742
604
598
200
333
137
829
606
45
870
515
596
790
528
657
889
68
623
296
404
585
88
297
691
615
926
484
344
54
788
450
951
658
275
735
878
67
543
757
360
737
961
165
52
38
993
808
11
152
888
311
0
246
315
933
484
964
58
275
302
295
60
958
758
276
690
884
805
719
587
175
745
267
280
678
912
792
948
262
293
319
833
142
22
116
66
344
950
752
245
328
534
655
164
947
807
519
459
698
62
764
289
571
930
920
790
396
498
155
440
376
892
988
100
141
888
824
550
199
202
22
3
4
837
230
172
610
544
752
23
121
40
4
548
32
316
998
63
633
862
936
231
406
882
333
926
724
94
968
556
65
345
153
598
209
394
812
873
296
437
367
855
305
743
316
684
199
270
995
680
444
497
4
471
843
393
129
932
252
261
139
586
905
136
603
469
117
555
59
933
30
836
345
562
30
901
61
262
743
504
748
923
731
40
447
175
959
102
830
999
297
513
173
59
897
985
621
33
563
524
293
800
237
702
494
306
49
797
869
692
745
739
533
711
738
73
998
494
344
127
931
284
691
569
622
988
488
432
232
419
216
165
832
138
302
416
589
112
62
227
54
334
668
22
269
1
5
843
781
532
39
608
689
209
891
141
155
738
424
66
44
534
502
101
790
407
617
259
4
268
295
615
20
317
633
154
571
851
408
427
816
624
994
363
7
844
737
995
245
899
10
73
11
441
79
589
431
221
460
917
404
740
31
648
603
836
510
616
714
277
592
651
347
532
703
375
738
340
401
911
804
852
778
956
319
966
106
286
599
643
374
204
653
896
283
154
107
389
867
267
202
785
635
646
520
524
577
421
460
606
897
475
228
108
568
244
184
288
795
565
68
119
29
459
559
342
794
174
160
804
36
178
125
20
692
148
329
578
637
175
530
601
975
3
705
548
546
262
232
592
661
386
455
113
387
411
71
566
317
223
500
887
212
376
73
88
90
13
224
480
449
9
456
813
200
34
997
947
103
604
33
117
400
766
7
133
740
813
470
508
954
194
70
565
941
510
316
224
652
467
729
218
46
2
265
809
615
809
955
271
694
310
7
385
237
40
955
326
160
975
401
464
634
104
271
787
833
571
973
53
385
897
977
364
615
601
47
207
535
512
608
478
697
320
124
147
157
142
442
595
787
386
84
417
267
692
901
26
551
253
761
295
8
18
885
42
601
346
386
485
486
964
766
676
923
386
551
376
188
284
464
280
625
70
888
871
7
940
824
560
584
711
762
143
814
354
698
324
407
81
962
149
869
859
956
559
270
71
724
181
468
912
512
530
35
194
209
890
84
896
168
739
884
45
207
343
840
313
481
196
347
632
371
23
136
4
316
673
373
12
821
272
274
426
1
435
957
393
262
777
38
34
988
769
215
420
636
676
385
701
118
244
610
282
25
743
914
959
21
293
602
944
720
798
138
607
74
239
994
639
111
904
92
462
5
330
91
370
855
479
100
816
16
687
544
78
490
168
329
10
592
133
247
607
133
288
674
916
578
419
276
388
666
428
1
532
927
515
123
539
45
63
76
69
986
175
317
548
987
163
434
823
110
64
94
910
612
20
452
62
654
58
307
694
393
416
778
980
165
150
591
241
82
430
45
332
194
660
694
209
395
397
865
335
438
110
820
344
166
145
564
494
868
997
661
34
999
909
960
846
910
24
704
453
193
600
510
631
279
186
343
641
172
471
671
0
173
330
932
14
539
5
548
254
398
384
937
516
351
797
700
101
3
900
451
65
388
809
15
258
447
349
387
515
221
345
895
572
583
385
18
755
10
514
503
19
526
846
919
786
921
850
297
125
951
13
213
277
66
701
834
148
282
983
923
387
415
80
710
917
138
110
279
413
156
966
200
279
532
31
112
285
858
526
28
291
877
868
769
219
130
229
565
840
561
636
587
738
567
473
956
150
441
815
239
12
447
118
26
886
804
144
944
264
176
444
306
216
487
457
397
786
453
191
194
530
828
975
351
681
980
777
773
426
270
823
502
672
944
110
366
627
45
721
965
367
259
34
614
783
705
110
557
630
807
56
578
711
618
26
672
90
119
21
827
655
385
5
732
472
13
753
1
9
712
321
288
889
935
579
48
189
417
92
259
566
540
110
594
20
37
742
110
795
231
679
490
951
191
113
0
634
986
303
357
134
499
809
899
613
107
700
298
154
857
199
721
752
314
243
515
443
226
740
423
915
265
979
526
776
599
182
308
320
816
775
971
615
535
743
102
56
848
96
8
117
603
561
385
596
735
456
876
853
395
631
310
830
862
21
868
453
937
544
624
352
407
185
933
426
473
555
444
155
695
168
26
760
585
710
419
1
849
449
4
830
455
474
72
51
328
195
370
839
543
75
845
41
380
883
368
888
7
523
483
64
348
696
949
848
233
571
372
3
814
779
461
3
694
403
131
234
896
794
277
987
260
117
531
88
867
194
564
285
277
852
159
42
251
760
10
203
689
902
338
119
12
638
388
633
384
622
707
631
481
169
451
26
486
357
200
268
754
91
242
541
743
387
537
665
494
403
79
569
809
705
365
60
94
871
572
300
315
154
894
19
7
372
253
367
29
410
43
358
208
235
5
324
708
930
873
580
526
690
790
841
147
921
585
898
163
87
367
966
669
838
811
3
778
500
681
635
882
778
992
4
571
269
948
684
861
204
395
675
385
982
15
236
13
274
525
295
595
33
689
609
103
32
955
102
663
586
213
885
478
110
33
959
25
536
827
219
808
852
554
243
34
701
671
273
492
760
3
315
853
264
911
133
934
738
79
239
100
85
418
618
438
10
829
618
702
4
434
209
780
644
943
903
262
428
850
498
795
127
375
285
551
493
785
673
418
363
424
775
266
466
737
679
766
956
645
264
852
499
706
373
3
46
102
361
605
567
432
720
359
531
493
84
910
851
451
119
253
719
191
452
531
781
147
757
105
366
163
873
187
688
715
246
356
897
18
750
144
921
128
939
595
287
103
146
363
604
684
929
73
848
232
483
482
171
824
663
12
152
145
907
387
115
102
58
600
227
456
224
855
188
317
289
323
635
161
231
760
272
682
583
216
182
415
289
71
13
164
976
771
607
304
143
453
898
931
622
214
192
16
762
33
64
736
854
323
70
490
148
1
213
428
509
914
162
551
24
504
366
320
82
989
175
872
529
812
128
530
3
12
61
280
898
588
376
840
5
590
296
805
997
150
924
863
820
818
170
15
325
719
771
652
439
21
678
123
294
108
501
454
429
113
292
288
255
893
11
630
629
746
648
200
458
2
415
873
836
105
365
111
177
819
953
305
965
556
321
560
750
238
206
559
287
701
342
838
272
383
910
311
409
109
990
144
996
709
465
140
324
273
45
0
889
237
673
262
558
490
545
290
786
54
871
757
925
129
747
354
55
514
50
5
275
831
915
86
61
545
844
129
338
575
749
302
179
926
281
404
468
870
61
2
355
546
571
831
33
836
434
997
265
698
521
74
680
668
630
240
644
258
370
852
651
499
241
753
685
122
791
337
738
577
60
368
193
11
962
562
176
826
785
535
872
280
319
951
102
810
403
161
536
704
992
305
368
990
724
561
880
655
697
412
730
525
169
43
467
84
819
206
370
693
527
133
182
19
515
997
610
163
103
118
3
10
138
489
209
475
381
359
358
672
720
943
45
672
847
831
67
728
242
961
872
692
5
931
740
489
9
876
354
821
164
111
633
441
704
872
16
338
144
220
451
985
126
351
736
95
349
822
350
361
755
471
267
380
784
708
367
698
785
163
149
827
982
551
781
309
411
357
419
378
505
21
272
645
545
156
70
4
640
893
8
493
757
359
66
708
852
29
449
669
918
773
91
249
555
498
71
175
915
144
250
132
4
869
838
735
574
385
411
714
419
385
732
886
83
999
879
437
614
876
715
46
500
777
689
270
907
110
915
660
384
115
444
19
218
821
174
164
280
279
138
877
64
143
661
35
795
35
183
965
252
932
669
936
480
921
48
241
984
374
302
516
647
21
922
333
688
449
520
344
455
535
935
968
3
141
963
976
19
736
355
197
235
91
400
322
989
744
101
134
675
845
737
523
410
776
666
714
366
285
191
128
558
194
782
0
746
394
809
988
106
164
245
754
59
269
635
468
130
996
247
232
738
319
69
377
183
381
506
108
573
195
441
950
3
210
815
581
230
451
418
845
987
176
323
73
725
79
754
962
617
56
186
33
364
615
43
501
318
981
89
833
759
71
948
655
285
398
20
606
762
437
272
192
969
112
559
867
127
884
74
501
570
403
523
71
4
904
572
903
748
995
196
616
256
805
795
302
835
160
430
582
783
717
419
226
16
22
203
12
832
833
844
107
653
542
6
771
278
333
515
349
28
832
898
170
511
985
112
725
1
760
363
311
184
474
14
869
985
501
32
701
93
162
483
843
683
822
840
21
3
367
149
44
427
51
993
555
0
770
350
898
394
567
28
145
669
8
702
275
143
896
353
266
172
101
427
505
346
244
753
152
732
348
804
600
98
344
7
445
337
353
260
663
576
182
887
413
255
644
592
652
536
756
605
381
969
389
654
204
754
670
424
929
240
4
504
205
668
999
866
552
46
382
129
118
595
799
899
558
979
368
175
865
819
481
761
366
155
725
377
885
794
629
976
238
440
34
133
298
156
998
802
302
0
551
125
278
81
732
463
949
20
357
830
981
205
118
779
485
335
767
128
524
922
943
698
871
471
676
271
151
86
811
233
649
970
16
965
504
807
23
974
426
221
920
760
288
52
215
146
992
155
586
138
861
965
300
489
52
297
865
228
552
700
215
279
0
798
334
241
899
758
55
627
250
135
335
168
15
905
99
389
19
960
72
67
282
133
347
350
895
48
903
827
794
829
862
840
781
50
925
792
214
4
999
716
908
147
22
171
71
288
458
9
37
983
330
0
637
243
548
141
221
510
7
851
64
610
707
928
102
81
894
413
591
628
962
84
647
742
933
686
905
891
740
969
620
908
378
620
364
144
867
875
503
423
203
241
822
38
585
439
286
239
319
622
943
166
28
532
217
360
278
160
553
177
562
84
338
460
410
45
188
15
937
707
46
415
495
238
9
669
65
172
548
809
5
997
305
782
628
429
76
518
488
683
152
303
824
781
571
641
14
99
361
724
