442
544
943
85
476
48
47
934
153
12
304
330
984
159
192
549
421
540
242
20
899
61
541
300
661
782
218
444
104
537
458
11
753
559
689
335
15
739
169
571
166
435
581
974
40
10
132
978
551
759
718
722
945
477
70
964
602
30
243
320
739
748
18
323
604
193
262
265
895
4
19
405
603
721
914
434
232
297
722
45
733
538
516
439
805
453
9
399
869
391
31
825
865
12
916
4
5
840
520
366
322
196
422
3
874
750
95
208
826
351
671
44
0
961
640
211
301
348
282
12
19
271
883
652
327
291
360
2
203
987
541
4
442
926
48
492
535
214
852
456
3
372
118
74
156
809
30
125
856
896
920
60
14
584
719
15
91
339
14
690
144
743
616
998
69
950
611
889
60
64
658
813
865
4
389
611
356
130
4
32
362
757
917
820
237
953
283
574
522
4
0
495
371
821
484
815
520
127
666
0
848
89
657
134
15
444
863
539
109
246
334
403
316
598
387
868
85
191
213
965
486
795
121
771
77
91
417
541
677
405
263
913
187
145
800
479
470
987
807
994
707
911
33
282
36
683
924
26
513
890
5
87
958
64
851
570
55
7
567
586
65
396
332
803
447
989
73
376
267
243
192
10
86
289
77
73
4
100
923
34
193
14
721
828
53
304
827
269
733
193
542
395
339
594
806
294
693
343
812
368
4
575
501
150
224
972
974
743
788
780
1
202
683
512
139
450
702
66
141
980
736
974
71
807
462
92
210
337
475
476
359
810
67
588
102
39
611
148
783
15
610
793
418
129
8
722
236
829
473
96
771
275
5
984
4
5
474
778
9
908
435
99
734
324
151
354
359
15
606
576
276
385
557
543
657
922
112
5
53
3
990
446
130
814
625
407
689
902
629
0
903
0
515
103
12
4
19
118
3
210
756
4
562
252
950
893
102
478
0
48
26
45
5
631
657
37
22
362
976
571
55
534
320
703
2
439
667
33
606
584
233
311
14
115
1
465
15
66
138
79
217
619
201
713
3
878
291
196
956
584
772
33
733
511
402
765
429
61
360
884
986
746
240
235
431
541
66
3
514
306
59
406
899
229
354
212
217
124
848
531
689
453
26
114
375
3
480
798
254
19
398
82
688
584
76
663
671
4
134
41
843
284
752
677
832
127
4
665
783
47
59
965
782
22
719
310
975
21
209
55
68
478
609
371
801
1
40
251
884
233
693
8
956
326
35
9
239
459
344
265
130
0
4
416
844
329
783
839
63
528
4
22
14
471
544
127
28
450
77
118
497
151
4
610
813
10
631
274
81
49
333
199
154
347
187
468
0
989
677
0
241
724
334
8
19
69
26
4
914
925
544
31
51
966
890
366
419
562
543
420
20
180
665
784
3
32
704
551
318
136
636
378
713
498
20
44
711
0
271
999
810
204
526
591
905
912
899
319
447
32
339
72
25
253
910
580
132
594
474
597
1
3
13
276
951
926
885
649
408
787
439
951
370
691
500
683
520
395
265
240
74
215
0
546
103
870
832
900
174
19
1
827
553
32
64
447
151
97
595
981
409
352
528
818
1
825
404
821
597
651
962
165
862
2
73
480
52
292
430
533
174
956
394
643
5
4
728
20
354
459
804
924
859
308
10
385
226
283
295
0
83
976
5
664
635
482
472
99
543
71
762
767
611
55
277
636
221
33
699
442
144
896
448
45
113
817
117
21
207
248
0
277
149
31
670
332
758
924
14
170
293
833
123
506
679
522
24
345
246
853
224
419
690
635
999
415
300
7
341
15
636
892
5
730
33
946
372
420
296
585
801
721
619
349
118
704
11
153
383
34
83
791
138
278
144
100
651
93
136
740
219
383
12
181
101
415
39
939
4
990
4
847
348
711
564
530
364
142
639
796
267
640
864
777
793
147
856
35
728
407
62
771
153
1
713
974
786
14
519
172
528
110
43
289
21
985
449
724
6
635
151
784
202
802
516
94
4
180
706
914
555
334
50
668
61
715
668
417
850
501
964
722
166
625
4
842
509
329
359
54
417
292
427
21
722
206
892
4
747
12
5
26
692
297
446
301
340
808
882
586
4
579
118
204
250
257
821
500
15
217
429
4
830
680
174
632
776
467
370
339
113
954
61
259
721
14
788
548
645
94
236
381
256
573
806
26
3
520
365
376
152
952
856
515
955
859
12
0
91
785
4
45
893
0
7
537
773
437
11
327
585
655
526
532
606
19
792
755
437
837
786
374
0
64
61
692
32
320
905
411
27
135
870
318
906
222
966
432
387
524
204
269
685
303
207
5
640
396
65
149
464
132
981
901
616
541
293
648
261
309
782
788
49
603
954
534
314
910
634
607
921
5
975
811
539
221
495
13
131
33
818
277
840
684
3
262
76
432
699
220
135
156
447
744
50
144
245
64
4
97
3
219
478
147
245
748
270
469
691
10
255
7
677
29
7
142
221
11
590
627
233
1
987
912
946
391
618
301
662
329
3
797
328
404
51
143
43
95
934
8
5
1
398
537
118
61
33
391
580
544
643
108
825
110
210
385
4
704
985
521
63
25
32
305
568
509
732
244
199
449
620
4
515
199
920
130
84
754
140
565
106
541
205
446
863
14
503
118
458
852
788
173
9
967
83
3
71
14
987
166
73
4
614
745
582
977
335
821
428
55
0
907
14
865
61
103
298
268
473
934
70
545
781
322
698
668
4
276
15
216
265
91
153
247
787
243
32
563
452
930
432
356
21
30
807
450
355
164
336
3
428
607
526
102
951
502
702
625
344
784
941
27
735
952
9
178
19
819
150
57
645
984
333
619
919
205
611
618
12
158
683
508
888
307
532
34
45
5
785
167
708
646
575
145
127
425
595
779
555
586
192
615
2
959
911
102
719
756
905
7
857
858
173
406
65
384
1
708
161
346
98
1
21
783
456
568
623
191
514
476
177
206
532
258
520
800
686
486
270
612
658
362
14
601
603
2
743
396
3
387
979
627
908
247
558
424
887
572
20
5
24
517
11
230
349
3
882
84
7
125
941
848
133
473
781
82
756
941
853
500
408
235
427
487
573
931
156
80
3
700
845
515
631
7
64
570
129
832
432
200
771
678
954
661
916
51
849
426
62
187
988
191
30
842
281
979
136
260
843
33
304
605
141
371
67
739
894
225
966
992
884
72
19
3
550
36
503
370
91
945
45
460
629
168
6
171
781
104
738
960
84
977
356
39
745
441
671
669
27
315
65
264
369
794
760
157
70
582
33
61
509
449
790
237
367
319
886
654
179
896
842
352
704
177
237
65
619
821
466
440
816
565
688
414
33
20
672
265
817
213
14
54
408
142
18
7
858
704
84
565
588
545
437
910
431
9
37
574
557
84
950
462
133
153
112
361
776
545
46
33
662
519
362
323
3
69
203
12
173
32
367
495
853
284
558
134
807
21
171
312
3
796
879
329
2
4
200
33
120
229
819
79
367
418
966
382
14
812
437
258
364
56
534
251
16
67
288
118
432
439
792
832
647
359
866
520
404
560
65
646
736
172
295
841
198
478
273
91
550
45
504
880
582
349
3
824
4
916
49
997
983
878
109
227
831
726
521
176
367
859
754
101
78
244
860
172
800
820
893
735
569
45
829
623
51
422
886
816
723
165
854
2
679
116
438
120
186
564
114
299
955
93
320
993
200
190
711
182
131
57
84
485
2
816
135
529
0
268
827
643
967
695
486
65
902
996
753
84
190
130
600
859
814
808
33
374
356
805
8
311
756
902
876
161
615
673
828
962
955
21
915
234
877
82
11
864
459
412
403
177
189
101
587
994
769
886
587
87
889
770
542
376
643
838
746
817
535
101
842
4
13
773
186
421
740
938
630
240
798
3
328
37
127
384
147
46
141
620
720
397
484
303
125
542
589
260
630
64
141
990
647
7
0
5
10
892
467
10
26
337
922
849
209
968
149
668
39
650
751
4
607
771
374
12
260
2
4
482
662
493
367
678
492
5
92
8
2
888
944
84
388
343
598
46
929
218
2
164
125
318
108
0
996
192
317
204
837
215
14
293
452
471
481
250
296
86
338
305
479
948
170
45
73
336
64
822
126
203
33
925
777
10
1
662
762
738
575
919
556
684
2
330
76
3
821
455
250
739
71
758
579
66
63
242
233
135
275
659
21
673
496
908
71
877
614
300
641
546
540
172
10
15
5
535
556
49
363
479
640
650
478
353
571
765
365
21
866
985
433
726
23
421
145
65
73
610
727
290
961
268
975
4
195
796
861
106
4
957
891
323
641
268
786
614
74
4
243
488
375
910
940
476
261
21
663
613
614
345
474
687
147
661
788
284
470
48
553
299
504
626
204
131
11
785
5
2
101
968
838
533
149
878
726
793
547
166
777
5
498
4
276
363
844
936
520
159
8
492
14
434
115
15
23
159
74
542
632
601
529
982
45
22
920
37
84
756
33
986
95
315
910
925
201
273
765
487
141
736
937
302
578
583
549
73
898
771
971
22
149
828
625
810
257
98
19
515
340
644
40
486
335
338
423
993
304
846
811
336
925
7
116
911
283
123
848
32
259
89
723
3
878
147
425
600
69
458
309
971
638
962
19
890
186
366
168
598
650
289
650
453
795
886
13
395
746
243
924
369
187
485
874
33
565
748
32
315
449
240
25
865
822
682
60
365
537
64
529
864
90
22
2
744
398
964
795
240
312
490
527
21
5
899
19
884
449
323
893
630
282
4
541
487
307
49
248
944
560
427
995
869
74
748
76
448
192
418
26
437
832
722
751
615
65
1
179
796
4
933
487
915
244
291
864
601
520
862
258
957
418
24
640
226
4
489
495
318
655
359
549
65
275
306
90
844
58
116
519
594
879
204
305
353
902
377
137
685
933
1
416
500
128
235
755
750
979
456
417
167
256
64
93
946
694
33
534
779
615
265
378
635
40
664
394
253
4
79
110
2
518
783
759
332
372
961
1
352
788
642
0
2
662
292
3
318
9
873
342
928
871
542
369
955
867
265
370
674
478
636
282
504
820
63
831
814
527
558
687
476
766
100
779
550
496
916
2
299
32
959
267
4
730
997
349
773
762
340
737
148
987
210
376
45
197
68
243
576
73
961
885
250
333
139
599
513
166
384
565
267
926
84
672
161
420
282
803
709
1
541
17
512
769
338
804
878
642
118
362
386
299
23
680
852
740
453
167
243
104
496
773
100
407
90
349
96
246
174
737
4
889
370
129
517
769
77
807
61
881
181
98
55
819
839
355
3
200
82
12
986
431
26
168
114
140
773
992
644
879
272
424
48
278
476
309
130
214
713
608
856
27
377
1
300
960
1
3
166
850
371
299
627
335
293
4
357
394
90
289
379
437
740
782
926
105
324
103
267
483
884
0
769
773
408
145
382
676
540
836
293
456
374
160
332
74
594
54
84
299
844
476
437
265
832
517
995
1
137
555
166
136
104
13
115
74
135
888
525
119
262
234
180
902
271
309
376
843
726
996
107
22
318
277
551
725
517
795
331
69
454
399
203
677
912
196
881
406
687
51
200
151
989
161
99
569
877
939
97
501
356
816
63
366
780
664
16
30
166
351
195
352
661
884
915
561
974
490
0
887
11
557
162
937
249
511
801
854
131
755
695
279
852
515
627
32
284
937
826
760
12
69
475
741
943
47
454
0
287
847
182
893
73
719
653
75
746
288
566
757
136
453
539
415
344
198
808
342
232
989
382
402
63
270
848
586
334
99
384
193
137
64
226
577
66
512
117
746
809
871
11
12
164
33
221
0
88
33
315
983
332
858
665
51
745
8
417
155
91
780
330
3
973
7
911
261
899
0
219
753
768
406
2
128
705
955
630
356
41
303
937
937
774
380
286
381
41
14
416
440
949
192
484
293
760
339
11
270
188
772
1
375
265
47
101
489
576
831
632
21
734
631
100
475
101
154
731
404
768
273
403
80
288
245
20
249
438
326
46
165
544
630
630
538
136
840
893
178
337
688
760
204
927
73
925
477
334
3
7
0
14
133
338
370
186
832
8
221
418
532
566
19
888
65
334
15
200
33
924
24
426
114
343
708
33
910
253
134
5
879
588
0
583
122
158
755
957
466
16
239
147
328
933
55
669
925
225
26
210
31
205
911
15
789
864
525
384
903
861
355
4
164
504
434
384
508
726
121
846
261
1
33
686
167
151
959
680
156
921
476
647
249
439
130
276
823
930
7
149
243
138
286
171
138
549
132
26
813
45
482
2
879
357
478
433
700
15
949
958
375
495
0
39
992
653
630
76
639
471
8
307
3
162
55
14
199
106
952
223
10
415
344
948
285
418
900
473
3
47
699
186
194
690
861
359
515
154
4
20
904
71
292
300
304
540
82
880
5
45
433
203
29
495
760
4
249
948
814
838
521
527
269
300
370
477
3
164
244
11
357
499
607
165
5
900
205
720
951
359
367
795
63
895
646
69
3
86
805
57
649
701
4
520
16
248
63
869
12
432
943
43
53
524
579
475
3
218
821
814
474
700
381
267
5
398
523
621
270
33
951
456
615
176
113
130
13
104
25
214
880
291
21
46
164
764
900
795
740
340
14
4
2
576
159
20
8
605
500
852
297
560
610
281
853
970
296
767
308
947
761
25
154
15
945
458
22
5
59
570
168
548
835
951
976
217
232
879
33
982
426
806
242
219
18
580
54
85
453
773
662
334
106
63
32
140
112
698
199
725
883
315
222
186
374
61
891
15
9
175
440
915
219
166
32
554
547
258
414
525
815
214
556
753
78
972
493
660
426
284
117
0
373
4
665
763
207
564
265
262
267
781
246
658
654
5
15
886
553
679
411
9
4
238
314
570
99
829
3
503
566
759
517
768
385
586
151
5
275
882
889
110
19
45
530
582
189
615
212
19
903
661
318
636
551
350
660
293
451
613
876
64
7
270
66
33
257
435
318
283
10
788
880
854
90
99
554
95
504
857
393
45
190
160
108
379
579
660
371
453
20
369
879
883
810
103
955
848
45
241
756
278
771
576
978
707
555
748
109
232
970
63
21
768
550
3
663
24
532
153
133
454
899
4
749
720
970
343
267
594
55
38
447
873
749
102
178
981
912
513
16
3
849
107
969
662
991
716
496
197
907
316
161
295
868
60
585
637
884
4
593
3
457
750
154
15
4
0
464
664
551
591
0
705
850
223
808
625
324
178
363
270
636
629
572
123
0
351
481
91
69
918
423
242
10
404
341
3
882
0
618
396
278
320
5
55
470
357
201
30
767
783
14
140
956
163
427
365
751
118
120
61
183
336
393
311
759
3
931
285
390
1
45
312
328
709
443
545
47
21
8
327
70
550
651
403
780
0
22
3
501
197
596
680
78
384
45
74
803
63
777
466
419
955
2
0
486
216
887
471
252
897
38
4
173
396
830
652
78
741
823
676
500
15
27
215
305
304
142
908
492
4
102
131
2
21
941
517
656
150
2
948
813
820
805
607
175
761
808
445
188
379
448
127
33
439
2
64
399
547
421
107
112
749
925
561
252
242
102
67
950
599
151
515
737
439
328
814
78
302
211
32
205
795
729
874
643
66
721
896
50
477
226
125
45
311
688
871
870
795
603
323
752
890
217
5
73
2
392
90
12
232
468
711
423
251
317
454
1
211
790
444
26
275
482
100
607
386
956
844
315
720
208
842
562
307
876
193
371
942
45
689
960
626
453
904
82
0
560
455
319
0
75
415
827
26
267
387
161
314
92
775
929
553
487
548
707
15
304
907
966
186
577
578
455
228
472
680
475
37
32
280
505
918
28
258
843
484
0
715
470
242
790
483
272
211
45
7
718
719
873
106
38
828
126
387
541
51
81
56
986
541
263
29
750
340
38
662
707
479
166
341
540
280
916
285
740
570
388
648
509
152
399
789
35
595
84
924
178
1
5
665
879
196
225
947
382
251
201
320
420
153
509
955
492
620
308
401
711
296
519
165
3
247
745
829
4
496
666
842
137
562
110
63
3
286
112
20
341
597
14
2
1
747
101
758
473
559
8
874
487
312
4
0
25
994
291
607
337
596
415
933
851
607
45
13
533
772
12
297
285
4
843
897
30
24
586
165
603
32
737
71
3
722
842
844
377
404
167
855
122
982
61
3
0
653
652
510
4
392
643
4
745
453
64
203
193
575
499
63
492
165
434
786
704
3
653
965
350
394
72
411
696
575
3
82
522
33
96
115
109
665
551
178
404
274
692
589
111
18
295
0
853
105
967
311
100
328
452
22
787
637
389
849
106
122
569
896
674
841
103
629
435
675
751
978
696
165
448
296
153
188
492
283
73
740
285
132
376
0
620
502
764
158
872
715
447
870
3
691
706
367
16
908
6
212
298
214
855
123
366
798
921
380
528
539
22
677
291
268
536
132
708
387
720
448
18
404
5
149
335
495
71
202
679
516
651
787
811
34
311
317
185
791
523
416
57
651
262
457
406
620
193
328
4
930
529
404
630
625
329
20
320
41
919
221
479
871
680
141
475
719
710
665
83
231
517
351
647
478
710
840
498
193
596
975
7
793
682
145
742
478
589
454
69
294
29
61
45
749
427
15
56
82
342
134
51
917
781
160
16
94
896
3
786
420
453
484
203
489
370
494
458
795
532
112
193
733
746
680
855
33
360
166
292
121
0
920
448
379
654
55
826
779
283
798
639
551
289
452
26
883
0
978
2
924
869
27
576
5
360
804
82
787
559
651
863
677
306
503
9
440
510
769
532
188
414
148
3
551
168
603
185
8
271
152
757
526
353
63
20
877
891
297
319
397
920
835
615
21
993
240
821
271
346
68
100
415
655
199
275
3
730
4
783
59
394
680
901
913
92
503
945
89
973
282
983
14
203
349
20
710
821
106
184
240
894
882
612
509
904
785
384
789
547
551
950
209
933
238
140
186
879
429
324
443
305
406
349
22
943
518
729
112
935
438
799
286
345
33
493
0
73
543
69
87
635
179
591
82
572
516
524
323
840
127
657
181
128
10
606
254
251
103
8
3
469
289
950
380
809
55
106
455
146
963
335
106
872
172
694
913
12
394
891
138
362
739
241
897
783
310
579
761
228
728
264
170
194
1
662
717
78
270
338
272
681
806
654
238
877
18
481
207
234
341
14
303
1
595
412
518
347
486
999
766
523
81
221
306
103
453
567
224
704
261
566
295
895
505
453
538
113
102
272
296
460
380
428
154
610
931
94
912
397
948
79
780
379
12
777
120
482
534
895
659
348
831
148
242
327
217
25
888
495
972
598
10
461
741
885
813
436
776
497
11
448
344
24
869
106
608
60
881
380
676
699
255
848
161
262
775
514
409
169
554
873
808
729
912
40
38
618
381
318
595
992
278
32
404
260
322
162
469
541
809
474
864
180
774
489
183
511
871
601
518
127
506
519
857
660
119
696
261
60
508
471
33
525
91
971
217
257
551
872
356
126
1
927
243
608
98
293
159
146
430
541
824
845
708
5
259
293
412
890
388
403
300
83
165
467
993
193
577
608
721
428
377
824
708
250
135
862
418
233
4
368
722
761
118
300
704
867
168
76
872
137
992
110
93
112
426
573
988
9
67
795
2
180
191
786
27
954
465
976
260
866
722
766
200
195
529
78
207
620
513
944
374
1
3
682
11
658
3
677
714
179
495
583
75
15
26
436
932
118
93
266
484
75
992
210
467
452
157
796
424
241
378
280
881
365
59
1
933
188
242
549
169
15
1
701
8
844
694
169
277
485
691
905
555
737
805
338
916
328
725
803
499
648
576
58
93
639
803
116
560
366
319
950
105
676
864
445
840
136
784
265
327
262
51
651
882
86
728
831
835
481
290
328
312
194
449
385
293
410
133
420
8
653
130
165
92
30
303
774
656
913
654
533
956
4
659
913
815
27
461
925
80
937
307
173
13
245
800
175
129
582
683
981
88
551
417
654
98
230
5
310
215
303
80
9
732
224
4
16
419
714
246
527
784
222
727
48
605
71
213
3
57
85
328
175
491
573
641
483
173
39
747
192
940
467
567
912
78
84
141
676
670
416
868
382
70
62
543
562
667
339
116
824
541
347
238
14
704
802
463
269
122
920
913
868
779
642
249
744
795
248
14
516
61
672
805
280
933
624
250
42
278
739
595
975
200
491
609
198
50
944
247
442
530
108
183
607
693
377
999
648
635
770
600
517
622
818
699
628
262
386
382
774
169
225
717
140
696
773
401
641
562
893
3
575
204
886
471
486
793
299
393
1
64
597
683
884
196
789
553
417
250
832
988
73
223
879
309
139
724
121
697
367
122
488
62
144
55
0
814
821
870
348
354
719
631
569
555
34
235
290
647
217
477
486
924
687
372
511
821
194
678
375
670
989
50
346
472
763
656
483
709
914
577
393
391
822
254
701
448
4
321
157
11
936
992
625
439
122
402
837
612
247
577
68
401
464
631
65
778
855
833
189
746
477
386
162
69
188
31
216
961
612
126
286
432
561
246
603
611
543
3
19
22
580
713
932
199
270
0
649
562
977
795
228
440
284
440
45
395
933
808
939
185
23
26
365
11
286
873
392
982
632
400
308
981
85
280
131
904
121
653
381
45
33
457
107
721
816
13
760
660
11
807
645
525
522
740
484
964
850
9
338
385
166
19
296
652
211
344
194
844
416
370
135
996
577
392
575
636
872
225
139
71
743
703
826
845
566
599
6
656
243
960
193
740
996
503
562
81
672
76
21
33
64
947
606
84
774
592
413
809
653
589
206
973
319
328
353
423
630
795
414
839
919
654
966
387
463
797
300
758
624
12
166
725
895
424
76
299
3
192
675
2
103
185
59
22
64
601
963
545
901
86
618
67
393
38
280
387
110
24
154
212
642
720
927
509
112
568
925
622
306
568
382
138
890
29
86
635
330
65
177
43
435
575
227
835
33
856
218
108
300
66
375
803
952
99
20
401
160
387
869
269
383
255
359
73
655
364
378
395
404
175
884
266
491
855
898
41
366
154
364
354
902
862
1
801
178
426
487
860
765
151
30
208
179
250
432
743
319
328
384
31
690
957
593
438
45
815
4
7
816
510
285
398
747
181
662
34
49
395
757
935
37
663
898
978
594
226
198
964
51
350
832
575
735
66
424
202
162
801
3
71
717
317
133
77
73
91
951
25
496
68
744
888
317
814
125
328
23
510
631
480
26
424
970
140
250
737
199
146
4
8
678
239
621
70
658
915
795
36
589
119
26
835
348
645
8
572
388
30
29
510
318
3
867
32
916
99
885
969
229
452
559
45
176
442
972
403
714
517
38
11
228
7
495
710
593
688
765
366
642
770
576
790
163
635
861
72
658
670
248
724
355
855
765
588
233
33
246
578
521
451
919
937
475
362
346
165
168
200
45
277
601
527
410
71
176
11
801
45
505
70
469
845
583
972
25
298
513
726
339
548
774
669
434
314
569
555
65
960
909
203
785
408
306
302
80
721
704
613
443
57
446
124
339
177
740
110
175
73
513
30
146
840
196
681
164
271
185
636
859
743
346
333
579
200
76
811
183
996
991
444
864
561
688
377
533
173
783
137
490
929
504
917
872
796
24
179
151
580
9
0
402
600
99
263
361
132
167
627
135
188
247
807
124
398
313
82
605
949
859
535
471
449
667
763
961
500
398
943
609
931
6
196
593
779
416
4
734
89
460
33
78
934
253
575
777
921
290
753
100
324
778
211
206
535
745
8
19
621
365
993
90
7
103
205
122
988
19
936
791
748
774
65
926
168
648
288
536
434
655
848
298
785
648
275
891
224
717
946
118
465
150
474
287
36
474
349
88
578
732
520
717
791
528
6
499
179
33
613
555
68
446
619
720
3
0
93
614
51
152
878
915
206
628
848
51
109
815
974
433
761
653
577
748
152
437
945
783
368
785
315
622
462
183
822
480
462
841
993
449
324
67
246
567
742
549
409
62
9
10
945
225
880
466
750
321
973
16
611
557
881
770
340
541
146
356
401
235
676
762
729
285
900
41
165
551
357
823
787
675
238
527
823
490
495
767
75
46
716
84
180
298
846
218
836
180
499
882
354
387
193
486
153
59
842
490
899
594
586
627
751
342
278
285
981
200
150
149
842
498
522
22
919
604
16
188
548
886
698
322
928
143
835
26
513
673
19
431
507
481
15
980
551
21
138
493
856
407
19
320
33
680
244
607
328
710
894
3
574
519
214
591
821
793
771
23
16
207
9
245
115
542
946
2
887
340
347
897
834
547
468
967
876
874
859
88
476
664
912
727
368
891
935
42
259
861
970
918
371
23
854
113
192
876
670
480
599
1
475
974
403
804
493
14
428
65
913
566
200
449
773
654
521
602
579
232
358
45
493
450
627
98
242
234
994
401
444
713
870
952
295
766
37
541
780
415
274
200
277
225
278
681
724
780
24
100
326
590
218
849
16
395
40
679
726
492
27
146
391
330
125
883
567
946
742
431
667
965
26
2
737
132
152
360
20
758
420
711
790
26
499
662
12
626
288
858
320
535
305
244
138
163
248
628
967
949
407
343
231
39
933
755
361
401
251
261
96
751
255
421
5
525
856
337
814
170
448
461
488
802
843
80
794
184
105
347
826
878
9
133
995
91
833
712
22
688
300
55
12
826
13
971
156
539
68
104
986
851
772
610
60
767
953
0
107
742
45
730
367
94
119
293
518
890
973
113
452
220
888
570
965
902
408
846
364
528
744
807
109
965
799
644
376
274
819
211
69
854
240
374
130
67
550
821
417
64
827
374
532
92
477
631
70
693
596
120
426
104
752
2
12
535
237
506
66
653
419
625
104
341
101
3
14
240
546
561
183
937
996
742
238
483
44
533
346
388
831
3
62
287
562
157
939
904
313
498
270
393
932
113
22
234
772
34
466
221
83
462
116
798
835
812
216
474
718
819
723
916
724
639
490
485
206
815
792
33
123
313
242
236
747
493
168
426
514
367
829
482
249
595
790
263
299
385
141
691
616
394
596
944
896
165
320
273
340
58
950
508
438
818
259
879
8
508
887
298
499
862
386
472
465
255
104
196
97
975
903
855
970
637
63
59
269
739
895
663
894
509
725
783
276
225
999
987
890
300
73
180
108
258
230
825
6
993
507
246
459
369
778
833
49
724
393
961
753
303
0
652
441
684
1
514
72
986
156
64
931
806
328
272
515
758
583
802
907
139
530
128
63
318
491
805
104
195
487
498
595
549
721
795
714
975
775
282
960
405
746
892
976
501
133
457
642
962
804
18
106
368
225
19
407
982
463
927
922
108
624
277
877
720
567
746
736
572
491
554
615
670
651
460
667
790
823
110
231
64
649
117
693
327
464
96
753
102
439
512
76
3
171
5
0
63
2
690
754
188
615
472
108
442
510
326
145
56
806
753
847
41
150
584
508
209
571
646
234
739
960
380
392
379
522
721
133
683
3
143
324
903
48
659
417
107
809
151
814
81
641
61
430
607
778
96
645
420
639
748
40
530
963
560
73
980
870
533
364
418
109
728
931
945
368
58
468
83
711
42
927
506
197
128
662
865
730
73
323
363
916
233
596
998
10
294
852
60
764
336
572
5
338
720
836
356
216
410
46
744
933
570
521
976
142
969
984
871
109
95
994
71
839
657
712
972
240
516
208
753
329
376
861
62
572
373
635
650
25
200
7
452
600
962
22
34
671
95
927
746
878
702
576
608
567
393
316
420
588
874
276
234
670
150
259
854
738
960
487
48
376
472
325
581
118
876
326
151
367
974
237
424
216
149
329
827
140
573
655
686
889
368
156
173
487
163
866
76
486
286
417
269
160
812
78
360
748
186
603
170
150
13
20
756
716
831
571
4
630
646
281
36
862
756
477
468
322
293
395
901
113
779
15
794
34
82
104
473
289
191
684
758
793
576
331
836
119
603
790
245
665
395
987
709
590
22
724
809
87
512
1
657
209
791
510
32
396
950
478
976
892
136
62
124
979
802
340
912
640
346
668
508
815
970
387
123
875
0
195
663
462
183
103
568
834
19
174
4
785
244
912
555
934
347
587
858
775
874
325
783
440
327
557
245
959
18
281
113
987
164
155
180
29
698
32
250
318
243
694
252
674
74
777
64
406
788
876
519
866
417
437
645
708
4
814
487
466
127
190
946
505
78
739
850
183
261
190
884
857
685
868
911
492
74
188
4
0
528
201
830
465
382
935
922
548
891
24
104
80
776
989
805
428
880
551
944
11
4
82
917
532
626
954
167
599
40
367
336
32
289
344
754
22
528
595
230
713
192
145
203
173
198
652
335
2
198
279
382
545
601
155
270
873
872
576
136
361
235
132
286
566
226
564
359
266
251
661
222
132
302
992
35
191
30
479
279
86
901
19
180
605
20
338
111
953
910
549
199
951
818
764
317
74
177
767
52
579
162
995
928
206
445
774
62
179
98
65
616
398
546
939
589
297
684
169
111
968
721
182
63
821
378
390
299
225
458
29
464
888
880
52
588
719
689
960
536
795
903
385
143
741
158
389
189
422
649
197
970
301
426
904
531
840
966
946
879
161
403
74
33
752
494
149
735
850
652
418
46
738
968
812
712
479
166
286
325
192
221
954
317
180
460
74
587
463
122
118
336
312
708
840
334
61
200
238
985
169
122
605
411
792
816
701
784
571
253
921
928
200
665
312
236
585
686
618
575
816
39
258
260
68
138
93
704
492
208
284
749
318
874
180
400
44
84
375
229
850
410
57
635
170
483
81
204
625
580
173
587
306
346
436
483
122
153
554
91
389
662
325
386
177
37
100
488
212
881
801
15
952
514
936
13
292
870
492
759
204
529
411
20
288
704
622
633
592
992
245
830
494
778
436
999
92
689
596
818
672
273
190
18
595
796
616
251
1
181
571
885
3
734
99
910
823
41
883
572
282
359
487
549
569
64
475
39
147
390
404
568
432
15
359
247
239
105
68
19
761
495
844
262
623
958
4
686
116
26
386
504
11
161
215
295
568
310
377
267
553
250
354
967
227
482
582
53
548
304
494
552
874
594
202
453
484
604
732
333
457
78
605
385
19
827
563
18
41
281
380
679
605
121
624
494
268
631
906
43
85
398
438
71
219
678
471
495
536
79
471
288
951
250
13
260
784
821
222
119
11
350
614
732
784
878
794
551
121
669
759
224
72
859
792
619
477
271
998
107
167
393
942
271
151
797
959
720
196
904
870
539
704
648
241
103
116
514
951
98
947
287
497
451
101
521
132
622
435
330
884
240
780
747
672
370
528
298
480
965
102
491
632
503
239
925
804
226
845
591
423
348
365
434
505
583
238
807
300
884
637
818
3
929
459
938
201
716
817
5
153
54
941
252
330
889
897
35
557
881
810
358
570
597
262
858
85
565
560
98
538
231
123
240
486
69
948
797
362
45
322
771
112
777
879
129
756
213
445
165
795
506
614
281
811
550
585
982
227
655
946
102
760
521
30
514
49
900
669
673
351
592
507
743
858
27
277
341
11
699
88
218
731
483
536
128
530
21
847
109
380
550
14
272
407
583
3
20
583
393
933
141
534
23
374
434
856
759
700
474
806
33
629
57
91
342
17
66
698
817
912
8
897
659
510
758
464
358
377
450
501
739
358
300
20
202
26
301
611
682
861
642
332
924
831
377
889
382
693
13
830
344
999
528
195
420
197
748
77
595
696
103
20
306
372
581
65
497
943
578
987
740
808
619
772
302
350
383
519
165
26
936
26
68
155
767
546
684
354
750
920
340
433
938
235
968
510
63
650
919
218
50
846
842
384
728
220
484
333
183
115
55
769
65
923
466
16
974
877
518
695
797
19
356
242
271
423
230
312
605
641
192
935
330
340
616
695
10
715
514
289
657
444
205
798
110
518
291
383
603
121
840
925
628
556
959
65
460
518
112
980
670
213
94
64
295
458
923
905
921
766
69
688
575
985
812
122
638
787
894
56
56
318
571
607
142
113
32
720
504
65
220
215
746
835
852
696
824
192
571
321
517
704
74
385
105
703
874
51
600
699
142
340
739
714
239
75
249
767
766
771
898
467
112
436
318
316
292
317
23
492
599
456
372
13
141
743
981
494
101
121
566
357
569
860
657
541
947
649
335
803
230
760
248
486
79
659
26
347
615
742
376
94
543
754
740
512
273
937
37
833
69
157
722
821
26
19
690
970
909
506
64
393
702
698
836
752
773
1
935
388
652
433
308
179
26
271
93
708
694
601
462
923
83
741
990
756
956
222
0
89
26
879
894
649
753
800
732
760
771
227
313
16
452
391
925
231
91
389
561
296
869
501
241
760
505
977
103
807
813
149
59
834
446
607
482
886
285
130
161
648
130
448
176
134
52
647
907
320
343
479
880
400
839
325
38
13
850
638
727
852
403
621
771
971
857
865
262
676
730
830
863
453
679
245
406
924
121
851
952
655
58
908
201
48
456
558
891
148
446
259
996
112
918
167
799
469
128
968
591
64
11
911
739
44
361
84
249
845
772
595
769
574
399
797
248
355
433
238
325
48
123
298
658
669
70
19
159
267
928
166
92
279
102
194
492
618
647
625
481
492
88
753
19
129
11
490
887
376
140
87
955
461
430
143
588
83
10
138
579
3
412
67
706
260
258
748
851
847
51
634
397
451
221
912
730
434
951
636
414
229
222
213
572
940
258
976
976
67
184
526
745
20
221
161
431
141
442
382
610
644
585
411
759
776
164
452
115
893
575
784
488
143
99
206
971
774
482
924
128
827
338
130
336
440
375
370
65
868
132
552
144
605
293
735
392
596
932
61
99
296
122
516
524
482
464
379
66
305
47
916
995
980
86
439
989
358
951
878
974
642
808
351
183
377
94
402
420
173
725
808
917
201
637
362
228
515
161
279
714
628
262
322
313
828
319
959
41
932
937
697
837
54
855
835
979
204
211
204
464
30
855
85
432
913
491
235
303
428
793
505
978
140
841
897
630
632
982
199
187
238
405
700
410
295
219
82
582
455
946
170
341
643
630
747
78
265
506
749
122
505
723
684
193
95
738
794
456
669
920
754
96
581
660
253
649
580
720
696
630
18
727
646
737
91
364
954
58
244
818
793
373
997
957
149
894
63
457
383
894
281
449
201
673
857
509
110
322
57
374
243
251
271
820
824
978
59
259
400
494
200
22
265
975
947
562
19
94
895
476
529
204
186
488
430
122
97
977
279
674
638
820
707
658
350
627
781
555
133
143
641
415
936
820
405
563
488
280
147
351
403
232
852
241
173
195
546
998
228
295
168
444
836
163
661
909
8
489
690
200
649
163
266
148
421
791
555
282
987
415
687
989
236
69
792
203
710
425
967
583
589
42
353
96
149
378
392
674
402
171
688
211
589
355
180
972
302
968
237
439
735
481
246
161
764
479
52
343
184
449
320
302
413
879
808
202
57
415
89
106
334
865
822
790
335
734
298
150
602
708
816
408
421
297
229
149
201
553
46
944
7
381
294
499
510
289
888
38
176
465
348
10
575
353
418
924
846
896
167
548
417
243
546
43
394
654
458
184
202
150
494
126
213
762
424
779
121
597
26
585
384
80
45
429
648
840
664
676
406
828
500
410
446
417
888
686
761
951
100
759
539
973
11
925
534
152
45
598
613
247
133
912
460
644
505
362
222
777
338
353
326
675
478
39
611
33
399
73
807
317
393
391
686
830
871
586
426
997
457
983
622
156
83
510
661
257
990
168
46
843
688
355
961
328
784
504
795
746
71
126
179
857
256
440
531
335
171
569
658
819
150
16
820
0
496
576
392
146
754
61
870
252
897
631
837
505
144
460
127
374
472
55
488
269
976
142
904
823
610
119
121
661
925
600
463
20
931
657
822
789
851
603
326
84
190
466
633
226
185
99
289
571
705
455
998
132
208
455
158
471
278
370
539
541
461
879
225
612
918
11
413
104
697
264
895
614
581
194
680
452
213
628
200
23
869
221
699
754
551
468
834
984
46
326
775
824
580
602
114
110
713
826
172
52
241
14
798
996
339
483
978
617
734
293
923
147
867
673
258
653
501
193
751
602
717
511
794
357
278
760
387
672
155
333
347
837
668
923
210
892
29
725
177
384
20
432
18
775
726
753
69
188
568
614
271
188
916
410
668
625
799
998
86
990
846
29
25
719
268
573
420
260
549
610
389
700
450
122
207
786
752
841
214
7
16
70
509
464
835
988
874
528
667
326
59
738
942
955
737
520
209
58
310
293
791
123
248
910
896
273
996
274
581
302
252
29
147
575
621
175
174
201
276
991
481
993
708
423
148
191
191
35
139
239
262
42
317
855
216
309
240
46
405
707
983
561
666
341
308
676
610
256
867
176
807
3
754
388
136
515
521
623
231
896
508
561
419
666
922
737
737
325
611
457
653
835
879
434
34
388
820
769
160
508
310
508
529
796
648
663
388
519
837
62
617
423
232
128
168
687
998
895
148
614
187
710
941
800
666
267
685
554
730
296
135
204
13
524
958
320
285
752
212
822
284
689
742
842
47
17
823
904
563
436
584
128
349
295
831
726
589
624
277
219
569
645
341
929
388
234
973
823
531
45
473
182
669
202
554
875
357
838
46
486
930
373
869
937
415
318
954
434
826
858
303
891
327
296
388
515
982
401
868
169
521
60
639
757
571
231
619
128
116
603
601
858
493
620
885
98
177
214
533
584
427
372
61
305
737
483
388
716
465
872
837
155
500
367
895
239
507
421
110
128
144
534
774
724
222
84
513
910
160
339
677
406
567
166
4
609
36
563
320
562
77
330
107
904
390
486
643
730
739
629
251
303
659
516
364
36
274
890
89
900
790
770
542
33
299
846
844
86
441
156
607
525
461
537
809
536
245
894
172
844
126
154
800
472
737
0
296
866
445
279
834
141
245
515
2
619
517
272
314
53
895
547
495
663
495
707
784
841
709
805
66
511
594
364
671
42
919
40
681
484
193
400
1
561
210
719
24
107
990
68
869
56
980
833
456
274
34
130
282
989
757
615
198
75
334
484
302
469
413
608
384
705
459
685
101
339
162
773
534
228
915
548
67
33
681
474
887
347
921
13
707
775
359
358
331
255
244
151
660
607
141
590
747
899
184
457
449
993
94
630
262
420
366
261
116
611
962
34
218
648
966
51
371
565
786
797
191
143
217
51
470
7
478
339
626
566
850
578
783
260
696
451
412
64
31
113
637
107
966
129
100
541
603
286
210
303
59
237
561
340
985
985
615
579
282
324
946
312
103
822
179
549
656
917
565
587
813
994
549
234
534
120
946
262
776
495
439
246
373
354
187
808
443
418
17
622
512
210
258
75
563
92
995
617
656
122
141
558
371
697
40
433
20
979
795
318
795
157
461
163
189
802
996
444
702
665
230
753
8
266
4
3
14
644
77
950
85
365
448
118
127
542
331
718
244
271
335
886
627
289
479
101
410
505
883
596
840
940
487
150
577
771
51
746
181
288
100
267
448
282
906
965
875
577
955
743
997
127
863
489
393
298
756
464
866
783
733
994
944
725
266
580
759
673
863
164
531
357
407
138
479
692
340
313
824
438
650
976
700
340
963
919
0
532
260
478
86
797
547
455
66
317
641
329
474
492
835
871
585
335
354
11
384
46
389
260
288
464
486
174
102
955
212
475
990
216
793
989
782
817
14
730
317
317
721
825
78
14
602
556
672
905
19
387
150
658
260
636
850
739
3
532
960
631
337
950
942
787
191
124
371
657
615
275
190
345
520
626
491
649
413
689
332
21
451
5
3
114
765
434
736
79
578
182
537
220
262
44
472
606
164
50
892
703
154
678
584
411
94
667
519
217
572
97
264
716
559
688
265
530
351
831
356
323
297
772
189
985
289
966
555
189
409
33
860
286
287
96
126
329
702
223
317
469
862
635
19
966
266
216
345
90
423
441
118
420
884
71
543
285
354
275
257
120
305
259
670
297
596
921
896
727
50
852
942
374
905
353
90
355
808
329
782
900
705
945
737
278
897
669
994
620
579
169
166
148
424
935
245
826
558
758
398
315
320
754
320
176
979
992
208
646
758
781
912
285
93
660
723
75
866
755
652
22
380
93
657
12
16
251
323
552
823
231
926
56
58
175
889
106
657
397
38
821
359
601
990
44
948
366
153
233
362
11
82
456
754
805
220
516
115
502
101
185
821
741
617
65
44
377
484
598
966
838
21
271
42
622
49
355
190
780
539
33
970
889
862
538
848
858
370
684
519
31
322
736
960
646
219
21
724
928
155
191
663
210
699
507
819
861
8
983
117
950
435
508
18
145
530
375
382
707
115
34
129
942
331
922
762
827
365
846
217
966
70
101
110
567
650
144
128
121
435
909
206
199
338
937
681
866
407
440
615
77
104
743
556
413
922
499
178
735
141
490
24
845
387
610
361
328
949
252
675
397
41
68
155
423
882
127
222
34
321
175
53
654
509
68
571
27
244
725
159
530
960
587
325
768
173
954
768
684
583
302
527
8
485
878
774
557
388
603
509
843
76
585
630
645
365
165
126
290
291
810
208
655
713
241
966
95
617
212
519
961
636
278
702
907
161
221
566
67
168
907
918
719
123
243
628
109
267
588
654
536
545
984
708
393
389
753
804
517
44
702
50
348
132
312
135
218
219
268
739
93
344
134
367
441
349
691
839
133
252
82
232
24
875
916
869
95
170
940
157
468
539
367
962
522
113
860
387
235
738
881
19
36
897
711
145
682
92
178
845
132
905
633
879
337
261
36
575
97
310
127
918
30
606
749
633
369
743
66
176
54
524
269
186
700
295
352
338
91
331
253
491
506
626
997
399
413
742
160
138
799
327
481
968
379
304
696
223
862
211
877
328
845
211
832
558
233
787
707
330
926
380
636
455
727
215
800
319
119
744
942
3
719
246
14
154
402
64
223
257
845
130
462
58
260
314
620
385
5
627
347
49
748
961
368
722
323
867
565
195
586
694
381
357
845
428
520
791
457
873
478
746
122
428
763
725
366
824
132
315
833
470
189
518
157
443
345
941
278
725
180
550
665
500
606
76
989
372
687
559
764
137
549
974
226
304
442
706
201
386
424
238
10
271
31
85
720
253
31
254
173
307
706
855
627
90
443
193
582
286
167
131
927
192
670
341
673
321
267
675
530
760
594
669
541
455
10
275
651
447
147
970
691
262
863
417
391
648
185
617
589
968
628
367
978
263
866
795
467
980
378
512
19
162
606
911
594
505
760
440
50
328
512
748
861
666
997
355
977
140
669
674
669
831
944
997
249
638
684
273
641
986
473
203
304
437
656
329
119
226
36
523
288
895
94
66
335
646
285
667
941
782
528
411
758
865
460
127
89
183
273
932
753
38
810
758
121
243
651
959
935
747
600
764
4
102
896
455
58
998
155
860
591
297
521
226
718
59
814
300
137
513
748
95
744
85
953
850
957
797
419
594
446
982
660
260
630
558
130
212
344
3
55
110
284
938
13
179
827
432
583
625
923
230
370
183
914
635
35
567
656
84
980
300
365
276
182
17
157
516
208
593
38
648
459
980
525
5
355
387
145
385
633
458
5
913
813
315
543
700
712
839
539
984
84
754
909
534
711
622
759
335
971
19
907
420
92
330
768
871
704
91
229
735
710
64
17
525
378
157
676
183
329
301
908
776
297
297
431
271
786
724
343
162
565
463
103
236
512
403
426
66
601
579
778
419
271
585
490
467
319
149
592
937
295
613
892
171
386
321
312
471
184
525
28
821
367
995
129
719
719
716
570
975
88
650
548
984
723
867
73
742
298
253
498
629
147
804
786
952
999
243
305
33
692
469
988
419
459
736
179
434
193
569
774
900
331
277
752
873
84
853
440
983
715
714
145
129
242
15
29
40
13
198
187
41
310
419
663
487
269
12
942
878
936
647
672
72
374
612
378
183
445
623
319
226
194
53
174
738
320
732
757
642
553
185
310
808
403
674
713
534
309
630
614
46
459
119
255
313
929
48
827
72
530
0
951
66
576
27
172
696
923
276
152
665
606
202
23
495
751
19
970
415
833
466
256
885
554
742
9
866
942
498
744
220
441
281
229
185
280
681
125
935
922
632
584
510
771
180
329
552
49
861
71
412
440
311
742
371
70
528
913
731
535
170
711
415
35
40
463
106
424
585
990
130
241
565
716
806
234
896
392
33
157
950
615
383
397
216
697
540
658
714
954
260
882
10
644
7
287
691
874
698
710
903
367
350
88
573
135
203
357
577
794
8
68
471
504
147
285
570
416
468
60
509
735
199
674
821
798
284
596
472
580
59
493
132
951
523
88
454
101
803
79
407
863
937
252
72
348
350
698
839
651
443
801
314
255
23
288
985
668
185
238
374
745
46
26
346
338
516
304
527
11
129
47
855
551
216
155
0
691
186
402
382
834
107
136
944
132
992
380
947
883
984
467
539
786
924
703
764
873
332
982
345
883
880
80
665
574
0
828
152
252
11
410
432
254
686
590
233
965
893
54
119
31
3
370
533
962
942
383
154
16
503
969
359
707
28
813
557
116
30
129
304
520
129
365
443
475
554
851
216
969
544
308
916
626
647
787
354
48
700
748
203
675
13
983
570
359
106
46
451
963
330
510
409
41
20
135
620
356
169
372
707
465
227
769
533
611
598
615
307
708
341
993
651
14
853
780
35
146
634
769
990
188
663
451
283
658
746
32
873
42
51
618
638
21
173
33
18
489
430
576
569
231
366
954
53
111
455
978
667
377
76
282
161
422
835
199
941
958
952
200
454
252
527
875
746
17
202
328
153
122
315
206
370
810
258
864
172
144
122
742
271
294
100
321
773
883
170
37
409
163
191
814
131
208
204
647
18
625
386
54
602
69
187
583
565
163
176
526
494
376
254
476
459
34
502
80
838
17
135
614
507
109
117
734
781
516
265
804
403
769
680
425
832
397
916
128
791
655
804
251
238
234
657
988
334
896
463
83
848
270
882
104
415
966
257
397
306
680
489
89
241
5
202
835
578
464
375
356
140
64
131
925
126
321
930
486
153
98
956
532
839
702
25
855
544
480
551
871
383
999
474
331
545
428
195
633
276
505
586
419
280
9
314
487
194
951
678
118
683
314
544
19
22
170
104
355
602
643
982
122
105
206
791
628
528
43
289
789
63
961
82
342
276
462
851
66
627
326
782
584
600
180
78
327
862
816
153
626
20
767
828
592
208
275
738
491
701
684
56
192
681
482
172
904
666
294
732
119
219
971
422
320
338
361
91
620
413
188
915
29
92
127
476
527
680
780
22
695
190
467
26
126
790
605
547
138
270
766
518
538
429
256
865
953
43
204
207
428
285
178
588
771
818
541
400
983
225
140
505
531
164
340
46
442
855
599
190
528
63
309
910
951
930
798
822
332
15
50
950
353
893
666
639
198
806
655
105
331
615
946
145
879
215
893
496
77
179
249
273
836
136
499
660
519
360
855
983
100
298
149
307
638
948
995
310
545
350
931
164
988
543
847
663
410
390
167
708
335
643
803
752
100
115
439
666
569
111
793
10
632
260
452
903
231
551
202
859
918
11
979
31
855
210
594
359
64
998
377
133
953
395
494
581
761
529
584
604
768
283
927
980
240
72
912
546
370
45
137
741
231
559
754
188
911
568
824
806
621
156
653
267
712
228
879
325
799
209
745
369
245
967
100
813
206
484
772
170
428
107
426
498
302
195
892
744
941
445
167
147
384
510
9
541
302
949
276
613
833
823
65
410
707
699
90
245
296
96
815
927
329
921
164
572
976
80
894
678
435
337
948
20
482
965
961
389
184
111
199
195
832
165
622
776
599
545
932
646
168
456
544
685
567
83
578
27
97
217
521
560
548
74
435
325
903
387
139
393
668
9
347
255
155
129
66
339
123
462
266
823
461
26
561
975
66
305
867
491
837
919
922
371
815
386
511
290
834
115
74
379
633
188
877
268
152
783
943
156
417
426
705
161
238
797
601
806
131
16
652
827
70
450
523
227
835
902
577
836
10
889
179
234
188
315
599
340
721
233
292
829
851
326
76
483
242
113
984
97
304
473
585
154
414
144
312
90
47
37
959
742
867
23
616
952
705
215
513
489
185
65
316
680
596
15
353
170
461
534
190
453
708
747
972
224
822
538
571
214
868
316
740
690
323
308
468
881
213
464
605
328
270
415
410
946
36
191
730
363
890
771
977
86
298
82
21
798
570
215
315
184
45
576
156
178
723
543
207
490
143
805
344
365
221
766
695
837
903
282
649
822
837
994
960
511
548
574
32
926
861
676
561
750
255
267
905
230
899
417
395
50
906
757
410
219
976
226
844
320
193
612
178
0
260
441
354
22
918
820
220
223
445
545
718
170
56
878
751
133
72
948
463
103
515
251
623
730
701
378
211
424
271
79
292
947
145
12
226
971
961
321
363
653
176
860
610
488
772
270
610
45
22
632
353
778
409
130
853
642
60
830
425
409
598
952
773
650
264
413
359
711
547
542
651
20
101
126
886
448
317
442
830
794
360
326
60
377
180
381
211
161
931
812
279
763
584
211
962
24
16
79
68
435
165
896
77
873
145
107
537
513
8
21
783
976
226
624
685
569
638
572
48
505
650
509
141
890
534
306
83
163
748
650
418
567
380
548
218
691
887
680
875
267
333
451
750
429
283
161
44
994
306
585
314
740
544
826
368
890
314
778
591
160
455
668
641
813
369
336
893
801
11
847
196
406
585
678
933
635
755
792
332
268
755
512
760
147
672
91
592
511
910
285
4
952
776
854
291
371
845
257
38
12
782
526
636
608
188
408
792
82
65
393
436
89
637
234
774
278
844
106
345
37
827
450
734
628
39
875
365
132
403
794
593
454
359
906
317
465
674
663
19
171
291
662
526
481
231
767
293
125
196
52
673
321
357
90
704
187
139
364
986
373
395
117
491
225
757
906
268
489
280
117
805
909
503
195
181
955
52
215
577
233
426
845
529
913
843
951
975
757
260
937
676
665
222
542
649
662
680
899
262
510
491
289
709
314
846
79
653
482
201
242
178
863
243
713
789
573
438
509
880
204
944
430
947
981
713
359
992
388
865
125
791
572
888
569
525
572
439
229
871
81
97
818
379
123
52
707
344
659
226
633
621
247
330
248
319
587
800
522
845
307
122
380
565
898
731
617
221
57
82
355
398
830
179
189
592
872
325
319
197
688
199
141
990
319
66
504
698
311
626
124
28
504
317
429
681
757
337
459
258
501
2
586
578
899
343
797
430
143
282
448
974
902
969
441
445
940
568
723
264
701
402
766
316
826
50
848
506
653
276
442
113
418
179
448
25
722
134
311
929
580
371
437
993
154
456
674
794
443
975
324
41
229
552
209
949
707
74
289
221
43
288
800
356
538
696
91
764
74
583
774
560
163
602
350
941
819
968
476
175
681
91
80
592
775
673
138
312
568
74
635
992
57
387
472
270
989
32
975
750
943
255
796
66
87
820
555
425
419
702
498
87
691
723
406
974
104
461
681
585
324
793
226
300
837
387
971
279
786
848
348
898
159
717
455
704
776
50
535
531
764
567
243
220
331
763
917
497
531
468
895
575
805
50
461
119
460
984
495
533
762
148
568
101
577
874
196
999
528
586
376
144
18
11
202
798
44
453
449
445
997
304
993
67
639
159
850
961
859
98
641
918
34
147
958
407
319
146
589
201
795
998
453
178
118
736
29
970
144
156
207
345
886
759
875
324
85
227
553
897
329
164
55
955
370
394
962
979
264
815
24
393
474
632
629
200
554
59
608
272
114
912
600
634
194
229
625
183
645
989
445
637
410
501
599
826
464
823
709
360
134
229
199
141
441
109
120
209
831
320
914
557
462
708
433
796
819
126
657
982
65
293
747
884
520
609
134
729
747
899
790
833
541
945
33
63
661
178
310
712
82
559
530
923
436
114
491
777
738
912
912
400
357
628
732
470
911
280
481
300
50
357
960
650
229
814
66
706
58
173
824
288
531
804
555
752
379
516
220
682
40
88
246
71
189
275
498
57
994
555
632
82
951
53
378
509
654
909
797
313
112
222
560
459
203
892
349
982
353
224
405
259
256
10
488
164
53
295
377
903
42
727
583
319
30
969
55
79
418
792
505
5
334
467
995
807
213
632
839
824
154
374
364
830
931
7
287
597
749
568
980
480
812
31
246
71
453
307
666
180
938
187
172
343
785
445
759
502
3
676
26
59
763
413
74
337
848
118
155
598
878
184
345
288
244
643
756
364
996
247
379
1
773
402
723
182
327
578
579
958
361
67
262
861
36
167
450
466
97
649
757
845
631
978
961
301
62
431
732
768
343
367
969
403
30
372
330
979
892
93
474
330
129
779
262
795
714
910
697
979
790
110
758
573
413
44
138
957
385
340
528
236
142
304
526
838
287
720
588
578
89
998
563
607
906
71
25
110
15
248
614
993
196
719
358
287
349
353
449
278
120
356
444
310
928
199
962
33
613
715
547
458
4
521
59
675
947
500
607
235
359
688
186
236
653
451
568
842
480
520
348
430
490
515
509
941
758
805
692
390
196
393
545
988
254
918
694
87
877
252
113
933
312
115
541
118
535
853
517
840
499
835
837
260
826
275
855
337
342
215
358
608
997
702
550
434
414
328
89
184
8
857
798
491
845
908
479
770
816
30
494
643
377
994
682
261
904
589
118
759
22
67
158
94
671
304
846
173
411
471
781
934
403
333
825
293
640
750
825
939
404
651
582
861
684
790
772
748
460
844
227
117
314
565
946
732
637
720
600
387
493
298
214
488
370
756
889
176
453
343
866
128
87
879
743
579
76
499
799
32
232
130
849
198
49
689
583
752
356
239
817
265
696
427
392
581
941
599
68
429
134
836
685
640
405
375
509
838
38
448
527
321
26
455
65
634
926
566
27
34
175
32
165
105
31
71
117
250
212
325
175
582
852
958
25
404
184
176
867
324
123
746
502
93
206
247
960
743
266
209
766
591
759
858
834
989
475
851
376
450
398
686
578
48
571
327
825
337
728
188
903
63
580
777
913
857
856
375
307
96
837
966
404
776
632
235
834
129
675
893
398
50
908
528
281
588
999
572
599
85
660
59
139
144
727
957
580
764
548
978
529
290
471
136
429
138
352
670
698
214
547
345
570
916
953
368
369
652
867
939
555
130
564
467
686
844
485
525
53
219
647
565
776
920
77
218
606
581
262
295
110
904
961
866
199
431
756
476
256
695
19
615
144
912
999
715
804
36
254
754
17
196
664
784
923
535
857
237
940
263
724
286
757
530
975
547
93
196
230
552
67
231
72
522
166
96
57
289
100
213
170
188
787
251
559
120
338
411
980
103
108
543
661
145
35
68
197
229
242
708
433
608
119
62
303
298
242
679
780
208
273
841
344
824
689
931
915
831
323
571
922
304
37
959
682
38
39
279
757
719
606
118
131
415
634
651
852
113
554
144
742
114
561
294
574
420
933
960
648
790
481
960
72
335
659
529
344
790
176
851
263
890
162
673
393
225
570
917
514
804
1
899
440
189
940
41
840
735
402
157
777
722
435
205
492
734
140
914
550
499
539
889
995
457
741
47
765
330
683
889
821
896
832
774
844
779
386
69
300
404
981
9
58
547
692
355
552
241
830
239
963
388
86
965
510
656
419
916
194
421
986
964
634
741
930
45
617
329
705
701
254
566
15
828
182
977
89
644
518
557
160
526
490
152
951
585
220
752
917
561
877
547
86
610
394
542
618
388
653
562
717
322
294
318
298
334
324
245
308
724
160
120
156
875
730
952
74
284
699
308
318
835
147
785
724
11
896
49
231
683
344
357
871
951
61
966
394
676
0
781
953
393
63
676
498
29
973
232
952
589
595
692
794
892
56
86
819
643
983
951
674
240
565
501
483
278
616
650
111
313
316
460
381
206
589
904
762
6
469
734
168
132
342
385
852
52
663
738
722
468
764
883
620
687
474
781
499
769
623
455
429
548
834
224
879
239
438
786
907
252
545
751
941
421
555
924
165
31
1
4
752
942
243
211
124
951
552
156
39
142
921
992
458
268
659
794
208
637
922
115
770
136
719
717
562
689
876
128
701
345
208
990
673
881
849
665
469
669
971
250
92
652
346
491
246
100
969
208
670
65
525
907
893
322
851
304
809
181
761
701
438
729
520
870
73
539
291
288
8
290
554
326
866
958
977
527
669
568
444
340
535
515
907
981
165
364
851
522
456
563
290
757
662
517
45
634
314
59
276
284
360
869
38
149
320
932
658
135
772
923
105
778
883
362
669
291
49
220
469
350
976
71
747
395
975
71
885
431
861
185
572
76
777
173
137
130
91
64
810
568
697
962
793
83
31
204
700
592
599
850
748
612
710
771
307
902
309
356
454
203
228
384
755
233
992
868
629
232
190
957
895
749
92
911
636
150
678
824
465
457
726
339
789
856
984
509
578
928
578
391
459
844
241
43
236
832
15
503
295
155
973
487
481
349
781
880
156
22
189
720
420
468
503
940
407
346
108
501
160
386
823
447
94
211
332
134
428
5
717
97
918
238
879
515
212
594
460
685
400
184
269
426
931
692
78
8
66
250
163
656
735
267
239
872
654
850
800
573
264
152
692
532
336
359
759
854
182
117
169
274
697
207
475
181
822
759
246
113
862
532
125
309
463
727
986
78
38
778
950
129
372
934
807
487
898
908
360
149
112
767
689
947
250
194
850
862
238
171
577
158
111
862
793
145
531
751
861
80
787
366
435
338
998
57
25
949
353
144
269
738
826
522
498
14
143
691
925
102
1
302
102
673
216
982
971
654
450
525
101
187
331
51
596
8
834
915
67
187
572
515
968
183
801
106
423
474
388
436
599
750
39
34
858
804
146
172
738
265
234
536
297
661
970
675
431
293
42
971
841
313
662
122
144
539
102
619
417
726
562
148
109
876
221
442
588
732
970
998
124
232
943
586
622
261
857
104
375
987
112
571
859
117
512
182
46
603
106
594
769
9
664
837
277
917
198
793
34
766
298
862
935
681
953
225
760
439
692
173
594
238
801
960
226
974
429
786
637
47
136
995
701
698
987
121
303
969
964
935
698
175
762
762
971
417
778
315
711
780
46
349
977
994
834
516
543
628
313
984
786
879
429
796
551
675
619
665
992
107
130
351
887
260
619
517
290
98
907
714
788
69
16
916
18
789
837
436
272
219
482
785
825
333
423
132
810
658
85
70
566
592
186
681
147
682
280
19
221
598
933
349
777
115
771
331
401
787
371
939
805
893
339
108
997
603
365
88
123
125
944
133
744
46
389
483
893
970
378
450
728
963
181
818
659
20
546
280
259
377
99
176
643
24
902
563
479
831
35
289
187
323
161
52
731
177
532
832
302
922
171
109
933
622
890
180
471
341
165
324
200
212
96
499
462
497
419
288
28
618
967
439
104
444
42
888
965
449
281
99
772
513
454
344
193
362
186
272
999
283
363
821
740
157
259
182
395
802
445
93
332
163
764
680
577
231
163
477
258
523
503
164
607
944
665
271
646
516
719
224
496
148
87
568
998
150
746
287
103
601
143
185
177
411
305
194
847
975
255
854
253
694
461
904
968
502
497
571
571
994
52
617
103
623
101
374
539
802
243
309
639
224
667
950
426
317
993
493
69
898
610
621
254
767
716
844
511
931
166
36
856
450
797
456
618
601
567
129
544
655
162
159
445
830
660
474
223
771
558
669
245
143
851
541
264
654
631
199
774
816
855
756
894
467
966
813
64
47
296
754
934
647
758
656
227
519
267
508
915
242
522
48
746
418
827
632
57
204
724
16
831
196
814
193
501
508
373
135
715
76
497
59
84
0
419
539
686
373
70
20
115
883
625
521
919
442
14
65
227
377
829
450
41
987
16
710
183
746
678
329
302
952
492
635
81
428
368
62
580
561
716
423
669
921
415
149
205
646
419
238
403
526
114
80
19
393
618
350
566
413
559
139
767
820
842
297
90
509
678
798
155
452
634
667
554
307
622
465
868
496
146
402
914
889
970
536
707
597
469
972
880
463
333
572
376
11
370
850
168
942
158
710
126
564
231
146
297
283
27
653
203
314
363
43
711
369
506
585
634
991
68
749
621
943
848
33
211
693
765
278
217
207
668
606
294
917
208
646
81
891
558
368
197
429
251
629
47
76
120
743
487
319
491
702
394
522
858
919
553
133
589
968
192
925
595
698
270
315
591
401
373
32
703
114
421
971
410
300
92
344
865
952
319
539
121
976
651
253
172
13
460
682
397
320
130
343
717
667
252
879
481
18
172
470
676
652
66
653
36
163
35
274
938
748
694
460
446
800
897
203
8
123
7
541
341
108
16
73
393
168
943
302
628
943
28
292
939
808
554
77
598
61
808
996
101
415
217
794
925
80
296
770
222
274
519
163
561
359
484
333
361
86
306
876
750
738
229
660
648
442
215
239
379
909
78
251
789
190
171
414
731
970
158
397
783
423
575
429
841
338
807
425
813
678
741
463
134
468
374
823
429
871
851
904
592
796
655
742
473
630
405
494
457
909
118
28
556
789
430
482
668
69
935
130
834
420
592
98
545
172
765
254
38
136
921
753
451
658
534
383
335
932
753
965
523
939
989
40
93
185
855
78
387
107
656
294
162
922
997
320
905
158
801
530
781
78
461
692
159
56
983
952
3
935
456
586
119
794
454
398
708
186
853
992
760
881
222
776
734
807
232
619
210
76
219
127
118
888
924
342
630
873
381
286
256
707
993
952
263
822
818
6
27
538
556
749
217
204
681
187
480
139
153
987
705
930
405
607
3
507
254
983
987
772
115
726
732
337
743
589
332
980
515
940
155
498
461
686
562
221
62
46
337
743
959
621
289
155
797
148
416
69
406
704
881
113
275
32
549
123
863
352
279
724
807
52
653
75
978
771
842
578
338
651
65
692
37
53
97
227
6
758
991
164
182
660
347
151
634
366
234
830
404
279
954
259
141
560
69
85
589
524
250
511
106
503
956
515
564
179
810
78
502
934
579
838
734
671
532
168
671
82
557
138
35
817
378
861
250
231
675
887
823
41
992
210
323
311
456
436
843
808
554
624
711
767
279
943
148
459
715
138
486
207
341
192
348
594
165
633
792
294
249
140
87
64
531
918
442
422
883
954
324
17
495
367
671
835
207
863
118
881
516
906
874
875
304
632
687
349
564
885
298
524
154
857
749
826
38
958
385
851
302
614
667
15
712
367
976
449
463
732
675
609
401
368
156
226
673
280
606
243
339
60
44
652
315
526
745
42
970
731
179
337
183
947
114
274
41
993
136
869
160
396
576
339
259
783
197
109
801
797
143
773
448
451
566
487
342
142
479
659
913
197
746
343
195
250
533
629
165
198
146
575
659
242
510
272
734
766
118
286
432
115
525
521
441
299
922
117
532
262
459
941
678
29
22
92
934
559
138
626
790
985
367
484
899
444
732
460
491
645
375
633
992
710
313
756
58
89
252
897
847
617
427
650
447
277
224
231
803
145
807
623
367
885
582
304
186
26
337
684
818
896
175
190
985
865
786
85
247
424
308
370
944
169
870
416
83
587
529
156
254
174
817
876
591
404
440
270
739
672
625
165
76
396
698
72
221
980
957
657
735
797
942
435
660
604
858
449
903
244
286
623
744
984
815
501
317
307
810
625
432
791
256
897
528
498
921
450
874
243
285
720
6
268
332
955
151
927
236
523
487
204
698
34
385
163
110
380
787
284
752
678
252
905
145
398
373
931
872
771
739
539
729
197
604
595
656
172
571
476
294
839
541
110
535
124
448
693
284
215
327
646
465
100
48
425
918
168
838
137
464
888
751
865
176
276
744
2
615
271
601
280
410
957
894
887
382
865
711
295
255
894
248
863
143
153
634
247
643
491
125
912
390
898
318
833
25
228
727
260
886
60
704
221
449
262
353
311
360
774
336
380
349
38
116
54
723
71
789
201
81
485
180
671
682
24
898
834
288
943
517
997
367
409
85
594
182
417
206
940
228
925
27
112
636
170
605
137
665
532
102
56
636
166
241
336
886
468
631
232
905
487
949
184
373
409
72
849
650
263
314
211
644
738
123
968
440
499
651
142
122
237
142
247
531
182
333
702
556
596
234
126
758
14
312
455
685
81
437
969
978
768
632
303
453
939
157
892
133
36
831
692
695
327
564
956
4
943
490
119
614
980
416
931
576
504
391
275
319
884
137
514
495
615
869
752
402
100
970
143
266
457
894
689
966
862
786
609
258
938
988
643
762
737
501
984
854
720
37
218
47
700
756
272
804
494
296
552
205
479
41
68
628
218
952
261
621
47
12
642
401
111
198
79
749
882
220
756
389
448
65
899
982
530
577
838
812
202
113
456
457
750
655
327
178
921
602
242
680
612
600
255
245
828
82
104
894
248
2
856
899
316
684
950
44
570
827
354
699
736
449
755
478
625
132
995
596
100
622
663
241
563
113
310
920
419
746
947
288
491
993
867
557
192
975
725
537
754
521
150
894
753
988
360
664
888
283
767
791
904
60
678
84
979
692
151
316
666
951
931
486
256
462
107
954
147
394
161
117
576
667
88
982
615
310
976
342
428
498
368
551
161
336
481
352
43
147
218
612
151
349
395
42
909
1
0
63
187
154
187
365
152
293
442
561
932
412
672
732
350
827
212
926
306
97
375
478
195
867
419
849
412
542
578
373
948
629
645
149
997
393
293
979
891
742
597
11
424
272
469
20
242
537
555
610
659
985
733
26
56
227
945
741
94
604
952
876
833
836
57
55
47
690
266
562
617
344
303
136
554
948
202
404
128
115
55
565
813
101
250
567
268
868
344
86
681
601
923
991
916
802
558
887
298
909
524
21
323
330
107
423
388
29
736
395
979
561
655
389
40
199
110
91
536
609
897
43
814
734
220
594
511
517
200
332
176
193
572
181
888
863
375
196
937
740
361
943
400
620
606
508
775
620
621
576
563
152
570
491
959
771
716
926
133
909
440
996
30
959
309
909
846
324
426
643
299
536
369
672
703
777
880
13
226
693
288
257
514
622
531
63
493
308
785
704
16
182
929
529
997
329
762
88
79
239
840
102
894
177
407
185
39
702
899
936
244
127
159
907
90
539
526
413
757
832
659
330
129
441
801
115
874
345
561
252
211
901
158
992
366
163
634
747
85
499
516
145
279
66
377
366
250
291
58
96
708
188
131
545
576
128
98
311
505
557
103
147
502
302
759
778
930
490
957
127
302
715
538
943
93
703
757
381
429
919
101
955
357
696
967
319
804
783
328
1
224
409
749
162
818
308
308
897
284
762
695
295
342
804
223
213
651
720
11
14
293
352
781
360
782
621
637
504
989
953
309
25
780
850
426
48
346
830
242
683
2
528
890
951
897
232
480
706
137
938
997
337
391
41
921
398
897
486
42
187
218
207
74
473
272
533
27
290
397
445
383
255
107
586
91
903
104
469
835
274
55
999
825
226
816
331
151
819
229
773
869
562
682
835
938
166
477
742
828
385
308
637
578
606
452
271
215
915
62
421
521
714
461
494
423
111
938
554
575
431
652
760
649
289
606
733
281
317
591
163
335
543
372
305
175
259
166
357
526
974
806
296
151
590
447
224
390
419
986
299
361
12
92
647
88
669
544
128
874
402
443
735
388
999
201
625
713
823
953
435
46
175
321
98
551
812
108
332
748
271
876
441
120
437
613
657
936
555
34
743
690
216
825
581
348
644
312
21
389
739
247
179
320
516
520
467
382
618
437
634
90
488
284
378
24
6
131
496
353
191
177
687
379
353
381
274
298
307
755
146
883
306
238
311
717
224
970
427
562
314
892
300
690
777
305
795
644
182
41
586
302
297
608
915
168
340
28
688
375
69
99
962
7
399
935
727
114
976
518
737
789
922
102
70
162
190
95
777
71
553
753
481
344
85
655
434
164
329
724
186
204
748
809
577
20
358
356
180
736
240
684
572
278
520
735
386
213
809
81
353
989
610
841
399
588
492
148
956
419
323
585
800
765
210
493
257
262
474
840
829
809
104
451
810
257
150
581
431
13
998
270
254
349
469
47
507
233
209
282
647
105
839
160
885
250
541
522
391
591
779
283
768
658
354
480
20
199
701
44
244
875
420
86
701
618
117
67
916
641
377
421
703
555
547
608
241
58
305
661
785
833
601
205
586
278
419
524
106
392
986
344
733
429
606
360
534
256
676
364
404
60
560
538
535
252
350
675
625
173
277
200
682
259
157
851
228
875
628
609
863
375
15
230
174
808
367
81
418
586
767
380
665
764
551
612
284
553
351
263
96
842
991
49
668
549
932
439
622
848
573
717
467
148
726
742
412
584
351
737
100
720
516
288
107
660
814
624
737
751
880
465
972
690
929
763
918
19
891
557
517
471
932
286
896
170
515
941
128
604
147
633
270
289
972
546
358
294
901
129
405
14
179
98
243
473
371
867
211
785
193
595
70
180
333
632
538
304
723
465
884
734
492
178
587
649
443
868
821
198
875
694
65
579
138
230
166
960
534
532
733
692
950
12
179
68
700
745
974
270
619
969
30
911
328
83
378
351
409
964
296
507
536
487
771
999
603
195
896
174
299
12
256
376
597
407
458
274
143
656
493
624
234
90
143
210
374
278
818
671
429
382
261
112
75
450
162
636
712
973
360
211
704
686
852
317
294
404
617
460
913
396
623
965
226
197
252
610
825
969
396
878
695
374
608
219
42
167
570
237
29
641
809
347
535
139
382
109
202
830
213
652
93
418
465
232
68
354
552
346
814
684
672
78
724
617
843
923
120
590
293
908
61
121
653
17
684
533
219
960
235
244
119
447
5
403
59
478
267
134
227
303
891
869
744
429
683
582
935
350
758
869
736
304
794
803
320
714
131
943
606
634
400
906
856
259
593
605
901
400
94
553
343
235
91
51
736
444
481
6
263
501
765
56
491
184
25
330
284
144
18
441
516
806
452
362
410
509
102
319
597
700
442
35
159
142
789
614
343
241
794
520
511
911
893
59
448
425
636
582
460
839
790
993
209
804
752
408
323
200
205
919
95
834
132
313
841
139
462
110
350
865
37
379
904
992
918
630
413
155
421
279
377
244
791
741
874
437
936
840
526
568
902
539
377
920
670
52
453
944
25
457
394
590
618
169
624
907
508
475
30
106
152
963
880
578
321
694
290
188
149
606
633
844
273
450
270
783
192
399
988
207
466
672
64
219
403
585
326
935
649
510
666
132
824
636
326
589
159
15
750
153
837
991
380
86
465
344
876
646
852
861
262
715
603
267
880
72
223
257
100
838
595
37
365
762
15
233
944
841
799
668
579
273
199
645
984
325
528
750
205
640
487
450
63
809
31
809
16
407
730
109
452
792
697
161
990
726
751
838
59
958
415
163
442
726
123
549
530
775
524
478
860
814
101
186
617
593
80
932
246
965
90
403
798
35
651
315
142
336
590
500
34
295
738
492
934
647
553
209
220
850
507
266
486
489
278
531
191
932
593
710
666
155
614
807
544
261
110
151
257
838
924
70
526
125
485
755
593
793
497
7
843
410
317
768
627
98
895
42
824
722
654
131
907
955
239
126
222
231
321
35
490
51
325
239
450
350
484
790
173
351
979
612
267
270
760
334
422
985
855
780
838
166
728
535
206
333
647
595
99
731
406
931
368
157
877
766
67
973
515
270
529
26
769
215
625
402
126
438
111
209
619
742
687
842
870
880
701
837
921
289
629
44
363
779
112
303
562
236
991
360
833
893
758
78
721
911
417
202
732
599
855
47
35
126
485
860
420
660
56
347
772
216
743
11
475
132
923
193
507
833
759
613
366
62
998
326
386
268
316
542
892
167
51
658
150
635
146
491
649
127
699
722
236
504
325
664
934
234
189
10
493
32
74
200
626
764
311
8
588
192
562
662
15
730
453
170
356
80
404
534
397
570
13
907
102
747
441
616
595
181
772
209
472
162
268
302
160
684
303
63
106
747
269
899
154
729
585
797
270
244
409
598
144
943
168
288
339
631
816
982
232
729
451
592
94
328
227
288
955
236
141
778
280
572
710
231
187
494
336
173
828
748
247
656
273
70
34
117
383
149
191
54
796
992
47
682
449
157
413
862
355
921
417
0
919
717
48
813
636
691
61
583
93
646
791
668
305
195
631
428
67
878
269
309
255
971
1
983
161
209
601
600
396
251
926
87
411
276
590
379
707
30
936
277
487
736
494
908
714
797
673
779
820
203
978
472
9
580
94
807
880
61
477
429
684
142
321
